#input	time	ios	pfs	timems	pbo	dbo	ibo	pbu	ndo	
25	17	2651	0	17276	468651	0	4	0	3	
50	58	5758	0	58255	587487	0	14	3	6	
75	127	9486	0	127973	892744	0	40	5	14	
100	175	12792	0	175377	1194739	0	61	5	16	
125	272	16637	0	272365	1328922	0	79	12	23	
150	332	20274	0	332745	1328922	0	111	12	26	
175	411	24191	0	411749	1328922	0	147	13	29	
200	501	28228	0	501703	1328922	0	187	14	34	
225	590	32252	0	590413	1328922	0	226	15	39	
250	692	36508	0	692467	1427255	0	258	20	46	
275	789	40639	0	789172	1527587	0	290	24	49	
300	860	44470	0	860032	1618374	0	328	24	51	
325	952	48626	0	952128	1701629	0	370	25	61	
350	1061	53059	0	1061280	1779337	0	411	28	70	
375	1139	56904	0	1139192	1851730	0	444	29	74	
400	1239	61099	0	1239562	1919216	0	482	31	79	
425	1319	65027	0	1319412	1983173	0	517	32	83	
450	1395	68837	0	1395048	2042814	0	553	32	86	
475	1479	72770	0	1479439	2099294	0	592	32	89	
500	1621	77356	0	1621769	2122436	0	616	44	96	
525	1729	81740	0	1729240	2122436	0	656	48	100	
550	1799	85697	0	1799309	2122436	0	698	48	103	
575	1890	89992	0	1890996	2122436	0	750	48	105	
600	1973	94099	0	1973556	2122436	0	796	48	108	
625	2099	98889	0	2099866	2122436	0	855	50	116	
650	2199	103212	0	2199234	2122436	0	908	50	122	
675	2346	108243	0	2346442	2122436	0	966	54	130	
700	2473	112938	0	2473017	2122436	0	1015	57	138	
725	2581	117442	0	2581540	2122436	0	1068	58	143	
750	2708	122213	0	2708770	2122436	0	1122	61	150	
775	2866	127146	0	2866665	2122436	0	1162	69	157	
800	2960	131420	0	2960924	2122436	0	1210	70	159	
825	3096	136240	0	3096465	2122436	0	1260	74	166	
850	3199	140558	0	3199223	2122436	0	1307	75	170	
875	3286	144717	0	3286062	2122436	0	1356	75	170	
900	3381	148797	0	3381299	2122436	0	1400	75	172	
925	3471	153033	0	3471645	2122436	0	1450	75	174	
950	3570	157269	0	3570031	2122436	0	1501	75	175	
975	3699	161919	0	3699630	2126983	0	1558	76	181	
1000	3848	166757	0	3848655	2153421	0	1613	79	190	
1025	3949	170958	0	3949079	2178826	0	1662	79	193	
1050	4096	175777	0	4096400	2203695	0	1717	82	199	
1075	4198	179972	0	4198928	2228614	0	1761	83	202	
1100	4352	184888	0	4352768	2252727	0	1815	87	208	
1125	4472	189374	0	4472929	2276230	0	1867	88	214	
1150	4581	193701	0	4581850	2299231	0	1914	89	220	
1175	4690	198072	0	4690062	2321806	0	1969	89	223	
1200	4872	203249	0	4872610	2343971	0	2018	96	233	
1225	5029	208196	0	5029904	2365604	0	2066	102	242	
1250	5151	212586	0	5151937	2386917	0	2119	102	248	
1275	5313	217411	0	5313257	2407504	0	2164	108	254	
1300	5416	221501	0	5416055	2427756	0	2205	109	256	
1325	5531	225756	0	5531351	2448001	0	2255	109	260	
1350	5667	230360	0	5667902	2467331	0	2302	112	267	
1375	5798	234775	0	5798556	2486594	0	2355	112	272	
1400	5924	239400	0	5924365	2505602	0	2408	114	277	
1425	6087	244306	0	6087116	2524021	0	2456	119	287	
1450	6210	248654	0	6210320	2542163	0	2509	119	288	
1475	6335	252954	0	6335526	2560093	0	2559	119	291	
1500	6487	257753	0	6487525	2577880	0	2611	122	300	
1525	6617	262078	0	6617475	2595138	0	2663	122	303	
1550	6767	266655	0	6767967	2612259	0	2712	124	309	
1575	6917	271434	0	6917178	2629188	0	2769	126	316	
1600	7044	275672	0	7044142	2645659	0	2817	126	317	
1625	7232	280766	0	7232345	2661794	0	2869	133	323	
1650	7379	285408	0	7379758	2677789	0	2922	135	328	
1675	7514	289719	0	7514443	2693627	0	2973	135	331	
1700	7639	294082	0	7639705	2709005	0	3020	136	336	
1725	7836	299073	0	7836843	2724269	0	3073	140	343	
1750	7970	303608	0	7970517	2739102	0	3127	141	349	
1775	8096	307962	0	8096772	2753817	0	3175	142	353	
1800	8232	312572	0	8232861	2768751	0	3231	143	359	
1825	8359	317020	0	8359574	2783446	0	3283	144	365	
1850	8549	322122	0	8549831	2797407	0	3336	150	372	
1875	8683	326331	0	8683946	2811545	0	3383	150	374	
1900	8812	330723	0	8812651	2825510	0	3437	150	377	
1925	9036	336141	0	9036492	2836338	0	3480	162	386	
1950	9141	340316	0	9141366	2836338	0	3524	163	389	
1975	9254	344812	0	9254269	2836338	0	3582	163	391	
2000	9378	349448	0	9378790	2836338	0	3646	163	393	
2025	9568	354893	0	9568010	2836338	0	3709	169	401	
2050	9691	359557	0	9691498	2836338	0	3771	169	404	
2075	9809	364024	0	9809754	2836338	0	3829	169	405	
2100	9956	368927	0	9956631	2836338	0	3898	169	409	
2125	10148	374351	0	10148925	2836338	0	3957	176	417	
2150	10329	379622	0	10329427	2836338	0	4027	179	423	
2175	10454	384294	0	10454982	2836338	0	4086	180	427	
2200	10576	388830	0	10576183	2836338	0	4145	180	430	
2225	10730	393850	0	10730618	2836338	0	4209	182	437	
2250	10898	399053	0	10898235	2836338	0	4279	184	445	
2275	11048	403943	0	11048263	2836338	0	4338	187	449	
2300	11263	409572	0	11263277	2836338	0	4407	193	458	
2325	11506	415633	0	11506603	2836338	0	4470	204	472	
2350	11669	420563	0	11669738	2836338	0	4530	206	479	
2375	11862	425938	0	11862185	2836338	0	4594	212	488	
2400	12001	430609	0	12001573	2836338	0	4657	212	491	
2425	12132	435123	0	12132605	2836338	0	4716	212	492	
2450	12265	439685	0	12265881	2836338	0	4776	212	494	
2475	12491	445224	0	12491827	2836338	0	4827	223	501	
2500	12619	449662	0	12619812	2836338	0	4878	224	504	
2525	12791	454483	0	12791453	2836338	0	4937	226	507	
2550	12985	459557	0	12985020	2836338	0	5001	229	513	
2575	13191	464690	0	13191855	2836338	0	5068	231	518	
2600	13382	469944	0	13382617	2836338	0	5137	234	525	
2625	13516	474323	0	13516290	2836338	0	5191	234	527	
2650	13663	478909	0	13663128	2836338	0	5252	234	528	
2675	13846	483914	0	13846767	2836338	0	5321	235	536	
2700	13978	488331	0	13978247	2836338	0	5378	235	536	
2725	14160	493170	0	14160076	2836338	0	5445	235	539	
2750	14335	498035	0	14335772	2836338	0	5514	235	544	
2775	14522	503051	0	14522050	2836338	0	5582	236	549	
2800	14716	508107	0	14716161	2836338	0	5642	240	555	
2825	15000	514222	0	15000736	2836338	0	5709	250	566	
2850	15156	518784	0	15156312	2836338	0	5769	250	568	
2875	15315	523467	0	15315721	2836338	0	5833	250	572	
2900	15512	528405	0	15512455	2836338	0	5898	251	577	
2925	15706	533392	0	15706955	2836338	0	5967	252	581	
2950	15924	538648	0	15924987	2836338	0	6039	254	586	
2975	16090	543465	0	16090738	2836338	0	6102	255	590	
3000	16282	548522	0	16282635	2836338	0	6172	256	597	
3025	16461	553357	0	16461237	2836338	0	6235	257	599	
3050	16672	558683	0	16672693	2836338	0	6305	260	606	
3075	16861	563731	0	16861758	2836338	0	6376	261	609	
3100	17022	568358	0	17022145	2836338	0	6438	261	611	
3125	17207	573235	0	17207035	2836338	0	6509	261	613	
3150	17451	578905	0	17451239	2836338	0	6583	266	620	
3175	17631	583763	0	17631069	2836338	0	6647	267	624	
3200	17805	588475	0	17805075	2836338	0	6711	267	626	
3225	18027	593686	0	18027017	2836338	0	6772	271	634	
3250	18230	598873	0	18230614	2836338	0	6846	272	641	
3275	18454	604159	0	18454356	2836338	0	6915	275	645	
3300	18636	609056	0	18636391	2836338	0	6981	276	650	
3325	18832	614083	0	18832253	2836338	0	7050	277	656	
3350	19065	619386	0	19065526	2836338	0	7119	280	662	
3375	19227	624179	0	19227000	2836338	0	7189	280	663	
3400	19398	628844	0	19398804	2836338	0	7252	280	664	
3425	19578	633609	0	19578610	2836338	0	7317	280	667	
3450	19773	638604	0	19773590	2836338	0	7386	281	672	
3475	19989	643959	0	19989628	2836338	0	7451	286	679	
3500	20215	649165	0	20215635	2836338	0	7523	288	684	
3525	20475	654971	0	20475309	2836338	0	7595	295	691	
3550	20678	659795	0	20678076	2836338	0	7656	296	696	
3575	20842	664370	0	20842101	2836338	0	7715	296	697	
3600	21037	669261	0	21037604	2836338	0	7780	297	700	
3625	21250	674546	0	21250063	2836338	0	7849	300	708	
3650	21424	679308	0	21424377	2836338	0	7915	300	710	
3675	21695	685270	0	21695969	2836338	0	7980	310	720	
3700	21901	690450	0	21901989	2836338	0	8053	311	728	
3725	22109	695700	0	22109054	2836338	0	8118	315	736	
3750	22276	700408	0	22276876	2836338	0	8182	315	736	
3775	22429	704982	0	22429528	2836338	0	8243	315	738	
3800	22593	709688	0	22593682	2836338	0	8307	315	740	
3825	22791	714597	0	22791540	2836338	0	8377	315	742	
3850	23008	719729	0	23008971	2841478	0	8444	317	750	
3875	23203	724608	0	23203712	2848337	0	8512	317	754	
3900	23409	729697	0	23409196	2855050	0	8582	318	761	
3925	23617	734667	0	23617158	2861842	0	8649	319	766	
3950	23848	740045	0	23848886	2868457	0	8719	322	774	
3975	24062	745265	0	24062550	2875112	0	8787	325	782	
4000	24351	751413	0	24351359	2881671	0	8860	333	796	
4025	24563	756538	0	24563550	2888187	0	8932	334	800	
4050	24799	762115	0	24799666	2894637	0	8998	340	813	
4075	24978	767004	0	24978426	2901266	0	9058	342	818	
4100	25175	772096	0	25175005	2907781	0	9129	343	823	
4125	25359	776901	0	25359072	2914137	0	9191	344	827	
4150	25547	782015	0	25547074	2920460	0	9259	346	834	
4175	25735	786767	0	25735818	2926660	0	9322	346	837	
4200	25967	792168	0	25967168	2932941	0	9389	350	844	
4225	26129	796970	0	26129796	2939119	0	9454	351	848	
4250	26321	801743	0	26321427	2945319	0	9521	351	850	
4275	26541	806723	0	26541424	2951472	0	9590	351	853	
4300	26730	811547	0	26730094	2957671	0	9657	351	856	
4325	26907	816330	0	26907661	2963726	0	9719	352	859	
4350	27087	821197	0	27087597	2969776	0	9788	352	863	
4375	27293	826228	0	27293784	2975650	0	9856	353	869	
4400	27488	830980	0	27488798	2981691	0	9922	353	870	
4425	27811	837120	0	27811451	2987675	0	9987	363	881	
4450	27933	841366	0	27933999	2993590	0	10038	363	883	
4475	28213	847501	0	28213741	2999536	0	10109	372	896	
4500	28380	852251	0	28380320	3005286	0	10175	372	899	
4525	28528	856735	0	28528514	3011168	0	10233	372	900	
4550	28752	861891	0	28752166	3016983	0	10292	376	907	
4575	28995	867426	0	28995402	3022730	0	10357	382	915	
4600	29169	872204	0	29169260	3028512	0	10423	382	918	
4625	29410	877821	0	29410299	3034299	0	10491	388	929	
4650	29590	882560	0	29590447	3039897	0	10556	388	931	
4675	29735	887005	0	29735034	3045551	0	10611	388	934	
4700	29996	892594	0	29996810	3051178	0	10677	394	940	
4725	30185	897599	0	30185389	3056662	0	10741	396	947	
4750	30339	902080	0	30339964	3062181	0	10797	396	948	
4775	30529	906871	0	30529396	3067584	0	10858	397	951	
4800	30712	911757	0	30712099	3073137	0	10922	398	955	
4825	30906	916679	0	30906467	3078656	0	10987	399	960	
4850	31074	921350	0	31074145	3083921	0	11047	400	963	
4875	31280	926512	0	31280901	3089261	0	11112	403	969	
4900	31531	932052	0	31531960	3094583	0	11183	407	978	
4925	31729	937103	0	31729603	3099908	0	11246	410	984	
4950	31900	941784	0	31900931	3105146	0	11308	410	988	
4975	32080	946394	0	32080892	3110401	0	11367	410	989	
5000	32289	951292	0	32289006	3115741	0	11436	410	994	
5025	32486	956385	0	32486079	3120919	0	11503	412	1000	
5050	32680	961451	0	32680835	3126181	0	11568	414	1009	
5075	32926	967015	0	32926500	3131326	0	11637	419	1018	
5100	33169	972353	0	33169618	3136440	0	11701	424	1023	
5125	33393	977621	0	33393426	3141522	0	11764	428	1032	
