#input	time	ios	pfs	timems	pbo	dbo	ibo	pbu	ndo	
25	34	2842	0	34731	425760	0	3	3	5	
50	60	5649	0	60210	468072	0	12	3	5	
75	134	9223	0	134018	893106	0	34	5	13	
100	208	12642	0	208091	1130322	0	47	10	18	
125	274	16169	0	274420	1130322	0	70	12	22	
150	343	19669	0	343697	1130322	0	90	14	25	
175	408	23166	0	408523	1130322	0	119	14	26	
200	491	26877	0	491146	1193047	0	149	15	32	
225	597	30988	0	597917	1316192	0	183	18	40	
250	664	34476	0	664154	1426537	0	211	18	42	
275	782	38656	0	782327	1526869	0	244	22	51	
300	887	42483	0	887046	1538227	0	259	31	55	
325	973	46349	0	973997	1538227	0	292	33	57	
350	1051	50050	0	1051980	1538227	0	326	33	59	
375	1139	53893	0	1139860	1538227	0	365	33	61	
400	1264	58263	0	1264804	1538227	0	407	37	65	
425	1385	62575	0	1385613	1538227	0	448	40	74	
450	1501	66683	0	1501881	1538227	0	485	43	77	
475	1617	70864	0	1617578	1538227	0	529	44	82	
500	1750	75222	0	1750570	1538227	0	561	51	88	
525	1831	78931	0	1831303	1538227	0	597	51	88	
550	1954	83372	0	1954868	1538227	0	641	54	97	
575	2061	87478	0	2061090	1571987	0	684	55	100	
600	2187	91875	0	2187549	1616894	0	725	59	108	
625	2292	95835	0	2292744	1659691	0	766	59	112	
650	2449	100617	0	2449580	1700934	0	809	65	123	
675	2539	104412	0	2539646	1740605	0	845	65	124	
700	2680	108808	0	2680738	1778796	0	880	71	131	
725	2766	112529	0	2766869	1815332	0	913	71	132	
750	2868	116460	0	2868024	1851113	0	950	72	134	
775	2990	120819	0	2990251	1885493	0	994	75	140	
800	3078	124533	0	3078736	1918750	0	1028	75	142	
825	3184	128557	0	3184465	1951167	0	1071	75	145	
850	3291	132643	0	3291799	1982386	0	1107	77	150	
875	3417	136789	0	3417102	1992251	0	1129	86	155	
900	3507	140683	0	3507037	1992251	0	1169	86	156	
925	3647	145374	0	3647137	1992251	0	1219	90	163	
950	3748	149359	0	3748050	1992251	0	1261	90	165	
975	3888	153927	0	3888794	1992251	0	1312	93	169	
1000	4021	158277	0	4021968	1992251	0	1353	97	173	
1025	4137	162518	0	4137366	1992251	0	1403	97	174	
1050	4284	166958	0	4284147	1992251	0	1450	100	178	
1075	4402	171230	0	4402997	1992251	0	1502	100	182	
1100	4539	175779	0	4539174	1992251	0	1552	103	188	
1125	4656	179962	0	4656708	1992251	0	1601	103	191	
1150	4797	184411	0	4797895	1992251	0	1654	104	195	
1175	5002	189534	0	5002229	1992251	0	1703	112	201	
1200	5165	194313	0	5165036	1992251	0	1757	116	207	
1225	5301	198649	0	5301739	1992251	0	1807	117	212	
1250	5451	203135	0	5451213	1992251	0	1865	117	218	
1275	5607	207709	0	5607962	1992251	0	1917	119	224	
1300	5746	212000	0	5746519	1992251	0	1970	119	227	
1325	5941	216857	0	5941920	1992251	0	2027	122	232	
1350	6096	221381	0	6096173	1992251	0	2080	124	236	
1375	6289	226307	0	6289975	1992251	0	2133	129	244	
1400	6419	230579	0	6419741	1992251	0	2176	131	249	
1425	6663	236063	0	6663049	1992251	0	2223	143	261	
1450	6786	240171	0	6786391	1992251	0	2266	144	265	
1475	6922	244441	0	6922554	1992251	0	2312	145	269	
1500	7047	248602	0	7047911	1992251	0	2360	145	271	
1525	7170	252759	0	7170903	1992251	0	2408	145	273	
1550	7351	257576	0	7351855	1992251	0	2456	150	280	
1575	7501	261983	0	7501996	1992251	0	2507	151	286	
1600	7649	266585	0	7649667	1992251	0	2559	154	290	
1625	7780	270713	0	7780719	1992251	0	2606	154	291	
1650	7922	275092	0	7922535	1992251	0	2657	155	295	
1675	8038	279145	0	8038604	1992251	0	2702	155	297	
1700	8203	283733	0	8203877	1992251	0	2759	156	301	
1725	8386	288485	0	8386545	1995547	0	2809	160	309	
1750	8525	292695	0	8525792	2010380	0	2860	160	310	
1775	8693	297187	0	8693367	2025095	0	2917	160	314	
1800	8884	302006	0	8884808	2040029	0	2967	165	321	
1825	9041	306397	0	9041117	2054724	0	3018	166	325	
1850	9225	311057	0	9225684	2068685	0	3070	169	331	
1875	9420	315797	0	9420732	2082823	0	3115	175	336	
1900	9559	319986	0	9559749	2096788	0	3164	175	338	
1925	9772	325101	0	9772246	2110322	0	3219	180	348	
1950	9866	328864	0	9866934	2123992	0	3256	180	348	
1975	10013	333148	0	10013932	2137501	0	3307	180	350	
2000	10196	337883	0	10196126	2150859	0	3346	188	355	
2025	10314	341803	0	10314365	2163907	0	3387	188	356	
2050	10517	346748	0	10517945	2176526	0	3435	194	365	
2075	10671	351222	0	10671769	2189246	0	3483	196	370	
2100	10847	355992	0	10847600	2201769	0	3532	201	378	
2125	11005	360361	0	11005743	2214236	0	3585	201	381	
2150	11125	364345	0	11125798	2226387	0	3628	201	382	
2175	11272	368656	0	11272050	2238463	0	3680	201	385	
2200	11433	372956	0	11433444	2250497	0	3731	201	388	
2225	11595	377467	0	11595496	2262349	0	3785	202	391	
2250	11754	381946	0	11754545	2273969	0	3837	204	396	
2275	11918	386341	0	11918454	2285385	0	3890	204	400	
2300	12113	391047	0	12113513	2296737	0	3940	208	406	
2325	12282	395634	0	12282796	2308078	0	3994	210	410	
2350	12438	399852	0	12438998	2319349	0	4044	210	411	
2375	12597	404179	0	12597891	2330377	0	4097	210	414	
2400	12795	408871	0	12795667	2341457	0	4151	212	420	
2425	12988	413569	0	12988013	2352435	0	4207	214	426	
2450	13242	418775	0	13242151	2363318	0	4263	221	434	
2475	13454	423674	0	13454757	2364989	0	4288	237	442	
2500	13587	427850	0	13587877	2364989	0	4336	237	443	
2525	13753	432410	0	13753025	2364989	0	4397	237	444	
2550	13893	436807	0	13893463	2364989	0	4453	237	447	
2575	14082	441736	0	14082330	2364989	0	4514	240	451	
2600	14275	446640	0	14275708	2364989	0	4576	242	457	
2625	14429	451194	0	14429741	2364989	0	4637	242	460	
2650	14652	456478	0	14652632	2364989	0	4701	247	468	
2675	14852	461263	0	14852983	2364989	0	4763	248	471	
2700	15087	466505	0	15087556	2364989	0	4819	255	482	
2725	15256	471104	0	15256263	2364989	0	4880	255	485	
2750	15435	475853	0	15435100	2364989	0	4938	257	490	
2775	15588	480358	0	15588604	2364989	0	4997	257	493	
2800	15803	485478	0	15803150	2364989	0	5060	261	500	
2825	15992	490255	0	15992340	2364989	0	5122	262	504	
2850	16278	496056	0	16278317	2364989	0	5182	273	516	
2875	16492	500938	0	16492196	2364989	0	5243	275	521	
2900	16627	505226	0	16627521	2364989	0	5296	275	522	
2925	16770	509587	0	16770148	2364989	0	5350	275	523	
2950	16901	513921	0	16901362	2364989	0	5405	275	524	
2975	17103	518915	0	17103171	2364989	0	5469	278	527	
3000	17340	524132	0	17340690	2364989	0	5531	283	534	
3025	17536	529000	0	17536805	2364989	0	5597	284	538	
3050	17684	533379	0	17684048	2364989	0	5648	285	542	
3075	17892	538321	0	17892739	2364989	0	5711	287	548	
3100	18072	542991	0	18072879	2364989	0	5775	287	551	
3125	18238	547517	0	18238045	2364989	0	5832	288	553	
3150	18479	552834	0	18479088	2364989	0	5900	293	559	
3175	18697	557742	0	18697676	2364989	0	5963	295	564	
3200	18860	562133	0	18860279	2364989	0	6019	295	564	
3225	19077	567135	0	19077632	2364989	0	6084	297	573	
3250	19294	572248	0	19294957	2364989	0	6152	299	578	
3275	19473	576829	0	19473905	2364989	0	6209	300	581	
3300	19673	581651	0	19673427	2364989	0	6278	300	583	
3325	19875	586293	0	19875019	2364989	0	6340	300	586	
3350	20097	591333	0	20097528	2364989	0	6404	303	591	
3375	20285	596011	0	20285597	2364989	0	6469	303	594	
3400	20502	601162	0	20502272	2364989	0	6537	306	600	
3425	20650	605577	0	20650445	2364989	0	6594	306	602	
3450	20957	611320	0	20957382	2364989	0	6657	316	610	
3475	21210	616653	0	21210520	2364989	0	6720	322	616	
3500	21431	621654	0	21431197	2364989	0	6790	323	621	
3525	21593	626094	0	21593901	2364989	0	6847	323	622	
3550	21810	631185	0	21810877	2364989	0	6909	327	628	
3575	22037	636298	0	22037889	2364989	0	6973	330	637	
3600	22244	641156	0	22244902	2364989	0	7038	331	641	
3625	22474	646280	0	22474604	2364989	0	7100	335	649	
3650	22691	651263	0	22691931	2364989	0	7169	336	654	
3675	22905	656225	0	22905527	2364989	0	7231	339	660	
3700	23129	661386	0	23129761	2364989	0	7295	343	668	
3725	23330	666165	0	23330250	2364989	0	7361	343	672	
3750	23559	671145	0	23559278	2364989	0	7423	346	678	
3775	23788	676397	0	23788204	2364989	0	7487	352	683	
3800	23969	681022	0	23969466	2364989	0	7551	352	685	
3825	24204	686145	0	24204335	2364989	0	7620	354	692	
3850	24466	691568	0	24466370	2364989	0	7682	361	700	
3875	24693	696586	0	24693378	2364989	0	7750	363	704	
3900	24878	701218	0	24878057	2364989	0	7808	364	707	
3925	25067	705923	0	25067971	2364989	0	7867	365	710	
3950	25327	711164	0	25327068	2364989	0	7930	370	718	
3975	25533	716033	0	25533417	2364989	0	7997	371	721	
4000	25747	720971	0	25747797	2364989	0	8054	375	727	
4025	25937	725726	0	25937701	2364989	0	8120	375	728	
4050	26148	730610	0	26148164	2364989	0	8181	377	735	
4075	26401	735892	0	26401494	2364989	0	8252	380	741	
4100	26578	740371	0	26578838	2364989	0	8310	380	742	
4125	26777	745130	0	26777213	2364989	0	8376	380	745	
4150	26968	749826	0	26968517	2364989	0	8436	381	749	
4175	27224	755212	0	27224059	2364989	0	8499	387	756	
4200	27420	759914	0	27420754	2364989	0	8553	390	760	
4225	27692	765303	0	27692485	2364989	0	8617	396	767	
4250	27880	769799	0	27880931	2364989	0	8675	396	769	
4275	28062	774465	0	28062932	2364989	0	8738	396	772	
4300	28274	779208	0	28274687	2364989	0	8804	396	777	
4325	28513	784561	0	28513469	2364989	0	8859	404	787	
4350	28746	789699	0	28746893	2364989	0	8925	407	793	
4375	28946	794327	0	28946523	2364989	0	8980	409	796	
4400	29207	799685	0	29207929	2364989	0	9036	417	803	
4425	29391	804316	0	29391270	2364989	0	9079	423	807	
4450	29565	808770	0	29565756	2364989	0	9135	423	807	
4475	29759	813425	0	29759373	2364989	0	9194	424	810	
4500	29938	817935	0	29938381	2364989	0	9253	424	812	
4525	30139	822621	0	30139665	2364989	0	9313	425	816	
4550	30343	827286	0	30343917	2364989	0	9377	425	817	
4575	30531	831845	0	30531566	2364989	0	9435	426	819	
4600	30743	836655	0	30743543	2364989	0	9496	428	821	
4625	31012	841944	0	31012895	2364989	0	9559	434	827	
4650	31265	847126	0	31265322	2364989	0	9623	438	832	
4675	31442	851452	0	31442999	2364989	0	9676	438	832	
4700	31672	856314	0	31672081	2364989	0	9744	438	837	
4725	31908	861325	0	31908244	2364989	0	9806	441	844	
4750	32150	866387	0	32150539	2364989	0	9877	442	850	
4775	32354	871052	0	32354273	2364989	0	9933	444	855	
4800	32573	875910	0	32573818	2364989	0	9998	445	857	
4825	32809	880905	0	32809288	2364989	0	10060	448	862	
4850	33032	885842	0	33032637	2364989	0	10120	451	867	
4875	33212	890288	0	33212293	2364989	0	10177	451	868	
4900	33394	894781	0	33394865	2365278	0	10235	451	871	
4925	33661	899947	0	33661494	2370603	0	10308	452	877	
4950	33942	905429	0	33942370	2375841	0	10366	460	887	
4975	34189	910546	0	34189500	2381096	0	10435	462	894	
5000	34507	916434	0	34507968	2386436	0	10496	474	903	
5025	34662	920756	0	34662265	2391614	0	10550	474	904	
5050	34858	925413	0	34858836	2396877	0	10610	475	908	
5075	35084	930350	0	35084172	2402022	0	10671	478	915	
5100	35275	934880	0	35275885	2407136	0	10730	478	916	
5125	35514	939995	0	35514076	2412218	0	10797	481	922	
