#input	time	ios	pfs	timems	pbo	dbo	ibo	pbu	ndo	
25	35	2775	0	35027	365643	0	2	3	4	
50	64	5540	0	64316	467836	0	10	3	4	
75	153	9052	0	153875	726734	0	23	10	11	
100	196	12109	0	196487	726734	0	39	10	11	
125	286	15687	0	286575	726734	0	63	12	17	
150	353	18981	0	353215	893642	0	86	12	19	
175	487	23085	0	487061	1003722	0	105	23	27	
200	528	26184	0	528569	1003722	0	122	23	27	
225	598	29619	0	598256	1003722	0	145	24	30	
250	687	33146	0	687739	1003722	0	171	25	33	
275	798	36981	0	798786	1003722	0	200	28	38	
300	900	40762	0	900321	1003722	0	228	31	43	
325	1007	44688	0	1007308	1003722	0	259	34	50	
350	1087	48192	0	1087999	1053393	0	288	34	51	
375	1304	53192	0	1304347	1121132	0	318	50	63	
400	1375	56632	0	1375053	1121132	0	332	55	66	
425	1454	60322	0	1454087	1121132	0	363	56	69	
450	1568	64377	0	1568970	1121132	0	395	61	73	
475	1640	67837	0	1640325	1121132	0	422	61	73	
500	1742	71708	0	1742457	1121132	0	457	63	76	
525	1835	75362	0	1835095	1121132	0	490	63	76	
550	1957	79315	0	1957153	1121132	0	529	64	78	
575	2089	83351	0	2089097	1121132	0	571	65	83	
600	2214	87321	0	2214518	1121132	0	614	65	83	
625	2368	91841	0	2368242	1121132	0	653	72	90	
650	2475	95656	0	2475581	1121132	0	688	73	93	
675	2589	99637	0	2589543	1121132	0	728	74	98	
700	2732	103763	0	2732183	1121132	0	771	75	102	
725	2929	108744	0	2929951	1121132	0	813	85	115	
750	3041	112580	0	3041976	1125427	0	848	86	119	
775	3155	116435	0	3155252	1159807	0	887	86	122	
800	3294	120623	0	3294583	1193064	0	923	90	128	
825	3415	124605	0	3415612	1225481	0	959	92	134	
850	3684	130380	0	3684562	1239353	0	985	118	148	
875	3797	134371	0	3797280	1239353	0	1017	122	152	
900	3876	137984	0	3876561	1239353	0	1049	122	153	
925	4022	142346	0	4022086	1239353	0	1087	127	158	
950	4129	146440	0	4129258	1239353	0	1125	130	161	
975	4206	150040	0	4206757	1239353	0	1157	130	161	
1000	4387	154992	0	4387093	1239353	0	1204	139	169	
1025	4480	158749	0	4480475	1239353	0	1241	139	169	
1050	4588	162756	0	4588535	1239353	0	1282	140	173	
1075	4748	167281	0	4748258	1239353	0	1326	145	178	
1100	4834	170907	0	4834748	1239353	0	1359	145	179	
1125	4984	175167	0	4984453	1239353	0	1405	147	181	
1150	5120	179264	0	5120844	1239353	0	1452	147	181	
1175	5235	183203	0	5235698	1239353	0	1490	148	184	
1200	5399	187586	0	5399437	1239353	0	1535	151	189	
1225	5559	191963	0	5559343	1239353	0	1584	153	191	
1250	5692	195980	0	5692349	1239353	0	1629	153	193	
1275	5847	200239	0	5847245	1239353	0	1678	154	197	
1300	6011	204542	0	6011608	1239353	0	1731	154	199	
1325	6181	208978	0	6181813	1239353	0	1777	157	206	
1350	6322	212974	0	6322114	1239353	0	1821	157	206	
1375	6501	217437	0	6501334	1239353	0	1875	158	208	
1400	6666	221848	0	6666881	1239353	0	1923	161	211	
1425	6814	226029	0	6814620	1239353	0	1973	161	214	
1450	7031	230783	0	7031189	1239353	0	2030	164	222	
1475	7202	235137	0	7202456	1239353	0	2077	166	226	
1500	7374	239572	0	7374149	1239353	0	2126	169	229	
1525	7550	243989	0	7550015	1239353	0	2179	170	232	
1550	7731	248443	0	7731904	1239353	0	2228	173	236	
1575	7861	252465	0	7861659	1239353	0	2273	173	237	
1600	8098	257686	0	8098556	1239353	0	2324	183	246	
1625	8309	262499	0	8309263	1239353	0	2370	190	253	
1650	8414	266250	0	8414459	1239353	0	2406	190	254	
1675	8535	270247	0	8535697	1239353	0	2450	190	254	
1700	8676	274296	0	8676971	1254629	0	2490	191	258	
1725	8822	278466	0	8822142	1269893	0	2536	192	261	
1750	8984	282888	0	8984250	1284726	0	2580	196	266	
1775	9115	286966	0	9115567	1299441	0	2623	197	269	
1800	9371	292370	0	9371983	1314375	0	2673	208	280	
1825	9532	296581	0	9532921	1329070	0	2719	209	285	
1850	9644	300392	0	9644487	1343031	0	2757	209	286	
1875	9843	305106	0	9843271	1357169	0	2803	215	292	
1900	9968	309038	0	9968445	1371134	0	2845	215	295	
1925	10098	312988	0	10098139	1384668	0	2888	215	296	
1950	10323	317989	0	10323457	1398338	0	2939	222	304	
1975	10461	322020	0	10461488	1411847	0	2980	223	307	
2000	10588	326036	0	10588363	1425205	0	3025	223	308	
2025	11000	332905	0	11000513	1437748	0	3067	254	325	
2050	11062	336107	0	11062117	1437748	0	3087	254	326	
2075	11199	340199	0	11199955	1437748	0	3129	255	329	
2100	11406	345108	0	11406343	1437748	0	3177	263	337	
2125	11600	349904	0	11600441	1437748	0	3228	269	342	
2150	11719	354026	0	11719923	1437748	0	3276	269	342	
2175	11864	358258	0	11864644	1437748	0	3324	270	344	
2200	11992	362374	0	11992702	1437748	0	3368	271	346	
2225	12181	367095	0	12181417	1437748	0	3424	274	352	
2250	12404	372250	0	12404953	1437748	0	3476	284	358	
2275	12537	376267	0	12537740	1437748	0	3521	284	359	
2300	12684	380542	0	12684438	1437748	0	3573	284	360	
2325	12811	384645	0	12811595	1437748	0	3621	284	363	
2350	12955	388791	0	12955270	1437748	0	3669	284	364	
2375	13094	392902	0	13094141	1437748	0	3716	284	365	
2400	13269	397385	0	13269342	1437748	0	3761	289	368	
2425	13484	402377	0	13484364	1437748	0	3822	293	374	
2450	13662	406794	0	13662278	1437748	0	3871	295	380	
2475	13825	411068	0	13825158	1437748	0	3923	295	382	
2500	14047	416076	0	14047883	1437748	0	3980	301	387	
2525	14346	421792	0	14346779	1437748	0	4032	317	395	
2550	14484	425804	0	14484981	1437748	0	4077	317	395	
2575	14640	429967	0	14640396	1437748	0	4125	317	398	
2600	14805	434278	0	14805825	1437748	0	4179	317	400	
2625	14983	438692	0	14983050	1437748	0	4228	319	405	
2650	15216	443780	0	15216002	1437748	0	4286	325	411	
2675	15388	448096	0	15388859	1437748	0	4336	326	415	
2700	15541	452261	0	15541746	1437748	0	4385	326	416	
2725	15742	456848	0	15742920	1437748	0	4446	326	419	
2750	15895	461068	0	15895084	1437748	0	4496	326	420	
2775	16088	465700	0	16088481	1437748	0	4556	327	424	
2800	16301	470559	0	16301690	1437748	0	4599	336	431	
2825	16541	475791	0	16541115	1437748	0	4654	345	439	
2850	16805	481149	0	16805519	1437748	0	4719	352	448	
2875	17040	486027	0	17040389	1437748	0	4771	358	454	
2900	17195	490200	0	17195556	1437748	0	4817	359	456	
2925	17423	495028	0	17423268	1437748	0	4882	360	462	
2950	17657	499843	0	17657768	1437748	0	4937	364	469	
2975	17853	504357	0	17853780	1437748	0	4993	365	472	
3000	18078	509319	0	18078586	1437748	0	5050	370	479	
3025	18294	514187	0	18294916	1437748	0	5108	374	485	
3050	18532	519195	0	18532052	1437748	0	5160	381	494	
3075	18710	523648	0	18710364	1437748	0	5218	381	495	
3100	18887	527960	0	18887414	1437748	0	5267	382	497	
3125	19096	532737	0	19096398	1437748	0	5325	385	502	
3150	19294	537185	0	19294692	1437748	0	5382	385	503	
3175	19450	541348	0	19450064	1437748	0	5432	385	504	
3200	19742	546970	0	19742008	1437748	0	5495	394	516	
3225	19911	551252	0	19911660	1437748	0	5548	394	517	
3250	20098	555527	0	20098026	1437748	0	5600	394	520	
3275	20319	560185	0	20319444	1437748	0	5661	394	525	
3300	20480	564418	0	20480217	1437748	0	5714	394	526	
3325	20638	568617	0	20638425	1437748	0	5764	394	527	
3350	21014	575123	0	21014734	1437748	0	5825	413	540	
3375	21200	579554	0	21200110	1437748	0	5873	416	543	
3400	21376	584023	0	21376511	1437748	0	5925	418	548	
3425	21586	588846	0	21586513	1437748	0	5979	422	555	
3450	21765	593250	0	21765861	1437748	0	6032	423	558	
3475	22039	598602	0	22039812	1437748	0	6091	432	565	
3500	22301	603704	0	22301156	1437748	0	6146	439	572	
3525	22484	608207	0	22484506	1437748	0	6193	443	578	
3550	22735	613288	0	22735470	1437748	0	6251	449	583	
3575	22896	617583	0	22896951	1437748	0	6300	450	586	
3600	23068	621893	0	23068403	1437748	0	6354	450	590	
3625	23267	626601	0	23267264	1437748	0	6412	452	595	
3650	23467	631374	0	23467709	1437748	0	6461	458	599	
3675	23636	635653	0	23636759	1437748	0	6510	459	604	
3700	23914	640968	0	23914440	1437748	0	6571	466	614	
3725	24097	645347	0	24097333	1437748	0	6625	466	617	
3750	24281	649943	0	24281656	1437748	0	6674	470	622	
3775	24557	655319	0	24557183	1437748	0	6728	480	631	
3800	24754	660116	0	24754253	1437748	0	6779	486	637	
3825	24932	664534	0	24932118	1437748	0	6835	486	639	
3850	25174	669686	0	25174452	1437748	0	6888	494	647	
3875	25379	674391	0	25379625	1437748	0	6943	497	653	
3900	25644	679501	0	25644710	1437748	0	7007	501	661	
3925	25822	683742	0	25822233	1437748	0	7054	502	663	
3950	25966	687844	0	25966624	1437748	0	7101	502	664	
3975	26222	693225	0	26222381	1437748	0	7154	513	670	
4000	26408	697614	0	26408243	1437748	0	7206	514	674	
4025	26574	701805	0	26574622	1437748	0	7255	514	675	
4050	26750	706143	0	26750299	1440616	0	7307	514	676	
4075	26882	710131	0	26882738	1447245	0	7351	514	676	
4100	27083	714761	0	27083550	1453760	0	7397	519	680	
4125	27351	720156	0	27351078	1460116	0	7443	532	691	
4150	27727	726614	0	27727694	1466439	0	7489	557	703	
4175	27853	730453	0	27853783	1472639	0	7528	557	703	
4200	27981	734264	0	27981689	1478920	0	7565	557	704	
4225	28146	738531	0	28146177	1485098	0	7617	557	707	
4250	28276	742535	0	28276948	1491298	0	7656	558	709	
4275	28473	747077	0	28473542	1497451	0	7707	561	713	
4300	28658	751463	0	28658883	1503650	0	7762	561	715	
4325	28914	756677	0	28914589	1509705	0	7815	571	720	
4350	29059	760798	0	29059414	1515755	0	7863	571	721	
4375	29205	764850	0	29205130	1521629	0	7908	571	723	
4400	29343	768770	0	29343544	1527670	0	7947	571	724	
4425	29518	773076	0	29518492	1533654	0	7997	572	726	
4450	29725	777803	0	29725821	1539569	0	8048	577	729	
4475	29880	781881	0	29880531	1545515	0	8094	577	730	
4500	30116	786837	0	30116230	1551265	0	8151	582	735	
4525	30303	791302	0	30303000	1557147	0	8205	583	738	
4550	30538	796271	0	30538284	1562962	0	8262	589	745	
4575	30692	800364	0	30692255	1568709	0	8307	589	746	
4600	30863	804595	0	30863703	1574491	0	8358	589	747	
4625	31045	808963	0	31045559	1580278	0	8409	590	751	
4650	31269	813604	0	31269364	1585876	0	8467	591	755	
4675	31446	817815	0	31446677	1591530	0	8516	591	755	
4700	31631	822164	0	31631348	1597157	0	8569	591	757	
4725	31801	826347	0	31801226	1602641	0	8620	591	757	
4750	31965	830573	0	31965565	1608160	0	8666	592	760	
4775	32208	835674	0	32208834	1613563	0	8722	599	769	
4800	32417	840345	0	32417721	1619116	0	8773	603	776	
4825	32652	845173	0	32652142	1624635	0	8830	606	783	
4850	32895	849959	0	32895128	1629900	0	8892	607	786	
4875	33079	854341	0	33079155	1635240	0	8944	608	790	
4900	33324	859259	0	33324855	1640562	0	9007	611	794	
4925	33625	864900	0	33625326	1645667	0	9052	628	802	
4950	33811	869457	0	33811917	1645667	0	9080	639	809	
4975	33981	873906	0	33981465	1645667	0	9134	640	811	
5000	34098	877826	0	34098358	1645667	0	9176	640	811	
5025	34242	881991	0	34242263	1645667	0	9226	640	811	
5050	34637	888736	0	34637700	1645667	0	9301	658	824	
5075	34797	893042	0	34797315	1645667	0	9354	658	826	
5100	34936	897218	0	34936031	1645667	0	9404	658	827	
5125	35216	902509	0	35216349	1645667	0	9476	661	830	
