#input	time	ios	pfs	timems	pbo	dbo	ibo	pbu	ndo	
25	28	2717	0	28490	234844	0	2	3	3	
50	92	5811	0	92146	234845	0	9	9	6	
75	194	9224	0	194331	234846	0	19	17	11	
100	238	12064	0	238029	234846	0	29	17	11	
125	351	15726	0	351709	234846	0	42	28	16	
150	402	18689	0	402676	234847	0	55	28	16	
175	489	21959	0	489692	234849	0	76	28	18	
200	608	25768	0	608723	234849	0	87	41	24	
225	673	29009	0	673397	234849	0	108	41	24	
250	763	32329	0	763971	234850	0	132	41	25	
275	860	35725	0	860047	234850	0	156	42	27	
300	1003	39816	0	1003023	234850	0	173	56	34	
325	1061	42948	0	1061311	234850	0	191	56	34	
350	1183	46738	0	1183511	234851	0	223	58	39	
375	1287	50260	0	1287581	234852	0	253	58	40	
400	1439	54413	0	1439895	234853	0	286	63	47	
425	1527	57735	0	1527200	234853	0	310	63	47	
450	1649	61352	0	1649341	234854	0	343	63	48	
475	1815	65467	0	1815166	234855	0	381	66	54	
500	2004	70013	0	2004780	234855	0	400	84	64	
525	2060	73127	0	2060211	234855	0	418	84	64	
550	2237	77756	0	2237202	234856	0	456	94	73	
575	2333	81326	0	2333944	234856	0	488	94	73	
600	2422	84810	0	2422768	234856	0	517	94	73	
625	2541	88531	0	2541899	234857	0	551	95	76	
650	2678	92472	0	2678651	234857	0	589	97	79	
675	2793	96193	0	2793125	234858	0	624	97	80	
700	3003	100816	0	3003055	234859	0	672	103	90	
725	3152	104895	0	3152707	234860	0	711	106	94	
750	3249	108365	0	3249955	234861	0	739	106	95	
775	3426	112638	0	3426786	234863	0	779	110	101	
800	3687	117972	0	3687999	234863	0	822	128	110	
825	3715	120789	0	3715217	234863	0	831	128	110	
850	3818	124442	0	3818750	234863	0	865	128	110	
875	3922	128177	0	3922021	234863	0	902	128	110	
900	4017	131797	0	4017700	234863	0	935	128	110	
925	4138	135537	0	4138856	234863	0	971	128	110	
950	4490	141925	0	4490446	234865	0	1025	152	128	
975	4585	145529	0	4585792	234865	0	1058	152	128	
1000	4718	149357	0	4718478	234865	0	1092	154	131	
1025	4890	153761	0	4890130	234865	0	1134	159	135	
1050	5054	157863	0	5054340	234866	0	1179	160	138	
1075	5202	162054	0	5202984	234867	0	1218	164	144	
1100	5385	166562	0	5385812	234868	0	1257	171	151	
1125	5472	170083	0	5472027	234868	0	1287	171	151	
1150	5624	174170	0	5624801	234868	0	1334	171	151	
1175	5893	179679	0	5893658	234869	0	1380	189	162	
1200	6013	183379	0	6013203	234869	0	1416	189	162	
1225	6125	187029	0	6125584	234870	0	1450	189	163	
1250	6468	193361	0	6468442	234872	0	1507	214	181	
1275	6655	197761	0	6655134	234872	0	1551	218	186	
1300	6726	201113	0	6726386	234872	0	1576	218	186	
1325	6997	206564	0	6997303	234872	0	1616	239	196	
1350	7024	209381	0	7024035	234872	0	1625	239	196	
1375	7131	213153	0	7131861	234872	0	1662	239	196	
1400	7284	217272	0	7284851	234872	0	1706	240	198	
1425	7375	220807	0	7375700	234872	0	1737	240	198	
1450	7502	224790	0	7502828	234872	0	1781	240	198	
1475	7698	229381	0	7698833	234872	0	1830	245	202	
1500	7832	233250	0	7832600	234872	0	1871	245	202	
1525	8034	237755	0	8034525	234875	0	1922	248	208	
1550	8132	241377	0	8132105	234875	0	1956	248	208	
1575	8337	245973	0	8337829	234875	0	2014	249	210	
1600	8640	251388	0	8640993	234878	0	2063	266	220	
1625	8762	255153	0	8762256	234878	0	2100	266	220	
1650	8983	259757	0	8983432	234878	0	2146	272	228	
1675	9139	263846	0	9139367	234878	0	2188	274	231	
1700	9346	268272	0	9346808	234878	0	2245	274	231	
1725	9481	272092	0	9481013	234879	0	2283	274	232	
1750	9644	276206	0	9644280	234880	0	2329	275	235	
1775	9771	279858	0	9771137	234881	0	2363	275	236	
1800	10037	285001	0	10037604	234883	0	2420	284	243	
1825	10369	290673	0	10369947	234884	0	2467	302	256	
1850	10479	294311	0	10479226	234884	0	2501	302	256	
1875	10655	298743	0	10655550	234884	0	2535	311	263	
1900	10877	303232	0	10877124	234885	0	2594	311	263	
1925	11007	307050	0	11007345	234886	0	2633	311	264	
1950	11146	310846	0	11146196	234886	0	2671	311	264	
1975	11278	314638	0	11278254	234886	0	2710	311	264	
2000	11493	319267	0	11493654	234886	0	2754	317	272	
2025	11673	323482	0	11673700	234887	0	2804	317	273	
2050	11798	327274	0	11798625	234887	0	2842	317	273	
2075	12017	332221	0	12017727	234887	0	2865	339	284	
2100	12106	335672	0	12106881	234887	0	2893	339	284	
2125	12485	342183	0	12485128	234889	0	2946	364	301	
2150	12616	346056	0	12616708	234890	0	2987	364	302	
2175	12789	350372	0	12789875	234890	0	3039	365	304	
2200	12970	354856	0	12970719	234891	0	3076	376	309	
2225	13144	359173	0	13144557	234891	0	3130	376	309	
2250	13406	364868	0	13406603	234892	0	3172	399	319	
2275	13596	369406	0	13596951	234892	0	3222	403	324	
2300	13706	373137	0	13706148	234892	0	3258	403	324	
2325	13867	377476	0	13867656	234892	0	3305	405	327	
2350	14011	381482	0	14011545	234892	0	3350	405	327	
2375	14188	385923	0	14188877	234893	0	3400	408	331	
2400	14324	389875	0	14324337	234893	0	3441	409	333	
2425	14605	395247	0	14605898	234893	0	3495	421	342	
2450	14849	399954	0	14849710	234894	0	3541	428	349	
2475	15000	404083	0	15000587	234895	0	3588	429	352	
2500	15184	408464	0	15184225	234895	0	3635	432	355	
2525	15432	413182	0	15432824	234898	0	3690	436	362	
2550	15584	417204	0	15584977	234898	0	3736	436	362	
2575	15827	422092	0	15827196	234899	0	3788	443	367	
2600	15966	426031	0	15966794	234899	0	3831	443	367	
2625	16161	430401	0	16161573	234899	0	3887	443	367	
2650	16308	434389	0	16308681	234899	0	3931	443	367	
2675	16457	438411	0	16457408	234899	0	3976	443	367	
2700	16622	442579	0	16622861	234899	0	4024	444	369	
2725	16843	447134	0	16843009	234899	0	4083	445	371	
2750	17005	451196	0	17005239	234899	0	4129	445	371	
2775	17156	455184	0	17156526	234899	0	4174	445	371	
2800	17363	459481	0	17363493	234900	0	4226	445	372	
2825	17519	463389	0	17519848	234900	0	4268	445	372	
2850	17726	467842	0	17726912	234900	0	4326	445	372	
2875	17835	471389	0	17835382	234900	0	4356	445	372	
2900	18058	475827	0	18058875	234900	0	4412	446	374	
2925	18307	480512	0	18307812	234900	0	4468	449	377	
2950	18565	485379	0	18565875	234900	0	4522	454	383	
2975	18745	489528	0	18745892	234901	0	4568	455	386	
3000	19018	494414	0	19018982	234902	0	4625	460	393	
3025	19302	499456	0	19302073	234902	0	4683	466	399	
3050	19530	504017	0	19530513	234902	0	4734	469	403	
3075	19811	508888	0	19811891	234903	0	4801	471	407	
3100	20050	513576	0	20050713	234904	0	4847	477	415	
3125	20249	517897	0	20249496	234905	0	4901	477	416	
3150	20492	522801	0	20492613	234908	0	4945	487	426	
3175	20741	527532	0	20741256	234909	0	5006	488	429	
3200	20885	531301	0	20885366	234910	0	5044	488	429	
3225	21095	535557	0	21095078	234911	0	5096	488	430	
3250	21479	541587	0	21479475	234913	0	5156	507	442	
3275	21706	546013	0	21706274	234914	0	5213	507	443	
3300	21931	550590	0	21931280	234914	0	5260	513	447	
3325	22108	554590	0	22108281	234914	0	5305	513	447	
3350	22322	558864	0	22322282	234915	0	5358	513	448	
3375	22557	563510	0	22557617	234916	0	5422	513	449	
3400	22763	567840	0	22763016	234916	0	5470	515	452	
3425	22910	571660	0	22910020	234916	0	5509	515	452	
3450	23146	576747	0	23146275	234916	0	5528	540	464	
3475	23328	581283	0	23328784	234917	0	5574	547	469	
3500	23516	585572	0	23516262	234917	0	5626	547	469	
3525	23750	590302	0	23750564	234918	0	5682	551	475	
3550	23965	594656	0	23965344	234918	0	5729	554	479	
3575	24286	600335	0	24286594	234919	0	5786	567	491	
3600	24486	604868	0	24486793	234920	0	5842	568	494	
3625	24710	609369	0	24710261	234920	0	5902	568	494	
3650	24860	613365	0	24860822	234920	0	5946	568	494	
3675	25049	617728	0	25049734	234920	0	6000	569	496	
3700	25257	622190	0	25257757	234920	0	6058	569	496	
3725	25481	626655	0	25481739	234922	0	6110	571	501	
3750	25793	631978	0	25793833	234924	0	6173	580	508	
3775	25952	636054	0	25952469	234924	0	6221	580	508	
3800	26368	642714	0	26368575	234924	0	6290	603	519	
3825	26541	646780	0	26541824	234924	0	6337	603	519	
3850	26771	651230	0	26771303	234924	0	6394	603	519	
3875	26982	655563	0	26982033	234924	0	6449	603	519	
3900	27349	661301	0	27349691	234925	0	6524	612	525	
3925	27634	666542	0	27634566	234926	0	6574	623	535	
3950	27778	670474	0	27778375	234926	0	6616	623	535	
3975	27963	674743	0	27963528	234927	0	6665	625	540	
4000	28176	679275	0	28176993	234927	0	6725	625	540	
4025	28375	683579	0	28375131	234929	0	6772	627	545	
4050	28745	689608	0	28745363	234931	0	6833	641	563	
4075	28868	693313	0	28868390	234931	0	6869	641	563	
4100	29124	698303	0	29124892	234932	0	6936	644	567	
4125	29322	702643	0	29322710	234932	0	6987	645	569	
4150	29606	707710	0	29606379	234932	0	7050	649	576	
4175	29774	711779	0	29774098	234932	0	7097	649	576	
4200	29973	716116	0	29973038	234932	0	7151	649	576	
4225	30183	720463	0	30183303	234932	0	7204	650	578	
4250	30416	725192	0	30416288	234933	0	7268	651	583	
4275	30603	729330	0	30603435	234933	0	7316	651	583	
4300	30856	733973	0	30856071	234933	0	7380	651	583	
4325	31004	737926	0	31004519	234933	0	7423	651	583	
4350	31197	742223	0	31197194	234935	0	7474	652	587	
4375	31435	746976	0	31435632	234935	0	7536	654	591	
4400	31619	751180	0	31619489	234936	0	7587	654	592	
4425	31959	756901	0	31959596	234936	0	7661	665	597	
4450	32157	761143	0	32157521	234938	0	7706	667	602	
4475	32426	765939	0	32426763	234939	0	7768	669	606	
4500	32639	770198	0	32639988	234939	0	7821	669	606	
4525	32880	774916	0	32880122	234939	0	7886	669	606	
4550	33081	779407	0	33081836	234939	0	7939	673	609	
4575	33471	785649	0	33471150	234942	0	7997	696	622	
4600	33728	790360	0	33728597	234943	0	8055	699	626	
4625	34055	795814	0	34055941	234943	0	8124	706	631	
4650	34272	800162	0	34272509	234944	0	8173	708	634	
4675	34493	804614	0	34493666	234944	0	8231	708	634	
4700	34720	809297	0	34720789	234944	0	8281	713	640	
4725	35025	814703	0	35025474	234946	0	8343	723	647	
4750	35293	819826	0	35293499	234946	0	8392	733	656	
4775	35495	824202	0	35495391	234946	0	8446	734	658	
4800	35775	829312	0	35775184	234946	0	8502	742	665	
4825	35951	833526	0	35951317	234946	0	8552	742	665	
4850	36431	840820	0	36431199	234948	0	8621	772	684	
4875	36581	844711	0	36581626	234948	0	8662	772	684	
4900	36757	848899	0	36757203	234948	0	8711	773	686	
4925	37009	853714	0	37009113	234948	0	8778	773	688	
4950	37217	858088	0	37217786	234949	0	8833	773	689	
4975	37363	861926	0	37363679	234949	0	8873	773	689	
5000	37598	866625	0	37598317	234950	0	8933	775	693	
5025	37838	871430	0	37838616	234950	0	8989	780	697	
5050	38043	875867	0	38043228	234950	0	9048	780	697	
5075	38237	880215	0	38237940	234950	0	9104	780	697	
5100	38391	884139	0	38391373	234950	0	9146	780	697	
5125	38632	888900	0	38632237	234950	0	9207	782	700	
