#input	time	ios	pfs	timems	pbo	dbo	ibo	pbu	ndo	
25	17	2650	0	17576	468651	0	4	0	3	
50	63	5903	0	63657	851389	0	17	3	7	
75	115	9437	0	115862	893109	0	41	4	11	
100	175	13154	0	175133	1195104	0	75	4	15	
125	254	17099	0	254063	1429279	0	105	6	24	
150	318	20769	0	318103	1620932	0	130	7	30	
175	399	24603	0	399301	1714097	0	152	12	37	
200	471	28666	0	471676	1714097	0	189	14	39	
225	550	32802	0	550440	1714097	0	236	14	42	
250	653	37260	0	653271	1714097	0	274	18	48	
275	740	41635	0	740919	1714097	0	318	20	54	
300	816	45644	0	816126	1714097	0	360	20	57	
325	894	49775	0	894761	1714097	0	407	20	60	
350	999	54389	0	999833	1780708	0	456	22	70	
375	1081	58623	0	1081659	1853101	0	505	22	76	
400	1173	63045	0	1173402	1920587	0	556	23	80	
425	1271	67513	0	1271113	1984544	0	602	25	87	
450	1363	71838	0	1363134	2044185	0	649	26	91	
475	1494	76658	0	1494053	2100665	0	692	31	101	
500	1560	80454	0	1560096	2154548	0	727	31	102	
525	1663	84891	0	1663611	2205673	0	765	35	109	
550	1748	89042	0	1748107	2254694	0	806	36	114	
575	1833	93247	0	1833875	2301030	0	849	37	116	
600	1923	97525	0	1923933	2345937	0	893	38	119	
625	2006	101761	0	2006797	2388734	0	937	39	125	
650	2093	105991	0	2093514	2429977	0	985	39	129	
675	2187	110306	0	2187214	2469648	0	1031	40	133	
700	2286	114805	0	2286487	2507839	0	1083	41	136	
725	2369	118875	0	2369601	2544375	0	1126	41	140	
750	2470	123389	0	2470119	2580156	0	1175	43	147	
775	2570	127855	0	2570859	2614536	0	1225	44	154	
800	2691	132572	0	2691903	2647793	0	1275	46	163	
825	2793	136916	0	2793429	2680210	0	1322	47	167	
850	2921	141427	0	2921419	2685772	0	1357	54	173	
875	3042	146265	0	3042500	2685772	0	1407	59	178	
900	3138	150635	0	3138880	2685772	0	1459	59	181	
925	3241	155251	0	3241848	2685772	0	1520	59	185	
950	3371	160257	0	3371697	2685772	0	1583	61	189	
975	3524	165451	0	3524332	2685772	0	1644	66	196	
1000	3670	170582	0	3670638	2685772	0	1702	70	204	
1025	3802	175430	0	3802680	2685772	0	1761	72	206	
1050	3895	179843	0	3895550	2685772	0	1817	72	208	
1075	4013	184608	0	4013278	2685772	0	1883	72	212	
1100	4148	189575	0	4148458	2685772	0	1949	73	218	
1125	4317	194979	0	4317922	2685772	0	2015	77	227	
1150	4452	199589	0	4452078	2685772	0	2060	80	232	
1175	4608	204895	0	4608676	2685772	0	2125	84	239	
1200	4722	209437	0	4722200	2685772	0	2184	84	243	
1225	4833	213940	0	4833396	2685772	0	2241	84	243	
1250	4944	218465	0	4944160	2685772	0	2299	84	246	
1275	5082	223536	0	5082924	2685772	0	2367	86	252	
1300	5224	228417	0	5224181	2685772	0	2424	89	256	
1325	5374	233280	0	5374253	2685772	0	2489	89	264	
1350	5495	238090	0	5495852	2685772	0	2557	89	268	
1375	5625	243006	0	5625256	2685772	0	2623	90	273	
1400	5765	247868	0	5765087	2685772	0	2687	91	277	
1425	5915	252910	0	5915477	2685772	0	2754	92	285	
1450	6060	257822	0	6060091	2685772	0	2823	92	290	
1475	6236	263409	0	6236772	2685772	0	2892	97	301	
1500	6432	269144	0	6432642	2685772	0	2958	103	314	
1525	6571	273899	0	6571351	2685772	0	3023	103	315	
1550	6700	278467	0	6700501	2685772	0	3083	103	317	
1575	6841	283349	0	6841535	2685772	0	3143	105	322	
1600	7002	288435	0	7002117	2685772	0	3213	106	328	
1625	7158	293412	0	7158981	2685772	0	3273	109	334	
1650	7321	298399	0	7321188	2685772	0	3337	110	343	
1675	7471	303327	0	7471885	2694137	0	3402	111	348	
1700	7601	307942	0	7601365	2709515	0	3463	111	351	
1725	7769	313036	0	7769117	2724779	0	3525	114	358	
1750	7927	318025	0	7927018	2739612	0	3592	115	363	
1775	8092	323062	0	8092144	2754327	0	3659	116	369	
1800	8230	327801	0	8230198	2769261	0	3723	116	373	
1825	8368	332483	0	8368255	2783956	0	3781	117	377	
1850	8578	337846	0	8578351	2797917	0	3851	120	383	
1875	8779	343244	0	8779889	2812055	0	3909	127	390	
1900	8929	347988	0	8929247	2826020	0	3959	130	396	
1925	9072	352630	0	9072965	2839554	0	4015	131	401	
1950	9251	357736	0	9251129	2853224	0	4076	134	408	
1975	9395	362490	0	9395144	2866733	0	4134	135	413	
2000	9547	367422	0	9547912	2880091	0	4188	139	417	
2025	9763	373054	0	9763896	2893139	0	4243	148	428	
2050	9889	377470	0	9889753	2905758	0	4291	149	430	
2075	10038	382304	0	10038017	2918478	0	4353	150	435	
2100	10221	387342	0	10221936	2931001	0	4420	151	441	
2125	10427	392862	0	10427000	2943468	0	4482	158	449	
2150	10586	397824	0	10586672	2955619	0	4541	161	452	
2175	10740	402621	0	10740667	2967695	0	4598	163	455	
2200	10893	407435	0	10893002	2979729	0	4656	165	458	
2225	11063	412170	0	11063146	2991581	0	4714	166	464	
2250	11210	416816	0	11210209	3003201	0	4775	166	466	
2275	11360	421515	0	11360687	3014617	0	4838	166	467	
2300	11510	426314	0	11510603	3025969	0	4905	166	469	
2325	11674	431165	0	11674854	3037310	0	4969	167	473	
2350	11833	435928	0	11833044	3048581	0	5032	167	478	
2375	12021	441072	0	12021978	3059609	0	5098	169	486	
2400	12184	445822	0	12184231	3070689	0	5162	169	490	
2425	12377	450893	0	12377632	3081667	0	5230	170	496	
2450	12545	455692	0	12545920	3092550	0	5296	170	498	
2475	12707	460462	0	12707677	3103163	0	5357	171	500	
2500	12901	465497	0	12901737	3113712	0	5423	172	504	
2525	13084	470473	0	13084173	3124183	0	5489	173	511	
2550	13310	475911	0	13310612	3134766	0	5559	176	518	
2575	13457	480632	0	13457286	3145083	0	5623	176	522	
2600	13627	485602	0	13627223	3155186	0	5690	177	526	
2625	13894	491414	0	13894920	3165544	0	5747	186	537	
2650	14044	495976	0	14044694	3175500	0	5805	186	538	
2675	14177	500506	0	14177473	3185444	0	5864	186	540	
2700	14364	505372	0	14364619	3195185	0	5925	187	543	
2725	14572	510620	0	14572992	3204917	0	5988	191	550	
2750	14755	515589	0	14755293	3214622	0	6052	192	556	
2775	14923	520390	0	14923924	3224095	0	6117	192	562	
2800	15107	525621	0	15107209	3233706	0	6180	196	569	
2825	15256	530239	0	15256323	3243092	0	6240	196	573	
2850	15459	535504	0	15459062	3252315	0	6306	199	580	
2875	15621	540151	0	15621144	3261317	0	6367	199	584	
2900	15823	545355	0	15823130	3270444	0	6433	201	593	
2925	15979	550178	0	15979688	3279509	0	6495	202	599	
2950	16160	554914	0	16160266	3288466	0	6557	202	602	
2975	16371	559963	0	16371658	3297168	0	6619	204	606	
3000	16538	564813	0	16538165	3305871	0	6687	204	611	
3025	16735	569820	0	16735163	3314672	0	6747	206	616	
3050	16895	574646	0	16895242	3323582	0	6815	206	619	
3075	17097	579902	0	17097018	3332284	0	6881	208	630	
3100	17256	584645	0	17256259	3340779	0	6946	208	633	
3125	17415	589305	0	17415828	3349269	0	7008	208	636	
3150	17627	594606	0	17627194	3357657	0	7074	212	641	
3175	17853	599934	0	17853933	3366054	0	7143	214	648	
3200	18059	605228	0	18059550	3374184	0	7212	217	655	
3225	18288	610614	0	18288539	3382366	0	7272	221	665	
3250	18455	615544	0	18455042	3390533	0	7338	222	670	
3275	18640	620435	0	18640634	3398602	0	7401	223	675	
3300	18811	625285	0	18811852	3406526	0	7467	223	681	
3325	18996	630120	0	18996176	3414240	0	7527	224	686	
3350	19164	634854	0	19164203	3422136	0	7589	224	692	
3375	19384	640156	0	19384704	3429916	0	7658	226	700	
3400	19590	645308	0	19590718	3437612	0	7723	228	709	
3425	19779	650254	0	19779008	3445280	0	7789	229	714	
3450	19984	655516	0	19984948	3453000	0	7856	232	721	
3475	20161	660457	0	20161299	3460611	0	7921	233	728	
3500	20396	666021	0	20396685	3467992	0	7983	240	735	
3525	20604	671106	0	20604275	3475554	0	8046	242	742	
3550	20833	676409	0	20833111	3483022	0	8115	244	751	
3575	21057	681927	0	21057933	3483229	0	8159	257	758	
3600	21262	687531	0	21262327	3483229	0	8236	261	764	
3625	21482	693180	0	21482195	3483229	0	8301	268	768	
3650	21658	698505	0	21658391	3483229	0	8373	270	775	
3675	21846	703806	0	21846502	3483229	0	8447	271	780	
3700	22048	709351	0	22048524	3483229	0	8527	273	786	
3725	22218	714522	0	22218444	3483229	0	8599	274	790	
3750	22409	719895	0	22409470	3483229	0	8682	274	795	
3775	22651	725836	0	22651576	3483229	0	8761	279	803	
3800	22821	730940	0	22821075	3483229	0	8837	279	808	
3825	23000	736004	0	23000351	3483229	0	8910	279	808	
3850	23180	741301	0	23180458	3483229	0	8993	279	812	
3875	23367	746448	0	23367154	3483229	0	9064	280	816	
3900	23552	751708	0	23552158	3483229	0	9146	280	816	
3925	23725	756943	0	23725004	3483229	0	9227	280	819	
3950	23981	762925	0	23981215	3483229	0	9298	289	826	
3975	24141	767969	0	24141530	3483229	0	9368	290	830	
4000	24367	773610	0	24367725	3483229	0	9447	293	835	
4025	24592	779107	0	24592539	3483229	0	9528	294	839	
4050	24781	784435	0	24781134	3483229	0	9605	295	842	
4075	24942	789387	0	24942336	3483229	0	9677	295	843	
4100	25234	795949	0	25234053	3483229	0	9764	303	854	
4125	25442	801466	0	25442108	3483229	0	9840	305	861	
4150	25647	807111	0	25647172	3483229	0	9924	307	867	
4175	25873	812813	0	25873788	3483229	0	10000	311	875	
4200	26028	817801	0	26028319	3483229	0	10074	311	877	
4225	26232	823321	0	26232820	3483229	0	10154	313	882	
4250	26524	829665	0	26524533	3483229	0	10233	321	891	
4275	26681	834627	0	26681071	3483229	0	10297	323	894	
4300	26853	839767	0	26853253	3483229	0	10374	323	897	
4325	27054	845219	0	27054394	3483229	0	10455	324	902	
4350	27285	850641	0	27285155	3483229	0	10529	326	908	
4375	27529	856533	0	27529717	3483229	0	10614	330	913	
4400	27720	861830	0	27720504	3483229	0	10696	330	915	
4425	27930	867291	0	27930493	3483229	0	10775	332	918	
4450	28120	872308	0	28120351	3483229	0	10847	332	920	
4475	28358	878032	0	28358910	3483229	0	10926	336	924	
4500	28540	883089	0	28540421	3483229	0	11001	336	924	
4525	28757	888485	0	28757833	3483229	0	11081	337	930	
4550	28957	893999	0	28957203	3483229	0	11165	338	934	
4575	29150	899237	0	29150641	3483229	0	11244	338	938	
4600	29426	905055	0	29426267	3483229	0	11329	340	945	
4625	29618	910208	0	29618577	3483229	0	11407	340	948	
4650	29811	915540	0	29811534	3483229	0	11490	340	952	
4675	30012	920750	0	30012135	3483229	0	11569	340	953	
4700	30212	926099	0	30212407	3483229	0	11652	340	957	
4725	30434	931561	0	30434534	3483229	0	11733	341	962	
4750	30629	936871	0	30629847	3483229	0	11816	341	964	
4775	30821	942059	0	30821855	3483229	0	11894	341	964	
4800	31037	947455	0	31037278	3483229	0	11978	341	967	
4825	31231	952806	0	31231957	3483229	0	12062	341	973	
4850	31469	958505	0	31469197	3483229	0	12145	343	981	
4875	31681	963876	0	31681409	3483229	0	12229	343	982	
4900	31961	969966	0	31961107	3483229	0	12309	348	993	
4925	32142	975173	0	32142400	3483229	0	12389	348	996	
4950	32458	981506	0	32458686	3483229	0	12460	357	1007	
4975	32656	986726	0	32656915	3483229	0	12534	358	1010	
5000	32830	991748	0	32830349	3483229	0	12608	358	1014	
5025	32994	996682	0	32994558	3483229	0	12679	358	1015	
5050	33174	1001743	0	33174689	3483229	0	12753	358	1017	
5075	33403	1007297	0	33403380	3483229	0	12837	359	1025	
5100	33604	1012594	0	33604604	3483229	0	12921	359	1026	
5125	33834	1018165	0	33834751	3483229	0	13003	360	1032	
