#input	time	ios	pfs	timems	pbo	dbo	ibo	pbu	ndo	
25	19	2867	0	19420	468651	0	10	0	3	
50	68	7305	0	68927	1195461	0	60	0	13	
75	135	11629	0	135797	1351308	0	95	3	17	
100	220	17108	0	220768	1351308	0	179	3	23	
125	323	22859	0	323213	1429506	0	262	4	30	
150	432	28755	0	432220	1621159	0	348	5	39	
175	526	34210	0	526834	1782292	0	430	5	43	
200	651	40321	0	651372	1921856	0	524	6	52	
225	756	45840	0	756372	2045001	0	607	6	59	
250	885	51973	0	885901	2155346	0	702	7	66	
275	1018	57968	0	1018955	2255678	0	779	9	76	
300	1119	63362	0	1119272	2346465	0	857	9	80	
325	1236	69331	0	1236014	2429720	0	946	10	86	
350	1350	75002	0	1350410	2507428	0	1032	10	94	
375	1465	80758	0	1465494	2579821	0	1122	10	103	
400	1585	86624	0	1585139	2647307	0	1216	10	108	
425	1711	92769	0	1711714	2711264	0	1312	11	113	
450	1834	98570	0	1834280	2770905	0	1402	11	124	
475	1986	104941	0	1986084	2827385	0	1491	13	132	
500	2128	110942	0	2128081	2881268	0	1567	15	140	
525	2243	116449	0	2243509	2932393	0	1646	15	146	
550	2364	122311	0	2364358	2981414	0	1728	16	153	
575	2498	128238	0	2498049	3027750	0	1810	17	163	
600	2608	133795	0	2608870	3072657	0	1892	17	167	
625	2798	140316	0	2798980	3112022	0	1977	22	175	
650	2905	145357	0	2905516	3112022	0	2046	22	180	
675	3109	152243	0	3109321	3112022	0	2174	22	183	
700	3324	159403	0	3324990	3112022	0	2310	22	186	
725	3552	166814	0	3552134	3112022	0	2446	23	194	
750	3808	174517	0	3808495	3112022	0	2583	25	206	
775	4033	181651	0	4033436	3112022	0	2716	25	213	
800	4251	188677	0	4251499	3112022	0	2850	25	216	
825	4502	196374	0	4502301	3112022	0	2992	26	227	
850	4758	203974	0	4758619	3112022	0	3127	28	236	
875	5010	211115	0	5010836	3112022	0	3262	28	241	
900	5259	218349	0	5259999	3112022	0	3399	28	248	
925	5595	226791	0	5595423	3112022	0	3540	32	258	
950	5864	234161	0	5864068	3112022	0	3671	33	266	
975	6134	241508	0	6134896	3112022	0	3801	34	273	
1000	6424	249218	0	6424217	3112022	0	3929	37	281	
1025	6686	256218	0	6686932	3112022	0	4057	37	284	
1050	6970	263698	0	6970817	3112022	0	4191	38	291	
1075	7245	271138	0	7245460	3112022	0	4324	39	302	
1100	7522	278290	0	7522401	3112022	0	4454	39	310	
1125	7789	285366	0	7789238	3112022	0	4585	39	314	
1150	8067	292820	0	8067143	3112022	0	4719	40	322	
1175	8350	300207	0	8350806	3112022	0	4860	40	328	
1200	8622	307494	0	8622136	3112022	0	5000	40	334	
1225	8899	314823	0	8899864	3112022	0	5141	40	336	
1250	9206	322411	0	9206020	3114702	0	5278	41	341	
1275	9475	329486	0	9475608	3135289	0	5391	43	346	
1300	9717	336567	0	9717168	3155541	0	5523	43	352	
1325	9973	343688	0	9973935	3175786	0	5656	43	356	
1350	10249	351007	0	10249045	3195116	0	5794	43	367	
1375	10547	358737	0	10547204	3214379	0	5938	44	378	
1400	10852	366318	0	10852416	3233387	0	6074	45	386	
1425	11135	373554	0	11135283	3251806	0	6212	45	389	
1450	11449	381213	0	11449443	3269948	0	6354	46	394	
1475	11756	388826	0	11756644	3287878	0	6493	47	402	
1500	12034	396074	0	12034166	3305665	0	6630	47	411	
1525	12303	403291	0	12303280	3322923	0	6767	47	417	
1550	12624	410959	0	12624839	3340044	0	6906	48	426	
1575	12921	418283	0	12921523	3356973	0	7047	48	429	
1600	13212	425485	0	13212628	3373444	0	7183	48	436	
1625	13559	433213	0	13559049	3389579	0	7322	49	448	
1650	13855	440563	0	13855346	3405574	0	7462	49	457	
1675	14175	447890	0	14175864	3421412	0	7581	51	466	
1700	14462	455234	0	14462854	3436790	0	7706	53	473	
1725	14763	462564	0	14763562	3452054	0	7846	53	479	
1750	15072	469963	0	15072987	3466887	0	7988	53	487	
1775	15423	477927	0	15423536	3481602	0	8126	55	498	
1800	15752	485719	0	15752515	3496536	0	8261	57	508	
1825	16183	494565	0	16183747	3511231	0	8394	62	525	
1850	16486	501876	0	16486472	3525192	0	8525	63	530	
1875	16781	509048	0	16781134	3539330	0	8650	64	534	
1900	17083	516077	0	17083111	3553295	0	8778	64	538	
1925	17373	523089	0	17373327	3566829	0	8906	64	543	
1950	17718	530650	0	17718650	3580499	0	9033	66	551	
1975	18029	537787	0	18029898	3594008	0	9163	66	560	
2000	18366	545242	0	18366296	3607366	0	9294	67	570	
2025	18661	552338	0	18661813	3620414	0	9427	67	575	
2050	18979	559419	0	18979607	3633033	0	9556	67	581	
2075	19281	566496	0	19281765	3645753	0	9687	67	588	
2100	19625	574129	0	19625763	3658276	0	9817	69	595	
2125	19973	581719	0	19973889	3670743	0	9952	70	604	
2150	20302	588911	0	20302540	3682894	0	10084	70	612	
2175	20635	596355	0	20635529	3694970	0	10218	71	618	
2200	20942	603476	0	20942633	3707004	0	10350	71	623	
2225	21297	610996	0	21297741	3718856	0	10485	72	627	
2250	21623	618138	0	21623382	3730476	0	10616	72	633	
2275	21903	625170	0	21903623	3741892	0	10749	72	637	
2300	22250	632806	0	22250138	3753244	0	10885	73	649	
2325	22578	640196	0	22578321	3764585	0	11027	73	655	
2350	22889	647411	0	22889813	3775856	0	11164	73	660	
2375	23237	654745	0	23237308	3786884	0	11301	73	667	
2400	23560	661893	0	23560517	3797964	0	11435	73	670	
2425	23890	669189	0	23890309	3808942	0	11574	73	674	
2450	24228	676586	0	24228953	3819825	0	11716	73	681	
2475	24634	684381	0	24634619	3830438	0	11840	76	691	
2500	24942	691653	0	24942957	3840987	0	11966	77	703	
2525	25299	699659	0	25299053	3851458	0	12107	79	713	
2550	25689	707551	0	25689135	3862041	0	12237	82	722	
2575	25949	714336	0	25949500	3872358	0	12358	82	729	
2600	26230	721398	0	26230961	3882461	0	12491	82	732	
2625	26558	728692	0	26558575	3892819	0	12628	82	737	
2650	26882	736019	0	26882563	3902775	0	12767	82	743	
2675	27200	743204	0	27200700	3912719	0	12901	82	750	
2700	27525	750867	0	27525881	3922460	0	13043	83	757	
2725	27892	758500	0	27892804	3932192	0	13178	84	765	
2750	28208	765769	0	28208277	3941897	0	13317	84	773	
2775	28546	773018	0	28546438	3951370	0	13452	84	777	
2800	28929	780998	0	28929534	3960981	0	13591	86	785	
2825	29245	788186	0	29245086	3970367	0	13730	86	786	
2850	29599	795440	0	29599003	3979590	0	13865	86	789	
2875	29902	802546	0	29902383	3988592	0	14001	86	792	
2900	30258	809951	0	30258460	3997719	0	14142	86	798	
2925	30625	817396	0	30625401	4006784	0	14283	86	805	
2950	31067	826175	0	31067003	4015741	0	14422	91	819	
2975	31444	833610	0	31444000	4024443	0	14561	91	830	
3000	31781	840708	0	31781046	4033146	0	14690	91	836	
3025	32147	848338	0	32147230	4041947	0	14828	92	844	
3050	32517	856065	0	32517151	4050857	0	14966	93	852	
3075	32858	863571	0	32858989	4059559	0	15101	94	858	
3100	33200	870796	0	33200219	4068054	0	15237	94	860	
3125	33552	878074	0	33552824	4076544	0	15372	94	865	
3150	33885	885648	0	33885940	4084932	0	15511	95	873	
3175	34241	892967	0	34241982	4093329	0	15646	95	880	
3200	34553	900261	0	34553741	4101459	0	15785	95	885	
3225	34866	907497	0	34866586	4109641	0	15924	95	890	
3250	35282	915285	0	35282219	4117808	0	16047	98	901	
3275	35620	922448	0	35620748	4125877	0	16160	100	908	
3300	35891	929041	0	35891959	4133801	0	16274	100	913	
3325	36216	936569	0	36216398	4141515	0	16404	102	922	
3350	36540	944107	0	36540049	4149411	0	16538	103	933	
3375	36894	951478	0	36894023	4157191	0	16677	103	943	
3400	37220	958942	0	37220251	4164887	0	16812	104	951	
3425	37596	966771	0	37596827	4172555	0	16944	106	958	
3450	37904	974017	0	37904605	4180275	0	17082	106	967	
3475	38270	981614	0	38270111	4187886	0	17217	107	975	
3500	38625	989231	0	38625684	4195267	0	17355	108	981	
3525	38945	996491	0	38945296	4202829	0	17492	108	986	
3550	39297	1004310	0	39297774	4210297	0	17625	110	995	
3575	39694	1012413	0	39694801	4217731	0	17766	112	1004	
3600	40013	1019914	0	40013480	4225089	0	17901	113	1013	
3625	40337	1027354	0	40337143	4232390	0	18034	114	1024	
3650	40717	1035200	0	40717974	4239591	0	18166	116	1034	
3675	41089	1042987	0	41089871	4246807	0	18297	118	1044	
3700	41455	1050631	0	41455371	4254007	0	18434	119	1053	
3725	41767	1058001	0	41767677	4261229	0	18564	120	1064	
3750	42113	1065043	0	42113279	4268367	0	18690	120	1068	
3775	42455	1072546	0	42455967	4275332	0	18823	121	1079	
3800	42805	1079797	0	42805116	4282147	0	18957	121	1085	
3825	43101	1086808	0	43101397	4288989	0	19086	121	1092	
3850	43476	1094398	0	43476865	4295732	0	19221	122	1099	
3875	43849	1102289	0	43849223	4302591	0	19355	124	1110	
3900	44188	1109528	0	44188179	4309304	0	19489	124	1118	
3925	44574	1117407	0	44574656	4316096	0	19621	126	1127	
3950	44998	1125793	0	44998594	4322711	0	19751	130	1138	
3975	45359	1133214	0	45359985	4329366	0	19880	131	1144	
4000	45691	1140307	0	45691010	4335925	0	20009	131	1149	
4025	46011	1147536	0	46011615	4342441	0	20133	132	1157	
4050	46358	1154770	0	46358438	4348891	0	20265	132	1164	
4075	46682	1161975	0	46682286	4355520	0	20400	132	1169	
4100	47030	1169587	0	47030586	4362035	0	20532	134	1172	
4125	47383	1176957	0	47383777	4368391	0	20660	135	1178	
4150	47715	1184240	0	47715519	4374714	0	20797	135	1186	
4175	48034	1191276	0	48034372	4380914	0	20928	135	1186	
4200	48366	1198326	0	48366383	4387195	0	21053	135	1195	
4225	48733	1205907	0	48733354	4393373	0	21188	136	1199	
4250	49019	1212993	0	49019212	4399573	0	21320	136	1207	
4275	49408	1220408	0	49408854	4405726	0	21455	136	1213	
4300	49771	1227787	0	49771869	4411925	0	21585	137	1221	
4325	50179	1235903	0	50179179	4417980	0	21717	141	1230	
4350	50500	1242842	0	50500305	4424030	0	21841	141	1234	
4375	50835	1249859	0	50835474	4429904	0	21965	141	1244	
4400	51187	1257402	0	51187329	4435945	0	22099	142	1249	
4425	51531	1264703	0	51531927	4441929	0	22232	142	1262	
4450	51874	1272410	0	51874730	4447844	0	22368	144	1271	
4475	52267	1280108	0	52267992	4453790	0	22499	145	1285	
4500	52584	1287204	0	52584365	4459540	0	22632	145	1290	
4525	52952	1294795	0	52952280	4465422	0	22768	146	1296	
4550	53333	1302121	0	53333866	4471237	0	22904	146	1304	
4575	53663	1309195	0	53663785	4476984	0	23036	146	1309	
4600	54027	1316487	0	54027841	4482766	0	23171	146	1313	
4625	54442	1324138	0	54442169	4488553	0	23303	147	1320	
4650	54772	1331601	0	54772349	4494151	0	23438	148	1327	
4675	55136	1338801	0	55136579	4499805	0	23568	148	1332	
4700	55468	1346131	0	55468521	4505432	0	23707	148	1340	
4725	55849	1353869	0	55849314	4510916	0	23846	149	1347	
4750	56225	1361219	0	56225064	4516435	0	23982	149	1353	
4775	56584	1368524	0	56584222	4521838	0	24118	149	1360	
4800	56928	1375766	0	56928384	4527391	0	24256	149	1366	
4825	57291	1383121	0	57291244	4532910	0	24394	149	1372	
4850	57727	1390940	0	57727784	4538175	0	24522	151	1378	
4875	58010	1397808	0	58010445	4543515	0	24646	151	1380	
4900	58372	1405197	0	58372360	4548837	0	24782	151	1385	
4925	58680	1412262	0	58680623	4554162	0	24913	151	1390	
4950	58988	1419377	0	58988815	4559400	0	25047	151	1392	
4975	59372	1427018	0	59372536	4564655	0	25189	151	1402	
5000	59714	1434571	0	59714597	4569995	0	25324	152	1411	
5025	60073	1442310	0	60073780	4575173	0	25466	153	1418	
5050	60428	1449738	0	60428231	4580435	0	25607	153	1423	
5075	60920	1458586	0	60920162	4585580	0	25739	159	1435	
5100	61234	1465945	0	61234135	4590694	0	25870	160	1439	
5125	61601	1473753	0	61601145	4595776	0	26003	162	1447	
