#input	time	ios	pfs	timems	pbo	dbo	ibo	pbu	ndo	
25	28	3953	0	28637	468651	0	40	0	3	
50	122	13930	0	122715	1195461	0	240	0	12	
75	227	23965	0	227718	1620495	0	440	0	23	
100	338	33970	0	338305	1922490	0	640	0	28	
125	467	44088	0	467290	2156665	0	840	0	40	
150	596	54242	0	596934	2348318	0	1040	0	52	
175	736	64388	0	736662	2509451	0	1240	0	60	
200	949	75133	0	949060	2633505	0	1417	3	65	
225	1212	86290	0	1212322	2633505	0	1655	3	65	
250	1681	101873	0	1681591	2633505	0	2033	3	77	
275	2150	117455	0	2150336	2633505	0	2416	3	81	
300	2653	133423	0	2653281	2633505	0	2806	3	102	
325	3191	149288	0	3191385	2633505	0	3198	3	108	
350	3764	165221	0	3764049	2633505	0	3590	3	118	
375	4294	180491	0	4294192	2633505	0	3919	4	124	
400	4759	196093	0	4759073	2648232	0	4303	4	130	
425	5282	211846	0	5282920	2712189	0	4649	5	132	
450	5774	227294	0	5774443	2771830	0	5024	5	133	
475	6294	243206	0	6294811	2828310	0	5416	5	136	
500	6822	259295	0	6822832	2882193	0	5809	5	165	
525	7381	275236	0	7381698	2933318	0	6201	5	168	
550	7949	291206	0	7949289	2982339	0	6594	5	170	
575	8496	307292	0	8496399	3028675	0	6986	5	194	
600	9076	323458	0	9076065	3073582	0	7383	5	208	
625	9679	339540	0	9679592	3116379	0	7779	5	210	
650	10340	356542	0	10340335	3157622	0	8168	6	226	
675	10835	371292	0	10835920	3197293	0	8516	6	235	
700	11369	387132	0	11369672	3235484	0	8905	6	240	
725	11940	403260	0	11940143	3272020	0	9303	6	242	
750	12565	419711	0	12565167	3307801	0	9672	7	248	
775	13066	434770	0	13066104	3342181	0	9994	8	250	
800	13598	450184	0	13598678	3375438	0	10360	8	262	
825	14177	467051	0	14177964	3407855	0	10749	9	269	
850	14655	481991	0	14655158	3439074	0	11105	9	270	
875	15172	497455	0	15172079	3469320	0	11480	9	270	
900	15696	513130	0	15696749	3498843	0	11867	9	271	
925	16293	529241	0	16293659	3527312	0	12260	9	278	
950	16833	545247	0	16833168	3555298	0	12654	9	288	
975	17436	561571	0	17436803	3582613	0	13047	9	319	
1000	17974	577614	0	17974421	3609051	0	13441	9	332	
