#input	time	ios	pfs
0	0	0	0	
10	33	242793	566503	
20	129	250106	3010746	
30	175	253958	4172083	
40	284	261895	6955998	
50	375	268506	9406999	
60	520	279128	12962664	
70	604	286321	15256944	
80	747	297418	19256885	
90	888	306718	23172217	
100	1030	317274	26758960	
110	1158	327903	30286878	
120	1300	338147	34058328	
130	1413	346352	37138945	
140	1526	353857	40192290	
150	1723	366362	45516989	
160	1934	380332	51014214	
170	2130	393805	56074630	
180	2225	400710	58439022	
190	2365	410337	62118652	
200	2512	420461	66060804	
210	2705	434004	71206555	
220	2878	445448	75985122	
230	3023	454661	79880126	
240	3280	472130	86240858	
250	3419	482036	89886333	
260	3588	492615	94174101	
270	3845	510125	100421850	
280	3922	516591	102403070	
290	4107	529758	107172833	
300	4273	541753	111388793	
310	4591	563963	119601527	
320	4775	576862	124385468	
330	4945	588463	128765503	
340	5181	604519	134677869	
350	5372	618434	140037247	
360	5553	631444	145058979	
370	5719	643086	149578689	
380	5874	653877	153641386	
390	6131	671482	160707114	
400	6309	683659	165582936	
410	6510	696338	170952284	
420	6780	712547	178187575	
430	6998	725752	184252684	
440	7270	742044	191446964	
450	7578	761182	199348525	
460	7849	780365	205940632	
470	8036	795146	210781207	
480	8283	812182	216937388	
490	8537	830211	223216638	
500	8817	850655	230288210	
