#input	time	ios	pfs
0	0	0	0
10	13	859487	118361	
20	28	860480	118451	
30	97	862465	891315	
40	241	865406	3852952	
50	272	866789	4545284	
60	328	868331	5654823	
70	612	872591	10668272	
80	665	874318	11769168	
90	751	875999	13176953	
100	802	877541	14059322	
110	1407	883238	21818564	
120	1428	884436	22163024	
130	1477	886165	23243257	
140	1562	888002	24564202	
150	1655	890011	26314213	
160	1868	892841	29800399	
170	2055	895165	32653693	
180	2801	901731	41963966	
190	2822	902928	42351759	
200	2861	904451	43236740	
210	3000	907077	45927806	
220	3069	908891	47520231	
230	3211	911210	49930972	
240	3324	913611	52441152	
250	3475	915946	55106201	
260	3721	919061	59517767	
270	4011	922562	64641637	
280	4239	925150	68332521	
290	4461	927842	72142831	
300	5203	934434	81569847	
310	5240	935957	82384672	
320	5319	938001	83949219	
330	5515	941108	87743951	
340	5657	944021	90815519	
350	5767	946544	93286975	
360	6028	949684	97465910	
370	6371	953530	102771838	
380	6567	956568	106311308	
390	6698	958707	108603576	
400	7113	963751	115981020	
410	7310	966465	119313148	
420	7675	970667	125920464	
430	7850	973077	128691323	
440	7978	975598	131499439	
450	8370	979967	138585192	
460	8636	982679	142231702	
470	8820	985968	146509831	
480	9773	993407	157103177	
490	9833	995291	158388228	
500	9887	997111	159462826	
