#input	time	ios	pfs
0	0	0	0	
10	12	1371519	61299	
20	76	1374193	1152204	
30	171	1377544	3245043	
40	315	1382931	6654920	
50	353	1385170	7616933	
60	405	1387518	8809604	
70	597	1393724	12757505	
80	697	1397850	15159834	
90	757	1400732	16668166	
100	884	1404932	19519159	
110	979	1408401	21840640	
120	1199	1415468	26912843	
130	1241	1417843	27970896	
140	1367	1422746	31002700	
150	1450	1426369	33046488	
160	1540	1430204	35301660	
170	1670	1434498	38280808	
180	1938	1443553	44718477	
190	2051	1447390	47376435	
200	2330	1456614	53885029	
210	2387	1459609	55348792	
220	2553	1466109	59423802	
230	2662	1470306	62047445	
240	2794	1475168	65102967	
250	2851	1477985	66518355	
260	3014	1483510	70464932	
270	3194	1489362	74596514	
280	3292	1493187	77035844	
290	3476	1498759	81209949	
300	3631	1503546	84732811	
310	3870	1511112	90453617	
320	4127	1519607	96110328	
330	4465	1530766	103595088	
340	4555	1534675	105777461	
350	4665	1539031	108342261	
360	4798	1544115	111478002	
370	4951	1549571	115251340	
380	5103	1554953	118708504	
390	5257	1560139	122389467	
400	5415	1565707	126018666	
410	5561	1570752	129422735	
420	6058	1586079	140171992	
430	6329	1593870	146631033	
440	6411	1597468	148886433	
450	6606	1604039	153870319	
460	6922	1614398	161721213	
470	7054	1619010	164976250	
480	7263	1625463	169858446	
490	7436	1630774	174019736	
500	7705	1638842	180660445	
