#input	time	ios	pfs
0	0	0	0	
10	7	1643358	14633	
20	31	1644419	269415	
30	44	1645413	269416	
40	64	1646406	269682	
50	270	1648390	1934465	
60	463	1649587	2868583	
70	2405	1652325	8688105	
80	2460	1653318	8713967	
90	2811	1654516	9610082	
100	3071	1655695	10339260	
110	3227	1656874	10903781	
120	4123	1658230	13204907	
130	13086	1662490	26285329	
140	13098	1663483	26287285	
150	13966	1665024	28435340	
160	14147	1666204	29025618	
170	14376	1667403	29907636	
180	16181	1668878	32944935	
190	17155	1670233	34661310	
200	17362	1671413	35345848	
210	20008	1673367	40584346	
220	30385	1678104	55796676	
230	30396	1679097	55797995	
240	30833	1680295	56690275	
250	31798	1681631	58021296	
260	32259	1683017	59567472	
270	33212	1684493	61727568	
280	34099	1685848	63309089	
290	35947	1687375	66075883	
300	37204	1688850	68321973	
310	44519	1691203	76809209	
320	45592	1692674	78991355	
330	49630	1694379	83979661	
340	51973	1695991	87463488	
350	53103	1697348	89472283	
360	68866	1703550	112716462	
370	68877	1704543	112742018	
380	69284	1705741	113643643	
390	70401	1707078	115165855	
400	70529	1708259	115833173	
410	72513	1710098	119394905	
420	74298	1711880	122865079	
430	76743	1713489	126270409	
440	77310	1714690	127272669	
450	81470	1716823	133059911	
460	81581	1718004	133711750	
470	83704	1719652	137011946	
480	86245	1721400	140723284	
490	86803	1722600	141799701	
500	91924	1724731	148600062	
