#input	time	ios	pfs	
10	51	7530	1349784	
20	152	23176	4420132	
30	277	40876	7538690	
40	348	51848	9349041	
50	499	73043	13579959	
60	587	87282	15898183	
70	693	102742	18746071	
80	846	124050	23054576	
90	1039	154178	28204728	
100	1176	176077	32152941	
110	1298	196085	35779661	
120	1482	223471	41198737	
130	1629	243871	45458202	
140	1826	272305	51374680	
150	1998	298078	56307527	
160	2154	322250	60845851	
170	2311	345609	65406994	
180	2484	370936	70476078	
190	2744	406822	78178587	
200	2939	434041	83833394	
210	3124	459669	89445817	
220	3314	487444	94994681	
230	3475	511309	99321645	
240	3713	547142	105764340	
250	3914	577733	111213682	
260	4075	602824	115725175	
270	4301	635518	121758638	
280	4527	668388	127898753	
290	4714	694695	133092888	
300	4952	728210	139890831	
310	5159	757367	145807602	
320	5356	785894	151423876	
330	5544	812833	156854706	
340	5781	845724	163664379	
350	6011	878779	170186755	
360	6195	906383	175165851	
370	6395	935637	180671166	
380	6587	964407	185907693	
390	6811	995865	192114072	
400	7031	1027186	198121836	
410	7270	1061854	204835501	
420	7451	1088909	209887233	
430	7740	1128944	217811603	
440	7994	1166053	224851379	
450	8219	1197715	231228195	
460	8410	1225244	236661036	
470	8670	1262191	243967152	
480	8888	1292249	250166682	
490	9145	1326678	257332852	
500	9351	1356399	263354625	
