#input	time	ios	pfs	timems	pbo	dbo	ibo	pbu	ndo	ars	
1	44	32	0	44320	0	0	0	0	0	0	
2	44	64	0	44305	0	0	0	0	0	0	
3	44	96	0	44408	0	0	0	0	0	0	
4	44	128	0	44662	0	0	0	0	0	0	
5	45	160	0	45008	0	0	0	0	0	0	
6	45	192	0	45164	0	0	0	0	0	0	
7	45	224	0	45391	0	0	0	0	0	0	
8	45	256	0	45688	0	0	0	0	0	0	
9	45	288	0	45826	0	0	0	0	0	0	
10	46	320	0	46143	0	0	0	0	0	0	
11	46	352	0	46394	0	0	0	0	0	0	
12	46	384	0	46508	0	0	0	0	0	0	
13	46	416	0	46695	0	0	0	0	0	0	
14	47	448	0	47024	0	0	0	0	0	0	
15	47	480	0	47237	0	0	0	0	0	0	
16	47	512	0	47421	0	0	0	0	0	0	
17	47	544	0	47738	0	0	0	0	0	0	
18	47	576	0	47939	0	0	0	0	0	0	
19	47	608	0	47964	0	0	0	0	0	0	
20	48	640	0	48397	0	0	0	0	0	0	
21	48	672	0	48473	0	0	0	0	0	0	
22	48	704	0	48673	0	0	0	0	0	0	
23	49	736	0	49032	0	0	0	0	0	0	
24	49	768	0	49140	0	0	0	0	0	0	
25	49	800	0	49301	0	0	0	0	0	0	
26	49	832	0	49423	0	0	0	0	0	0	
27	49	864	0	49666	0	0	0	0	0	0	
28	49	896	0	49934	0	0	0	0	0	0	
29	50	928	0	50325	0	0	0	0	0	0	
30	50	960	0	50267	0	0	0	0	0	0	
31	50	992	0	50587	0	0	0	0	0	0	
32	50	1024	0	50890	0	0	0	0	0	0	
33	51	1056	0	51233	0	0	0	0	0	0	
34	51	1088	0	51699	0	0	0	0	0	0	
35	51	1120	0	51690	0	0	0	0	0	0	
36	51	1152	0	51917	0	0	0	0	0	0	
37	52	1184	0	52136	0	0	0	0	0	0	
38	52	1216	1	52213	0	0	0	0	0	0	
39	52	1248	0	52281	0	0	0	0	0	0	
40	52	1280	0	52567	0	0	0	0	0	0	
41	52	1312	0	52799	0	0	0	0	0	0	
42	52	1344	0	52876	0	0	0	0	0	0	
43	53	1376	0	53222	0	0	0	0	0	0	
44	53	1408	0	53527	0	0	0	0	0	0	
45	53	1440	0	53651	0	0	0	0	0	0	
46	54	1472	0	54177	0	0	0	0	0	0	
47	54	1504	3	54424	0	0	0	0	0	0	
48	54	1536	12	54971	0	0	0	0	0	0	
49	59	1568	30	59262	0	0	0	0	0	0	
50	58	1600	30	58494	0	0	0	0	0	0	
