#input	time	ios	pfs	timems	pbo	dbo	ibo	pbu	ndo	ars	
25	30	36957	0	30880	0	0	0	0	0	0	
50	43	48639	0	43622	0	0	0	0	0	0	
75	85	100674	0	85440	0	0	0	0	0	0	
100	100	119151	0	100599	0	0	0	0	0	0	
125	112	119205	0	112278	0	0	0	0	0	0	
150	116	123732	0	116200	0	0	0	0	0	0	
175	134	142596	0	134645	0	0	0	0	0	0	
200	135	138111	0	135817	0	0	0	0	0	0	
225	156	153627	0	156434	0	0	0	0	0	0	
250	146	162756	0	146359	0	0	0	0	0	0	
275	133	156216	0	133938	0	0	0	0	0	0	
300	141	161850	0	141087	0	0	0	0	0	0	
325	143	168783	0	143952	0	0	0	0	0	0	
350	154	182394	0	154363	0	0	0	0	0	0	
375	170	196419	0	170540	0	0	0	0	0	0	
400	134	160332	0	134579	0	0	0	0	0	0	
425	140	173199	0	140550	0	0	0	0	0	0	
450	144	178059	0	144521	0	0	0	0	0	0	
475	151	191409	0	151110	0	0	0	0	0	0	
500	140	182493	0	140236	0	0	0	0	0	0	
525	142	184809	0	142665	0	0	0	0	0	0	
550	124	175071	0	124221	0	0	0	0	0	0	
575	127	182142	0	127690	0	0	0	0	0	0	
600	129	188925	0	129311	0	0	0	0	0	0	
625	135	184203	0	135626	0	0	0	0	0	0	
650	118	181968	0	118923	0	0	0	0	0	0	
675	116	185652	0	116906	0	0	0	0	0	0	
700	195	228908	0	195021	0	0	0	0	0	0	
725	210	244161	0	210938	0	0	0	0	0	0	
750	212	243938	0	212517	0	0	0	0	0	0	
775	230	264914	0	230409	1	0	1	0	0	0	
800	232	260019	0	232811	0	0	0	0	0	0	
825	244	272175	0	244381	0	0	0	0	0	0	
850	247	282048	0	247103	0	0	0	0	0	0	
875	248	289998	0	248602	0	0	0	0	0	0	
900	269	311509	0	269607	1	0	1	0	0	0	
925	257	305706	0	257183	0	0	0	0	0	0	
950	258	301710	0	258802	0	0	0	0	0	0	
975	258	310686	0	258470	0	0	0	0	0	0	
1000	235	293430	0	235616	0	0	0	0	0	0	
