#input	time	ios	pfs	timems	pbo	dbo	ibo	pbu	ndo	ars	
25	27	59625	0	27470	0	0	0	0	0	0	
50	59	124461	0	59870	0	0	0	0	0	0	
75	85	172509	0	85642	0	0	0	0	0	0	
100	87	184953	0	87549	0	0	0	0	0	0	
125	124	210906	0	124887	0	0	0	0	0	0	
150	123	214650	0	123797	0	0	0	0	0	0	
175	124	231801	0	124606	0	0	0	0	0	0	
200	122	265797	0	122557	0	0	0	0	0	0	
225	134	288792	0	134729	0	0	0	0	0	0	
250	133	299700	0	133089	0	0	0	0	0	0	
275	141	330054	0	141471	0	0	0	0	0	0	
300	161	371385	0	161714	0	0	0	0	0	0	
325	159	345606	0	159462	0	0	0	0	0	0	
350	158	346152	0	158126	0	0	0	0	0	0	
375	165	393885	0	165876	0	0	0	0	0	0	
400	177	402597	0	177046	0	0	0	0	0	0	
425	175	419811	0	175051	0	0	0	0	0	0	
450	179	423417	0	179806	0	0	0	0	0	0	
475	181	444768	0	181149	0	0	0	0	0	0	
500	186	453471	0	186022	0	0	0	0	0	0	
525	186	447066	0	186222	0	0	0	0	0	0	
550	178	434456	0	178888	0	0	0	0	0	0	
575	177	432246	0	177846	0	0	0	0	0	0	
600	187	442710	0	187285	0	0	0	0	0	0	
625	194	468477	0	194750	0	0	0	0	0	0	
650	192	491427	0	192681	0	0	0	0	0	0	
675	201	495423	0	201584	0	0	0	0	0	0	
700	194	478320	0	194730	0	0	0	0	0	0	
725	188	496599	0	188262	0	0	0	0	0	0	
750	192	517185	0	192828	0	0	0	0	0	0	
775	207	540134	0	207343	0	0	0	0	0	0	
800	207	558867	0	207547	0	0	0	0	0	0	
825	216	575955	0	216377	0	0	0	0	0	0	
850	210	583260	0	210506	0	0	0	0	0	0	
875	214	579464	0	214397	0	0	0	0	0	0	
900	223	595464	0	223351	0	0	0	0	0	0	
925	230	602094	0	230954	0	0	0	0	0	0	
950	227	599301	0	227454	0	0	0	0	0	0	
975	232	603942	0	232411	0	0	0	0	0	0	
1000	225	611505	0	225616	0	0	0	0	0	0	
