#input	time	ios	pfs	timems	pbo	dbo	ibo	pbu	ndo	ars	
25	34	65580	0	34190	0	0	0	0	0	0	
50	43	79197	0	43169	0	0	0	0	0	0	
75	74	128061	0	74132	0	0	0	0	0	0	
100	87	148248	0	87179	0	0	0	0	0	0	
125	85	151458	0	85923	0	0	0	0	0	0	
150	98	161271	0	98632	0	0	0	0	0	0	
175	112	183513	0	112893	1	0	1	0	0	0	
200	104	183636	0	104333	0	0	0	0	0	0	
225	119	196246	0	119215	1	0	1	0	0	0	
250	123	202305	0	123507	0	0	0	0	0	0	
275	134	268710	0	134653	0	0	0	0	0	0	
300	136	260175	0	136782	0	0	0	0	0	0	
325	125	237750	0	125661	0	0	0	0	0	0	
350	134	264006	0	134028	0	0	0	0	0	0	
375	144	285611	0	144846	1	0	1	0	0	0	
400	148	298293	0	148718	0	0	0	0	0	0	
425	148	284121	0	148208	0	0	0	0	0	0	
450	146	294435	0	146926	0	0	0	0	0	0	
475	125	288812	0	125368	0	0	0	0	0	0	
500	114	282330	0	114463	0	0	0	0	0	0	
525	119	286419	0	119647	0	0	0	0	0	0	
550	120	303972	0	120124	0	0	0	0	0	0	
575	118	284958	0	118630	0	0	0	0	0	0	
600	126	304089	0	126615	0	0	0	0	0	0	
625	140	313111	0	140789	1	0	1	1	1	0	
650	126	312999	0	126619	0	0	0	0	0	0	
675	141	331460	0	141849	0	0	0	0	0	0	
700	133	324117	0	133578	0	0	0	0	0	0	
725	140	314862	0	140033	0	0	0	0	0	0	
750	138	322311	0	138111	0	0	0	0	0	0	
775	138	357957	0	138773	0	0	0	0	0	0	
800	137	332792	0	137812	0	0	0	0	0	0	
825	144	354557	0	144763	0	0	0	0	0	0	
850	150	365742	0	150047	0	0	0	0	0	0	
875	151	372717	0	151104	0	0	0	0	0	0	
900	144	368667	0	144775	0	0	0	0	0	0	
925	134	366798	0	134789	0	0	0	0	0	0	
950	134	375588	0	134425	0	0	0	0	0	0	
975	140	381786	0	140577	0	0	0	0	0	0	
1000	152	405522	0	152045	1	0	1	1	1	0	
