#input	time	ios	pfs	timems	pbo	dbo	ibo	pbu	ndo	ars	
25	36	32505	0	36130	0	0	0	0	0	0	
50	37	47901	0	37376	0	0	0	0	0	0	
75	40	51927	0	40887	0	0	0	0	0	0	
100	49	58914	0	49856	0	0	0	0	0	0	
125	140	120186	0	140429	0	0	0	0	0	0	
150	171	137823	0	171078	0	0	0	0	0	0	
175	179	135519	0	179468	0	0	0	0	0	0	
200	201	156321	0	201697	0	0	0	0	0	0	
225	202	155505	0	202885	0	0	0	0	0	0	
250	234	170382	0	234699	0	0	0	0	0	0	
275	241	179901	0	241918	0	0	0	0	0	0	
300	261	182253	0	261148	0	0	0	0	0	0	
325	275	192627	0	275316	0	0	0	0	0	0	
350	239	197151	0	239928	0	0	0	0	0	0	
375	235	217155	0	235610	0	0	0	0	0	0	
400	240	216776	0	240195	0	0	0	0	0	0	
425	251	229734	0	251915	0	0	0	0	0	0	
450	254	223406	0	254266	0	0	0	0	0	0	
475	277	237057	0	277605	0	0	0	0	0	0	
500	276	256113	0	276371	0	0	0	0	0	0	
525	284	263874	0	284548	0	0	0	0	0	0	
550	298	268218	0	298672	0	0	0	0	0	0	
575	304	277464	0	304366	0	0	0	0	0	0	
600	318	278808	0	318484	0	0	0	0	0	0	
625	341	288702	0	341414	0	0	0	0	0	0	
650	343	305280	0	343655	0	0	0	0	0	0	
675	351	303594	0	351515	0	0	0	0	0	0	
700	315	271599	0	315629	0	0	0	0	0	0	
725	321	284169	0	321291	0	0	0	0	0	0	
750	322	280500	0	322790	0	0	0	0	0	0	
775	337	290859	0	337933	0	0	0	0	0	0	
800	298	265059	0	298327	0	0	0	0	0	0	
825	287	264789	0	287937	0	0	0	0	0	0	
850	237	233883	0	237401	0	0	0	0	0	0	
875	230	228141	0	230366	0	0	0	0	0	0	
900	240	234501	0	240379	0	0	0	0	0	0	
925	240	235227	0	240216	0	0	0	0	0	0	
950	246	250986	0	246990	0	0	0	0	0	0	
975	248	258414	0	248089	0	0	0	0	0	0	
1000	255	266094	0	255228	0	0	0	0	0	0	
