#input	time	ios	pfs	timems	pbo	dbo	ibo	pbu	ndo	ars	
25	30	36735	0	30711	0	0	0	0	0	0	
50	56	85689	0	56159	0	0	0	0	0	0	
75	59	97305	0	59865	0	0	0	0	0	0	
100	67	103125	0	67921	0	0	0	0	0	0	
125	80	105640	0	80814	0	0	0	0	0	0	
150	85	128085	0	85215	0	0	0	0	0	0	
175	85	112310	0	85318	0	0	0	0	0	0	
200	89	130470	0	89356	0	0	0	0	0	0	
225	145	181137	0	145793	0	0	0	0	0	0	
250	162	189645	0	162536	0	0	0	0	0	0	
275	183	211797	0	183789	0	0	0	0	0	0	
300	181	224272	0	181488	0	0	1	0	0	0	
325	189	224337	0	189482	1	0	1	0	0	0	
350	150	188010	0	150152	0	0	0	0	0	0	
375	124	197040	0	124103	0	0	0	0	0	0	
400	127	215661	0	127964	0	0	0	0	0	0	
425	126	216588	0	126746	0	0	0	0	0	0	
450	124	212472	0	124464	0	0	0	0	0	0	
475	123	213684	0	123939	0	0	0	0	0	0	
500	130	229332	0	130745	0	0	0	0	0	0	
525	136	229479	0	136064	0	0	0	0	0	0	
550	144	240309	0	144675	0	0	0	0	0	0	
575	145	242604	0	145321	0	0	0	0	0	0	
600	145	241938	0	145013	0	0	0	0	0	0	
625	133	235557	0	133124	0	0	0	0	0	0	
650	135	243435	0	135397	0	0	0	0	0	0	
675	141	255249	0	141063	0	0	0	0	0	0	
700	141	259413	0	141950	0	0	0	0	0	0	
725	144	255285	0	144520	0	0	0	0	0	0	
750	137	246243	0	137916	0	0	0	0	0	0	
775	132	254949	0	132477	0	0	0	0	0	0	
800	125	246441	0	125533	0	0	0	0	0	0	
825	129	262245	0	129838	0	0	0	0	0	0	
850	126	251107	0	126328	0	0	0	0	0	0	
875	133	268644	0	133399	0	0	0	0	0	0	
900	135	267072	0	135377	0	0	0	0	0	0	
925	136	281946	0	136391	0	0	0	0	0	0	
950	143	282081	0	143267	0	0	0	0	0	0	
975	153	297546	0	153323	0	0	0	0	0	0	
1000	151	296997	0	151349	0	0	0	0	0	0	
