#input	time	ios	pfs	
10	13	147807	114520	
20	27	148800	114524	
30	114	151342	1542122	
40	147	152909	2449237	
50	201	154932	4146735	
60	283	157436	6607525	
70	431	161086	10712881	
80	516	163175	12554067	
90	601	165269	14536555	
100	913	168951	18643438	
110	967	171247	20444920	
120	1219	175157	24185282	
130	1695	178869	28814591	
140	1755	180973	30586444	
150	1807	182985	32258548	
160	1954	185945	35478166	
170	2055	188858	38440290	
180	2181	191771	41723447	
190	2339	194403	44691441	
200	2516	198043	48968063	
210	2720	201566	53395376	
220	2988	205408	58046717	
230	3135	209202	62613372	
240	3370	212038	65989538	
250	3561	215120	69833722	
260	3764	218538	73848709	
270	3944	221653	77405560	
280	4873	226080	83323254	
290	6144	231747	91320075	
300	6184	233318	92454892	
310	6424	237080	96951934	
320	6557	239874	100259513	
330	6662	242953	104100079	
340	7097	246492	109216340	
350	7267	249597	113308601	
360	7390	252932	117614332	
370	8302	258677	126885244	
380	8639	262074	131698722	
390	8901	265300	136111300	
400	9146	268935	141108316	
410	9428	272180	145552913	
420	9829	276517	152176148	
430	10059	280243	157257313	
440	10886	285553	165521541	
450	11144	289029	170416388	
460	11632	292730	175968047	
470	11963	296269	180995654	
480	12463	299958	186452054	
490	13728	307667	197830719	
500	14134	310638	202007895	
