#input	time	ios	pfs	
10	20	390521	106530	
20	34	391514	106641	
30	88	394371	2449720	
40	195	397698	4785984	
50	239	400009	6569056	
60	305	403045	9288348	
70	407	406843	12915409	
80	521	411099	17208775	
90	712	415792	22189186	
100	926	420021	26553593	
110	1048	423306	29830343	
120	1187	426890	33676144	
130	1317	430880	37802949	
140	1541	435681	42763678	
150	1750	439530	46736197	
160	2318	445235	53017922	
170	2619	449674	57799700	
180	2865	452828	61364809	
190	3121	456250	65086458	
200	3390	459827	68711420	
210	3697	463554	72492424	
220	3987	467279	76433616	
230	4282	470996	80372903	
240	4546	475000	84522960	
250	4807	478863	88720565	
260	6362	485854	97850331	
270	6415	487425	98875730	
280	6592	491411	103841045	
290	7488	497501	111219330	
300	8176	504105	119181746	
310	9287	510080	126913203	
320	9572	515021	133447364	
330	10317	519570	139444565	
340	11083	525759	147103913	
350	11908	530770	153935344	
360	12983	536517	161624518	
370	13822	542431	169519752	
380	14387	547269	176245016	
390	15230	552076	182725874	
400	15613	558058	190404743	
410	16569	563485	197979125	
420	17102	568613	204529821	
430	17799	574278	211997772	
440	18729	579296	218760125	
450	19071	584826	225695223	
460	19920	589662	231940734	
470	20872	595376	239346780	
480	21544	600778	246144877	
490	22551	606216	253381161	
500	22966	611621	259917783	
