#input	time	ios	pfs	
10	14	615413	125686	
20	28	616406	125752	
30	124	624670	5870444	
40	234	632953	11765352	
50	359	641287	17686436	
60	495	649572	23502145	
70	649	657893	29635791	
80	876	666218	35847804	
90	1329	674582	42174056	
100	1652	682897	48430080	
110	2873	689240	54023592	
120	3064	698595	63876548	
130	3330	710429	76075871	
140	4025	723026	88854577	
150	4722	736296	102575531	
160	4997	749230	115137566	
170	5833	762798	128928600	
180	6362	776029	142040400	
190	6899	789583	155225105	
200	8418	803517	169081190	
210	8780	814605	180093388	
220	9587	827802	193992612	
230	9970	841322	208273050	
240	11535	855651	223751183	
250	12580	867792	236660893	
260	12976	880165	249173793	
270	13437	893598	262956098	
280	14615	907101	277504683	
290	15051	920648	291266720	
300	15901	933965	305607554	
310	16935	947627	319931439	
320	17533	961374	333940997	
330	17963	975076	348039807	
340	19085	988739	362875003	
350	20324	1002547	377284932	
360	20804	1016216	391418209	
370	22364	1031286	407308045	
380	23776	1043615	421068486	
390	24224	1056488	434395391	
400	25739	1072262	450332369	
410	26576	1084659	463850563	
420	27363	1097074	476696008	
430	28863	1111952	492538497	
440	29420	1123625	504760387	
