#input	time	ios	L1	L2	L3	ins ct	pfs	
10	14	0	0	0	0	0	0	
20	28	0	0	0	0	0	0	
30	325	0	0	0	0	0	0	
40	656	0	0	0	0	0	0	
50	999	0	0	0	0	0	0	
60	1384	0	0	0	0	0	0	
70	1833	0	0	0	0	0	0	
80	2367	0	0	0	0	0	0	
90	3108	0	0	0	0	0	0	
100	3667	0	0	0	0	0	0	
110	4242	0	0	0	0	0	0	
120	4932	0	0	0	0	0	0	
130	5992	0	0	0	0	0	0	
140	6669	0	0	0	0	0	0	
150	7343	0	0	0	0	0	0	
160	8039	0	0	0	0	0	0	
170	9362	0	0	0	0	0	0	
180	10222	0	0	0	0	0	0	
190	11219	0	0	0	0	0	0	
200	12242	0	0	0	0	0	0	
210	13982	0	0	0	0	0	0	
220	15096	0	0	0	0	0	0	
230	16375	0	0	0	0	0	0	
240	17776	0	0	0	0	0	0	
250	20499	0	0	0	0	0	0	
260	22069	0	0	0	0	0	0	
270	23733	0	0	0	0	0	0	
280	25371	0	0	0	0	0	0	
