#input	time	ios	pfs	
10	13	1059	123947	
20	25	2052	123949	
30	129	4338	1423941	
40	186	5906	2546792	
50	407	9260	7240536	
60	430	10458	7735070	
70	516	12733	10227512	
80	618	14482	12215282	
90	695	16180	13868858	
100	767	17839	15429518	
110	1121	21722	20480379	
120	1146	23088	21080642	
130	1291	25419	23199916	
140	1823	31565	30133076	
150	1858	33136	31007412	
160	1924	34970	32293313	
170	2187	38392	36315634	
180	2271	40433	37910182	
190	2328	42125	39025982	
200	2584	45425	43194478	
210	2792	47780	45953245	
220	2896	49816	47849767	
230	3035	51946	49943375	
240	4021	58034	57884092	
250	4057	59604	58836711	
260	4203	61960	61341453	
270	4732	67602	68821998	
280	4823	69727	70591538	
290	4909	71851	72611973	
300	5811	81067	84719821	
310	5836	82450	85272149	
320	5919	84441	86840444	
330	6084	87189	89591591	
340	6172	89318	91249850	
350	6259	91582	93039188	
360	6843	98488	102278065	
370	6954	100634	104090981	
380	7316	105779	111369861	
390	7416	108046	113466857	
400	7655	111937	118495605	
410	7727	113772	119892697	
420	8166	119441	127626806	
430	8300	121984	130467794	
440	9361	130698	142288789	
450	9387	132082	142877537	
460	9540	134590	145343187	
470	9724	137130	147978041	
480	9873	140205	151031465	
490	10013	142919	153661884	
500	10068	144807	154911377	
