#input	time	ios	pfs	
10	14	313926	114775	
20	27	314919	114872	
30	98	319582	3692450	
40	188	324256	7373336	
50	296	328959	11066477	
60	809	335492	16365612	
70	856	337617	17748588	
80	980	343101	23201455	
90	1212	349274	29121620	
100	1370	356233	35787786	
110	1734	363078	42480480	
120	2333	371052	50057310	
130	2643	377157	56375822	
140	2877	383919	63175817	
150	3762	392742	72172736	
160	3984	398687	78373235	
170	4261	405066	84817464	
180	4626	411976	91917967	
190	4846	419280	99292521	
200	5869	428065	108362220	
210	6249	434729	115146825	
220	6632	441279	122104409	
230	7055	447933	129044509	
240	7479	454989	136464701	
250	8346	463307	144862901	
260	9368	471291	153377551	
270	9572	477112	159479689	
280	10479	485284	167796108	
290	10940	491542	174118822	
300	11423	497943	180754743	
310	11803	504591	187259527	
320	12170	511242	193972273	
330	12575	518273	201217892	
340	13745	526432	210233944	
350	14103	533073	216850294	
360	14484	540004	223800489	
370	14938	546805	230888505	
380	15432	553608	238025335	
390	15841	560963	245263156	
400	17041	569217	253920181	
410	18112	576486	262015112	
420	18555	583256	269202879	
430	19107	590052	276429725	
440	19568	597278	283688896	
450	20315	604262	291258276	
460	21467	612864	300509024	
470	22832	620892	309671641	
480	24092	628575	318073380	
490	24559	634825	324679118	
500	25276	641262	331443841	
