#input	time	ios	pfs	
10	13	241112	123018	
20	27	242105	123020	
30	115	244352	1558226	
40	153	245919	2579269	
50	209	247756	4058895	
60	322	250538	7031860	
70	568	254152	10522771	
80	600	255722	11383513	
90	662	257894	13034103	
100	741	260030	15003731	
110	879	262788	18059007	
120	1020	265613	20904872	
130	1209	268761	24531001	
140	1346	271364	27208744	
150	1461	273639	29642499	
160	1993	277863	35511750	
170	2531	282696	41523472	
180	2562	284218	42210180	
190	2626	286409	43822522	
200	2697	288737	45604205	
210	2758	290743	47022787	
220	3010	294360	51064205	
230	3101	296826	53305618	
240	3283	298990	55416170	
250	3531	302688	60070266	
260	3801	305791	63798991	
270	4097	309868	68753616	
280	4267	312782	72064735	
290	4849	317390	78904987	
300	4945	319646	81001379	
310	5180	323478	85633317	
320	5491	327084	89997684	
330	5754	330313	93976672	
340	5919	332944	96798263	
350	6053	335811	100020899	
360	7344	341871	109125776	
370	7539	344315	111923000	
380	7693	346923	114996298	
390	8234	350975	120427190	
400	8458	354033	124185297	
410	9611	361326	135250070	
420	9780	363009	136311277	
430	9874	365360	138059256	
440	9993	368436	140907221	
450	10382	373383	146134286	
460	10545	376298	149046403	
470	10831	379550	152457476	
480	10935	382127	154687201	
490	11098	384757	157043069	
500	11265	387545	159788903	
