#input	time	ios	pfs	timems	
16	0	241066	4	89	
32	0	242093	6	180	
48	0	243120	6	274	
64	0	244148	6	416	
80	0	245175	6	514	
96	1	246202	6	1004	
112	1	247230	6	1207	
128	2	248257	6	2303	
144	2	249284	6	2397	
160	2	250312	6	2492	
176	3	251339	7	3051	
192	3	252366	8	3150	
208	3	253394	8	3321	
224	3	254421	8	3918	
240	4	255448	8	4039	
256	4	256476	8	4332	
272	4	257503	8	4929	
288	5	258530	8	5028	
304	5	259558	8	5647	
320	5	260585	8	5741	
336	6	261612	8	6232	
352	6	262640	8	6360	
368	7	263667	8	7393	
384	7	264694	8	7487	
400	7	265722	8	7581	
416	7	266749	8	7847	
432	8	267776	8	8136	
448	8	268803	8	8473	
464	9	269831	8	9014	
480	9	270858	8	9141	
496	9	271885	8	9731	
512	9	272913	8	9833	
528	10	273940	8	10588	
544	10	274967	9	10688	
560	10	275995	9	10790	
576	11	277022	9	11756	
592	11	278049	9	11852	
608	12	279077	9	12720	
624	12	280104	9	12819	
640	13	281131	9	13279	
656	13	282159	9	13384	
672	14	283186	9	14267	
688	14	284213	9	14368	
704	14	285241	9	14772	
720	14	286268	10	14936	
736	15	287295	10	15433	
752	15	288323	10	15559	
768	16	289351	10	16254	
784	16	290379	10	16354	
800	16	291408	10	16984	
816	17	292436	10	17080	
832	18	293464	10	18162	
848	18	294492	10	18587	
864	18	295521	10	18689	
880	19	296549	10	19293	
896	19	297577	10	19398	
912	20	298606	10	20261	
928	20	299634	10	20698	
944	20	300662	10	20803	
960	21	301691	10	21033	
976	21	302719	10	21793	
992	21	303747	10	21898	
1008	22	304776	10	22468	
1024	22	305804	10	22565	
