#input	time	ios	pfs	timems	
16	0	1024	4095	118	
32	0	2051	8193	237	
48	0	3078	12289	364	
64	0	4106	16385	492	
80	0	5133	20481	827	
96	0	6160	24577	956	
112	1	7188	28673	1506	
128	1	8215	32769	1634	
144	2	9242	36865	2050	
160	2	10270	40961	2181	
176	2	11297	45058	2642	
192	2	12324	49154	2771	
208	3	13352	53251	3234	
224	3	14379	57347	3361	
240	3	15406	61443	3867	
256	3	16434	65539	3998	
272	4	17461	69635	4419	
288	4	18488	73731	4547	
304	5	19516	77827	5196	
320	5	20543	81923	5320	
336	5	21570	86019	5544	
352	6	22598	90115	6630	
368	6	23625	94211	6748	
384	6	24652	98307	6876	
400	7	25680	102403	7006	
416	7	26707	106499	7478	
432	7	27734	110595	7616	
448	8	28761	114691	8074	
464	8	29789	118788	8216	
480	8	30816	122884	8672	
496	8	31843	126980	8958	
512	9	32871	131076	9099	
528	9	33898	135172	9562	
544	9	34925	139268	9703	
560	10	35953	143364	10151	
576	10	36980	147460	10320	
592	11	38007	151556	11010	
608	11	39035	155652	11146	
624	11	40062	159748	11715	
640	11	41089	163844	11855	
656	12	42117	167940	12204	
672	12	43144	172036	12346	
688	12	44172	176133	12795	
704	12	45201	180229	12938	
720	13	46229	184325	13387	
736	13	47257	188421	13530	
752	13	48286	192517	13986	
768	14	49314	196613	14129	
784	14	50342	200709	14576	
800	14	51371	204805	14720	
816	15	52399	208901	15323	
832	15	53427	212997	15465	
848	16	54455	217093	16049	
864	16	55484	221189	16188	
880	16	56512	225285	16761	
896	16	57540	229381	16905	
912	17	58569	233477	17267	
928	17	59597	237573	17410	
944	17	60625	241669	17858	
960	18	61654	245765	18003	
976	18	62682	249861	18465	
992	18	63710	253957	18608	
1008	19	64739	258053	19065	
1024	19	65767	262149	19210	
