#input	time	ios	pfs	timems	pbo	dbo	ibo	pbu	ndo	ars	
1	371	763025	0	371123	0	0	0	0	0	1	
2	787	1550806	0	787274	0	0	0	0	0	1	
3	1221	2338311	0	1221403	0	0	0	0	0	1	
4	1662	3126200	0	1662472	0	0	0	0	0	1	
5	2115	3914007	0	2115478	0	0	0	0	0	1	
6	2613	4701244	0	2613343	0	0	0	0	0	1	
7	3093	5488587	0	3093012	0	0	0	0	0	1	
8	3573	6276943	0	3573369	0	0	0	0	0	1	
9	4116	7065257	0	4116713	0	0	0	0	0	1	
10	4656	7852409	0	4656329	0	0	0	0	0	1	
11	5203	8639764	0	5203204	0	0	0	0	0	1	
12	5769	9426993	0	5769529	0	0	0	0	0	1	
13	6294	10214257	0	6294126	0	0	0	0	0	1	
14	6838	11001533	0	6838413	0	0	0	0	0	1	
15	7392	11788928	0	7392503	0	0	0	0	0	1	
16	7956	12578151	0	7956025	0	0	0	0	0	1	
17	8426	13367412	0	8426059	0	0	0	0	0	1	
18	8889	14154830	0	8889624	0	0	0	0	0	1	
19	9359	14942100	0	9359824	0	0	0	0	0	1	
20	9853	15729330	0	9853719	0	0	0	0	0	1	
21	10524	16516633	0	10524223	0	0	0	0	0	1	
22	11244	17303957	0	11244477	0	0	0	0	0	1	
23	11973	18091408	0	11973393	0	0	0	0	0	1	
24	12682	18878652	0	12682498	0	0	0	0	0	1	
25	13182	19665885	0	13182479	0	0	0	0	0	1	
26	13691	20453222	0	13691821	0	0	0	0	0	1	
27	14222	21240324	0	14222879	0	0	0	0	0	1	
28	14763	22027761	0	14763244	0	0	0	0	0	1	
29	15478	23371422	0	15478061	0	0	0	0	0	2	
30	16938	27875322	0	16938937	0	0	0	0	0	2	
31	18428	32385601	0	18428324	0	0	0	0	0	2	
32	19955	36885499	0	19955949	0	0	0	0	0	2	
33	21551	41373038	0	21551151	0	0	0	0	0	2	
34	23197	45846200	0	23197579	0	0	0	0	0	2	
35	24882	50316020	0	24882397	0	0	0	0	0	2	
36	26585	54785442	0	26585220	0	0	0	0	0	2	
37	28313	59257618	0	28313379	0	0	0	0	0	2	
38	30049	63733827	0	30049153	0	0	0	0	0	2	
39	31781	68210952	0	31781273	0	0	0	0	0	2	
40	33533	72696011	0	33533128	0	0	0	0	0	2	
41	35303	77184423	0	35303599	0	0	0	0	0	2	
42	37086	81676398	0	37086978	0	0	0	0	0	2	
43	38867	86172899	0	38867735	0	0	0	0	0	2	
44	40656	90673460	0	40656448	0	0	0	0	0	2	
45	42466	95181051	0	42466171	0	0	0	0	0	2	
46	44276	99690155	0	44276439	0	0	0	0	0	2	
47	46111	104200360	0	46111790	0	0	0	0	0	2	
48	47930	108717215	0	47930279	0	0	0	0	0	2	
49	49767	113238693	0	49767305	0	0	0	0	0	2	
50	51617	117763473	0	51617081	0	0	0	0	0	2	
51	53471	122292984	0	53471289	0	0	0	0	0	2	
52	55347	126825883	0	55347208	0	0	0	0	0	2	
53	57237	131360080	0	57237140	0	0	0	0	0	2	
54	59130	135901639	0	59130333	0	0	0	0	0	2	
55	61042	140447368	0	61042582	0	0	0	0	0	2	
56	62961	144997270	0	62961922	0	0	0	0	0	2	
57	64903	149554774	0	64903268	0	0	0	0	0	2	
58	66968	154097121	0	66968298	0	0	0	0	0	2	
59	69064	158597270	0	69064109	0	0	0	0	0	2	
60	71177	163102776	0	71177404	0	0	0	0	0	2	
61	73312	167612522	0	73312826	0	0	0	0	0	2	
62	75451	172120137	0	75451634	0	0	0	0	0	2	
63	77549	176621768	0	77549325	0	0	0	0	0	2	
64	79805	181120498	0	79805615	0	0	0	0	0	2	
65	82249	185615148	0	82249731	0	0	0	0	0	2	
66	84794	190097180	0	84794581	0	0	0	0	0	2	
67	87397	194573823	0	87397246	0	0	0	0	0	2	
#68	89861	199045702	0	89861798	0	0	0	0	0	2	
#69	92360	203516987	0	92360088	0	0	0	0	0	2	
#70	95072	207982971	0	95072898	0	0	0	0	0	2	
#71	97667	212450849	0	97667177	0	0	0	0	0	2	
#72	100955	216940453	0	100955893	0	0	0	0	0	2	
#73	104062	221394415	0	104062708	0	0	0	0	0	2	
#74	107110	225848013	0	107110341	0	0	0	0	0	2	
#75	109970	230307444	0	109970806	0	0	0	0	0	2	
#76	112790	234763880	0	112790028	0	0	0	0	0	2	
#77	115711	239222610	0	115711479	0	0	0	0	0	2	
#78	118699	243683631	0	118699202	0	0	0	0	0	2	
#79	121703	248146135	0	121703488	0	0	0	0	0	2	
#80	124681	252608922	0	124681819	0	0	0	0	0	2	
#81	127654	257075236	0	127654563	0	0	0	0	0	2	
#82	130692	261543722	0	130692150	0	0	0	0	0	2	
#83	133780	266013096	0	133780089	0	0	0	0	0	2	
#84	136871	270483898	0	136871212	0	0	0	0	0	2	
#85	140020	274955419	0	140020991	0	0	0	0	0	2	
#86	143145	279430817	0	143145862	0	0	0	0	0	2	
#87	146280	283910328	0	146280397	0	0	0	0	0	2	
#88	149458	288388653	0	149458364	0	0	0	0	0	2	
#89	152744	292867057	0	152744707	0	0	0	0	0	2	
#90	156018	297348476	0	156018499	0	0	0	0	0	2	
#91	159290	301832063	0	159290275	0	0	0	0	0	2	
#92	162510	306318025	0	162510218	0	0	0	0	0	2	
#93	165752	310805097	0	165752807	0	0	0	0	0	2	
#94	169013	315294867	0	169013275	0	0	0	0	0	2	
