#input	time	ios	pfs	timems	pbo	dbo	ibo	pbu	ndo
0	1	1	1	1	1	1	1	1	1	
10	8	980	0	8320	0	0	0	0	0	
20	16	1960	0	16664	0	0	0	0	0	
30	24	2941	0	24980	0	0	0	0	0	
40	33	3921	0	33638	0	0	0	0	0	
50	41	4901	0	41937	0	0	0	0	0	
60	50	5882	0	50228	0	0	0	0	0	
70	59	6862	0	59041	0	0	0	0	0	
80	67	7842	0	67305	0	0	0	0	0	
90	75	8823	0	75606	0	0	0	0	0	
100	83	9803	0	83930	0	0	0	0	0	
110	92	10783	0	92570	0	0	0	0	0	
120	100	11764	0	100871	0	0	0	0	0	
130	109	12744	0	109157	0	0	0	0	0	
140	117	13724	0	117739	0	0	0	0	0	
150	126	14705	0	126067	0	0	0	0	0	
160	134	15685	0	134387	0	0	0	0	0	
170	142	16665	0	142934	0	0	0	0	0	
180	151	17646	0	151276	0	0	0	0	0	
190	159	18626	0	159586	0	0	0	0	0	
200	167	19606	0	167921	0	0	0	0	0	
210	176	20587	0	176694	0	0	0	0	0	
220	185	21567	0	185014	0	0	0	0	0	
230	193	22547	0	193341	0	0	0	0	0	
240	202	23528	0	202015	0	0	0	0	0	
250	210	24508	0	210350	0	0	0	0	0	
260	218	25488	0	218676	0	0	0	0	0	
270	227	26469	0	227511	0	0	0	0	0	
280	235	27449	0	235838	0	0	0	0	0	
290	244	28429	0	244182	0	0	0	0	0	
300	252	29410	0	252516	0	0	0	0	0	
310	260	30390	0	260871	0	0	0	0	0	
320	269	31371	0	269193	0	0	0	0	0	
330	277	32351	0	277500	0	0	0	0	0	
340	285	33331	0	285869	0	0	0	0	0	
350	294	34312	0	294191	0	0	0	0	0	
360	302	35292	0	302502	0	0	0	0	0	
370	310	36272	0	310847	0	0	0	0	0	
380	319	37253	0	319219	0	0	0	0	0	
390	327	38233	0	327513	0	0	0	0	0	
400	335	39213	0	335841	0	0	0	0	0	
410	344	40194	0	344287	0	0	0	0	0	
420	352	41174	0	352636	0	0	0	0	0	
430	360	42154	0	360928	0	0	0	0	0	
440	369	43135	0	369289	0	0	0	0	0	
450	377	44115	0	377614	0	0	0	0	0	
460	385	45095	0	385951	0	0	0	0	0	
470	394	46076	0	394280	0	0	0	0	0	
480	402	47056	0	402625	0	0	0	0	0	
490	410	48036	0	410936	0	0	0	0	0	
500	419	49017	0	419288	0	0	0	0	0	
510	427	49997	0	427753	0	0	0	0	0	
520	436	50977	0	436067	0	0	0	0	0	
530	444	51958	0	444395	0	0	0	0	0	
540	452	52938	0	452915	0	0	0	0	0	
550	461	53918	0	461239	0	0	0	0	0	
560	469	54899	0	469551	0	0	0	0	0	
570	477	55879	0	477890	0	0	0	0	0	
580	486	56859	0	486251	0	0	0	0	0	
590	494	57840	0	494574	0	0	0	0	0	
600	502	58820	0	502898	0	0	0	0	0	
610	511	59800	0	511247	0	0	0	0	0	
620	519	60781	0	519572	0	0	0	0	0	
630	527	61761	0	527891	0	0	0	0	0	
640	536	62742	0	536329	0	0	0	0	0	
650	544	63722	0	544632	0	0	0	0	0	
660	552	64702	0	552982	0	0	0	0	0	
670	561	65683	0	561328	0	0	0	0	0	
680	569	66663	0	569648	0	0	0	0	0	
690	577	67643	0	577988	0	0	0	0	0	
700	586	68624	0	586329	0	0	0	0	0	
710	594	69604	0	594692	0	0	0	0	0	
720	603	70584	0	603014	0	0	0	0	0	
730	611	71565	0	611340	0	0	0	0	0	
740	619	72545	0	619721	0	0	0	0	0	
750	628	73525	0	628047	0	0	0	0	0	
760	636	74506	0	636369	0	0	0	0	0	
770	644	75486	0	644830	0	0	0	0	0	
780	653	76466	0	653146	0	0	0	0	0	
790	661	77447	0	661468	0	0	0	0	0	
800	669	78427	0	669787	0	0	0	0	0	
810	678	79407	0	678150	0	0	0	0	0	
820	686	80388	0	686496	0	0	0	0	0	
830	694	81368	0	694831	0	0	0	0	0	
840	703	82348	0	703187	0	0	0	0	0	
850	711	83329	0	711511	0	0	0	0	0	
860	719	84309	0	719857	0	0	0	0	0	
870	728	85289	0	728297	0	0	0	0	0	
880	736	86270	0	736625	0	0	0	0	0	
890	744	87250	0	744951	0	0	0	0	0	
900	753	88230	0	753294	0	0	0	0	0	
910	761	89211	0	761633	0	0	0	0	0	
920	769	90191	0	769974	0	0	0	0	0	
930	778	91171	0	778308	0	0	0	0	0	
940	786	92152	0	786688	0	0	0	0	0	
950	795	93132	0	795029	0	0	0	0	0	
960	803	94113	0	803348	0	0	0	0	0	
970	811	95093	0	811714	0	0	0	0	0	
980	820	96073	0	820062	0	0	0	0	0	
990	828	97054	0	828391	0	0	0	0	0	
1000	836	98034	0	836847	0	0	0	0	0	
1010	845	99014	0	845188	0	0	0	0	0	
1020	853	99995	0	853528	0	0	0	0	0	
1030	861	100975	0	861829	0	0	0	0	0	
1040	870	101955	0	870625	0	0	0	0	0	
1050	878	102936	0	878950	0	0	0	0	0	
1060	887	103916	0	887297	0	0	0	0	0	
1070	895	104896	0	895718	0	0	0	0	0	
1080	904	105877	0	904054	0	0	0	0	0	
1090	912	106857	0	912394	0	0	0	0	0	
1100	920	107837	0	920863	0	0	0	0	0	
1110	929	108818	0	929213	0	0	0	0	0	
1120	937	109798	0	937551	0	0	0	0	0	
1130	945	110778	0	945907	0	0	0	0	0	
1140	954	111759	0	954253	0	0	0	0	0	
1150	962	112739	0	962579	0	0	0	0	0	
1160	970	113719	0	970903	0	0	0	0	0	
1170	979	114700	0	979278	0	0	0	0	0	
1180	987	115680	0	987608	0	0	0	0	0	
1190	995	116660	0	995946	0	0	0	0	0	
1200	1004	117641	0	1004310	0	0	0	0	0	
1210	1012	118621	0	1012644	0	0	0	0	0	
1220	1020	119601	0	1020995	0	0	0	0	0	
1230	1029	120582	0	1029852	0	0	0	0	0	
1240	1038	121562	0	1038185	0	0	0	0	0	
1250	1046	122543	0	1046530	0	0	0	0	0	
1260	1054	123523	0	1054873	0	0	0	0	0	
1270	1063	124503	0	1063225	0	0	0	0	0	
1280	1071	125484	0	1071551	0	0	0	0	0	
1290	1079	126464	0	1079864	0	0	0	0	0	
1300	1088	127444	0	1088285	0	0	0	0	0	
1310	1096	128425	0	1096618	0	0	0	0	0	
1320	1104	129405	0	1104945	0	0	0	0	0	
1330	1113	130385	0	1113395	0	0	0	0	0	
1340	1121	131366	0	1121730	0	0	0	0	0	
1350	1130	132346	0	1130058	0	0	0	0	0	
1360	1138	133326	0	1138414	0	0	0	0	0	
1370	1146	134307	0	1146738	0	0	0	0	0	
1380	1155	135287	0	1155076	0	0	0	0	0	
1390	1163	136267	0	1163388	0	0	0	0	0	
1400	1171	137248	0	1171731	0	0	0	0	0	
1410	1180	138228	0	1180011	0	0	0	0	0	
1420	1188	139208	0	1188332	0	0	0	0	0	
1430	1196	140189	0	1196790	0	0	0	0	0	
1440	1205	141169	0	1205069	0	0	0	0	0	
1450	1213	142149	0	1213363	0	0	0	0	0	
1460	1221	143130	0	1221732	0	0	0	0	0	
1470	1230	144110	0	1230028	0	0	0	0	0	
1480	1238	145090	0	1238344	0	0	0	0	0	
1490	1246	146071	0	1246642	0	0	0	0	0	
1500	1254	147051	0	1254989	0	0	0	0	0	
1510	1263	148031	0	1263314	0	0	0	0	0	
1520	1271	149012	0	1271646	0	0	0	0	0	
1530	1280	149992	0	1280079	0	0	0	0	0	
1540	1288	150972	0	1288395	0	0	0	0	0	
1550	1296	151953	0	1296703	0	0	0	0	0	
1560	1305	152933	0	1305137	0	0	0	0	0	
1570	1313	153914	0	1313449	0	0	0	0	0	
1580	1321	154894	0	1321764	0	0	0	0	0	
1590	1330	155874	0	1330130	0	0	0	0	0	
1600	1338	156855	0	1338428	0	0	0	0	0	
1610	1346	157835	0	1346744	0	0	0	0	0	
1620	1355	158815	0	1355097	0	0	0	0	0	
1630	1363	159796	0	1363439	0	0	0	0	0	
1640	1371	160776	0	1371749	0	0	0	0	0	
1650	1380	161756	0	1380048	0	0	0	0	0	
1660	1388	162737	0	1388737	0	0	0	0	0	
1670	1397	163717	0	1397059	0	0	0	0	0	
1680	1405	164697	0	1405397	0	0	0	0	0	
1690	1413	165678	0	1413774	0	0	0	0	0	
1700	1422	166658	0	1422118	0	0	0	0	0	
1710	1430	167638	0	1430438	0	0	0	0	0	
1720	1438	168619	0	1438828	0	0	0	0	0	
1730	1447	169599	0	1447167	0	0	0	0	0	
1740	1455	170579	0	1455520	0	0	0	0	0	
1750	1463	171560	0	1463863	0	0	0	0	0	
1760	1472	172540	0	1472244	0	0	0	0	0	
1770	1480	173520	0	1480570	0	0	0	0	0	
1780	1488	174501	0	1488925	0	0	0	0	0	
1790	1497	175481	0	1497291	0	0	0	0	0	
1800	1505	176461	0	1505607	0	0	0	0	0	
1810	1513	177442	0	1513936	0	0	0	0	0	
1820	1522	178422	0	1522336	0	0	0	0	0	
1830	1530	179402	0	1530669	0	0	0	0	0	
1840	1539	180383	0	1539014	0	0	0	0	0	
1850	1547	181363	0	1547373	0	0	0	0	0	
1860	1555	182343	0	1555730	0	0	0	0	0	
1870	1564	183324	0	1564072	0	0	0	0	0	
1880	1572	184304	0	1572405	0	0	0	0	0	
1890	1580	185285	0	1580852	0	0	0	0	0	
1900	1589	186265	0	1589219	0	0	0	0	0	
1910	1597	187245	0	1597537	0	0	0	0	0	
1920	1605	188226	0	1605917	0	0	0	0	0	
1930	1614	189206	0	1614237	0	0	0	0	0	
1940	1622	190186	0	1622581	0	0	0	0	0	
1950	1630	191167	0	1630961	0	0	0	0	0	
1960	1639	192147	0	1639299	0	0	0	0	0	
1970	1647	193127	0	1647631	0	0	0	0	0	
1980	1656	194108	0	1656008	0	0	0	0	0	
1990	1664	195088	0	1664385	0	0	0	0	0	
2000	1672	196068	0	1672722	0	0	0	0	0	
2010	1681	197049	0	1681080	0	0	0	0	0	
2020	1689	198029	0	1689613	0	0	0	0	0	
2030	1697	199009	0	1697948	0	0	0	0	0	
2040	1706	199990	0	1706285	0	0	0	0	0	
2050	1714	200970	0	1714628	0	0	0	0	0	
2060	1722	201950	0	1722978	0	0	0	0	0	
2070	1731	202931	0	1731313	0	0	0	0	0	
2080	1739	203911	0	1739687	0	0	0	0	0	
2090	1748	204891	0	1748035	0	0	0	0	0	
2100	1756	205872	0	1756380	0	0	0	0	0	
2110	1764	206852	0	1764740	0	0	0	0	0	
2120	1773	207832	0	1773190	0	0	0	0	0	
2130	1781	208813	0	1781521	0	0	0	0	0	
2140	1789	209793	0	1789885	0	0	0	0	0	
2150	1798	210773	0	1798256	0	0	0	0	0	
2160	1806	211754	0	1806603	0	0	0	0	0	
2170	1814	212734	0	1814951	0	0	0	0	0	
2180	1823	213715	0	1823318	0	0	0	0	0	
2190	1831	214695	0	1831655	0	0	0	0	0	
2200	1839	215675	0	1839997	0	0	0	0	0	
2210	1848	216656	0	1848372	0	0	0	0	0	
2220	1856	217636	0	1856729	0	0	0	0	0	
2230	1865	218616	0	1865072	0	0	0	0	0	
2240	1873	219597	0	1873467	0	0	0	0	0	
2250	1881	220577	0	1881837	0	0	0	0	0	
2260	1890	221557	0	1890168	0	0	0	0	0	
2270	1898	222538	0	1898493	0	0	0	0	0	
2280	1906	223518	0	1906867	0	0	0	0	0	
2290	1915	224498	0	1915193	0	0	0	0	0	
2300	1923	225479	0	1923548	0	0	0	0	0	
2310	1932	226459	0	1932343	0	0	0	0	0	
2320	1940	227439	0	1940683	0	0	0	0	0	
2330	1949	228420	0	1949027	0	0	0	0	0	
2340	1957	229400	0	1957539	0	0	0	0	0	
2350	1965	230380	0	1965878	0	0	0	0	0	
2360	1974	231361	0	1974204	0	0	0	0	0	
2370	1982	232341	0	1982535	0	0	0	0	0	
2380	1991	233321	0	1991212	0	0	0	0	0	
2390	1999	234302	0	1999544	0	0	0	0	0	
2400	2007	235282	0	2007888	0	0	0	0	0	
2410	2016	236262	0	2016288	0	0	0	0	0	
2420	2024	237243	0	2024653	0	0	0	0	0	
2430	2032	238223	0	2032989	0	0	0	0	0	
2440	2041	239203	0	2041437	0	0	0	0	0	
2450	2049	240184	0	2049771	0	0	0	0	0	
2460	2058	241164	0	2058122	0	0	0	0	0	
2470	2066	242144	0	2066458	0	0	0	0	0	
2480	2074	243125	0	2074840	0	0	0	0	0	
2490	2083	244105	0	2083193	0	0	0	0	0	
2500	2091	245086	0	2091546	0	0	0	0	0	
2510	2099	246066	0	2099924	0	0	0	0	0	
2520	2108	247046	0	2108258	0	0	0	0	0	
2530	2116	248027	0	2116587	0	0	0	0	0	
2540	2124	249007	0	2124983	0	0	0	0	0	
2550	2133	249987	0	2133311	0	0	0	0	0	
2560	2141	250968	0	2141654	0	0	0	0	0	
2570	2150	251948	0	2150101	0	0	0	0	0	
2580	2158	252928	0	2158431	0	0	0	0	0	
2590	2166	253909	0	2166772	0	0	0	0	0	
2600	2175	254889	0	2175119	0	0	0	0	0	
2610	2183	255869	0	2183499	0	0	0	0	0	
2620	2191	256850	0	2191856	0	0	0	0	0	
2630	2200	257830	0	2200204	0	0	0	0	0	
2640	2208	258810	0	2208596	0	0	0	0	0	
2650	2216	259791	0	2216930	0	0	0	0	0	
2660	2225	260771	0	2225271	0	0	0	0	0	
2670	2233	261751	0	2233629	0	0	0	0	0	
2680	2241	262732	0	2241958	0	0	0	0	0	
2690	2250	263712	0	2250242	0	0	0	0	0	
2700	2258	264692	0	2258645	0	0	0	0	0	
2710	2266	265673	0	2266990	0	0	0	0	0	
2720	2275	266653	0	2275333	0	0	0	0	0	
2730	2283	267633	0	2283680	0	0	0	0	0	
2740	2292	268614	0	2292385	0	0	0	0	0	
2750	2300	269594	0	2300728	0	0	0	0	0	
2760	2309	270574	0	2309066	0	0	0	0	0	
2770	2317	271555	0	2317430	0	0	0	0	0	
2780	2325	272535	0	2325796	0	0	0	0	0	
2790	2334	273515	0	2334132	0	0	0	0	0	
2800	2342	274496	0	2342791	0	0	0	0	0	
2810	2351	275476	0	2351131	0	0	0	0	0	
2820	2359	276457	0	2359459	0	0	0	0	0	
2830	2367	277437	0	2367840	0	0	0	0	0	
2840	2376	278417	0	2376175	0	0	0	0	0	
2850	2384	279398	0	2384506	0	0	0	0	0	
2860	2392	280378	0	2392871	0	0	0	0	0	
2870	2401	281358	0	2401244	0	0	0	0	0	
2880	2409	282339	0	2409592	0	0	0	0	0	
2890	2417	283319	0	2417922	0	0	0	0	0	
2900	2426	284299	0	2426392	0	0	0	0	0	
2910	2434	285280	0	2434730	0	0	0	0	0	
2920	2443	286260	0	2443067	0	0	0	0	0	
2930	2451	287240	0	2451447	0	0	0	0	0	
2940	2459	288221	0	2459820	0	0	0	0	0	
2950	2468	289201	0	2468153	0	0	0	0	0	
2960	2476	290181	0	2476527	0	0	0	0	0	
2970	2484	291162	0	2484891	0	0	0	0	0	
2980	2493	292142	0	2493244	0	0	0	0	0	
2990	2501	293122	0	2501589	0	0	0	0	0	
3000	2509	294103	0	2509948	0	0	0	0	0	
3010	2518	295083	0	2518290	0	0	0	0	0	
3020	2526	296063	0	2526651	0	0	0	0	0	
3030	2535	297044	0	2535147	0	0	0	0	0	
3040	2543	298024	0	2543508	0	0	0	0	0	
3050	2551	299004	0	2551858	0	0	0	0	0	
3060	2560	299985	0	2560281	0	0	0	0	0	
3070	2568	300965	0	2568617	0	0	0	0	0	
3080	2576	301945	0	2576924	0	0	0	0	0	
3090	2585	302926	0	2585276	0	0	0	0	0	
3100	2593	303906	0	2593661	0	0	0	0	0	
3110	2601	304887	0	2601992	0	0	0	0	0	
3120	2610	305867	0	2610337	0	0	0	0	0	
3130	2618	306847	0	2618794	0	0	0	0	0	
3140	2627	307828	0	2627145	0	0	0	0	0	
3150	2635	308808	0	2635468	0	0	0	0	0	
3160	2643	309788	0	2643989	0	0	0	0	0	
3170	2652	310769	0	2652325	0	0	0	0	0	
3180	2660	311749	0	2660681	0	0	0	0	0	
3190	2669	312729	0	2669081	0	0	0	0	0	
3200	2677	313710	0	2677522	0	0	0	0	0	
3210	2685	314690	0	2685839	0	0	0	0	0	
3220	2694	315670	0	2694187	0	0	0	0	0	
3230	2702	316651	0	2702553	0	0	0	0	0	
3240	2710	317631	0	2710881	0	0	0	0	0	
3250	2719	318611	0	2719223	0	0	0	0	0	
3260	2727	319592	0	2727728	0	0	0	0	0	
3270	2736	320572	0	2736069	0	0	0	0	0	
3280	2744	321552	0	2744410	0	0	0	0	0	
3290	2752	322533	0	2752798	0	0	0	0	0	
3300	2761	323513	0	2761148	0	0	0	0	0	
3310	2769	324493	0	2769502	0	0	0	0	0	
3320	2777	325474	0	2777859	0	0	0	0	0	
3330	2786	326454	0	2786178	0	0	0	0	0	
3340	2794	327434	0	2794542	0	0	0	0	0	
3350	2802	328415	0	2802897	0	0	0	0	0	
3360	2811	329395	0	2811342	0	0	0	0	0	
3370	2819	330375	0	2819671	0	0	0	0	0	
3380	2828	331356	0	2828014	0	0	0	0	0	
3390	2836	332336	0	2836398	0	0	0	0	0	
3400	2844	333316	0	2844720	0	0	0	0	0	
3410	2853	334297	0	2853044	0	0	0	0	0	
3420	2861	335277	0	2861441	0	0	0	0	0	
3430	2869	336258	0	2869791	0	0	0	0	0	
3440	2878	337238	0	2878150	0	0	0	0	0	
3450	2886	338218	0	2886988	0	0	0	0	0	
3460	2895	339199	0	2895326	0	0	0	0	0	
3470	2903	340179	0	2903655	0	0	0	0	0	
3480	2911	341159	0	2911979	0	0	0	0	0	
3490	2920	342140	0	2920468	0	0	0	0	0	
3500	2928	343120	0	2928822	0	0	0	0	0	
3510	2937	344100	0	2937162	0	0	0	0	0	
3520	2946	345081	0	2946014	0	0	0	0	0	
3530	2954	346061	0	2954360	0	0	0	0	0	
3540	2962	347041	0	2962778	0	0	0	0	0	
3550	2971	348022	0	2971155	0	0	0	0	0	
3560	2979	349002	0	2979480	0	0	0	0	0	
3570	2987	349982	0	2987818	0	0	0	0	0	
3580	2996	350963	0	2996197	0	0	0	0	0	
3590	3005	351943	0	3005085	0	0	0	0	0	
3600	3013	352923	0	3013431	0	0	0	0	0	
3610	3021	353904	0	3021785	0	0	0	0	0	
3620	3030	354884	0	3030173	0	0	0	0	0	
3630	3038	355864	0	3038517	0	0	0	0	0	
3640	3046	356845	0	3046842	0	0	0	0	0	
3650	3055	357825	0	3055626	0	0	0	0	0	
3660	3063	358805	0	3063986	0	0	0	0	0	
3670	3072	359786	0	3072322	0	0	0	0	0	
3680	3080	360766	0	3080716	0	0	0	0	0	
3690	3089	361746	0	3089060	0	0	0	0	0	
3700	3097	362727	0	3097389	0	0	0	0	0	
3710	3105	363707	0	3105735	0	0	0	0	0	
3720	3114	364687	0	3114430	0	0	0	0	0	
3730	3122	365668	0	3122762	0	0	0	0	0	
3740	3131	366648	0	3131125	0	0	0	0	0	
3750	3139	367629	0	3139496	0	0	0	0	0	
3760	3147	368609	0	3147842	0	0	0	0	0	
3770	3156	369589	0	3156192	0	0	0	0	0	
3780	3164	370570	0	3164746	0	0	0	0	0	
3790	3173	371550	0	3173078	0	0	0	0	0	
3800	3181	372530	0	3181402	0	0	0	0	0	
3810	3189	373511	0	3189842	0	0	0	0	0	
3820	3198	374491	0	3198209	0	0	0	0	0	
3830	3206	375471	0	3206543	0	0	0	0	0	
3840	3214	376452	0	3214900	0	0	0	0	0	
3850	3223	377432	0	3223249	0	0	0	0	0	
3860	3231	378412	0	3231577	0	0	0	0	0	
3870	3239	379393	0	3239923	0	0	0	0	0	
3880	3248	380373	0	3248308	0	0	0	0	0	
3890	3256	381353	0	3256640	0	0	0	0	0	
3900	3265	382334	0	3265004	0	0	0	0	0	
3910	3273	383314	0	3273375	0	0	0	0	0	
3920	3281	384294	0	3281719	0	0	0	0	0	
3930	3290	385275	0	3290057	0	0	0	0	0	
3940	3298	386255	0	3298559	0	0	0	0	0	
3950	3306	387235	0	3306911	0	0	0	0	0	
3960	3315	388216	0	3315249	0	0	0	0	0	
3970	3323	389196	0	3323557	0	0	0	0	0	
3980	3331	390176	0	3331957	0	0	0	0	0	
3990	3340	391157	0	3340298	0	0	0	0	0	
4000	3348	392137	0	3348639	0	0	0	0	0	
4010	3357	393117	0	3357005	0	0	0	0	0	
4020	3365	394098	0	3365337	0	0	0	0	0	
4030	3373	395078	0	3373669	0	0	0	0	0	
4040	3382	396058	0	3382118	0	0	0	0	0	
4050	3390	397039	0	3390452	0	0	0	0	0	
4060	3398	398019	0	3398812	0	0	0	0	0	
4070	3407	399000	0	3407150	0	0	0	0	0	
4080	3415	399980	0	3415967	0	0	0	0	0	
4090	3424	400960	0	3424316	0	0	0	0	0	
4100	3432	401941	0	3432660	0	0	0	0	0	
4110	3441	402921	0	3441051	0	0	0	0	0	
4120	3449	403901	0	3449386	0	0	0	0	0	
4130	3457	404882	0	3457721	0	0	0	0	0	
4140	3466	405862	0	3466387	0	0	0	0	0	
4150	3474	406842	0	3474721	0	0	0	0	0	
4160	3483	407823	0	3483053	0	0	0	0	0	
4170	3491	408803	0	3491432	0	0	0	0	0	
4180	3499	409783	0	3499776	0	0	0	0	0	
4190	3508	410764	0	3508123	0	0	0	0	0	
4200	3516	411744	0	3516450	0	0	0	0	0	
4210	3524	412724	0	3524812	0	0	0	0	0	
4220	3533	413705	0	3533172	0	0	0	0	0	
4230	3541	414685	0	3541473	0	0	0	0	0	
4240	3549	415665	0	3549858	0	0	0	0	0	
4250	3558	416646	0	3558184	0	0	0	0	0	
4260	3566	417626	0	3566526	0	0	0	0	0	
4270	3574	418606	0	3574982	0	0	0	0	0	
4280	3583	419587	0	3583319	0	0	0	0	0	
4290	3591	420567	0	3591652	0	0	0	0	0	
4300	3600	421547	0	3600050	0	0	0	0	0	
4310	3608	422528	0	3608376	0	0	0	0	0	
4320	3616	423508	0	3616701	0	0	0	0	0	
4330	3625	424488	0	3625038	0	0	0	0	0	
4340	3633	425469	0	3633415	0	0	0	0	0	
4350	3641	426449	0	3641763	0	0	0	0	0	
4360	3650	427430	0	3650078	0	0	0	0	0	
4370	3658	428410	0	3658446	0	0	0	0	0	
4380	3666	429390	0	3666806	0	0	0	0	0	
4390	3675	430371	0	3675158	0	0	0	0	0	
4400	3683	431351	0	3683523	0	0	0	0	0	
4410	3691	432331	0	3691858	0	0	0	0	0	
4420	3700	433312	0	3700204	0	0	0	0	0	
4430	3708	434292	0	3708939	0	0	0	0	0	
4440	3717	435272	0	3717274	0	0	0	0	0	
4450	3725	436253	0	3725591	0	0	0	0	0	
4460	3733	437233	0	3733966	0	0	0	0	0	
4470	3742	438213	0	3742539	0	0	0	0	0	
4480	3750	439194	0	3750879	0	0	0	0	0	
4490	3759	440174	0	3759209	0	0	0	0	0	
4500	3767	441154	0	3767702	0	0	0	0	0	
4510	3776	442135	0	3776051	0	0	0	0	0	
4520	3784	443115	0	3784402	0	0	0	0	0	
4530	3792	444095	0	3792726	0	0	0	0	0	
4540	3801	445076	0	3801120	0	0	0	0	0	
4550	3809	446056	0	3809456	0	0	0	0	0	
4560	3817	447036	0	3817786	0	0	0	0	0	
4570	3826	448017	0	3826145	0	0	0	0	0	
4580	3834	448997	0	3834526	0	0	0	0	0	
4590	3842	449977	0	3842862	0	0	0	0	0	
4600	3851	450958	0	3851218	0	0	0	0	0	
4610	3859	451938	0	3859663	0	0	0	0	0	
4620	3868	452918	0	3868028	0	0	0	0	0	
4630	3876	453899	0	3876450	0	0	0	0	0	
4640	3884	454879	0	3884909	0	0	0	0	0	
4650	3893	455859	0	3893445	0	0	0	0	0	
4660	3901	456840	0	3901920	0	0	0	0	0	
4670	3910	457820	0	3910358	0	0	0	0	0	
4680	3918	458801	0	3918763	0	0	0	0	0	
4690	3927	459781	0	3927136	0	0	0	0	0	
4700	3935	460761	0	3935502	0	0	0	0	0	
4710	3943	461742	0	3943843	0	0	0	0	0	
4720	3952	462722	0	3952325	0	0	0	0	0	
4730	3960	463702	0	3960663	0	0	0	0	0	
4740	3969	464683	0	3969107	0	0	0	0	0	
4750	3977	465663	0	3977923	0	0	0	0	0	
4760	3986	466643	0	3986254	0	0	0	0	0	
4770	3994	467624	0	3994598	0	0	0	0	0	
4780	4002	468604	0	4002964	0	0	0	0	0	
4790	4011	469584	0	4011428	0	0	0	0	0	
4800	4019	470565	0	4019761	0	0	0	0	0	
4810	4028	471545	0	4028118	0	0	0	0	0	
4820	4036	472525	0	4036606	0	0	0	0	0	
4830	4044	473506	0	4044944	0	0	0	0	0	
4840	4053	474486	0	4053269	0	0	0	0	0	
4850	4061	475466	0	4061623	0	0	0	0	0	
4860	4070	476447	0	4070020	0	0	0	0	0	
4870	4078	477427	0	4078382	0	0	0	0	0	
4880	4086	478407	0	4086729	0	0	0	0	0	
4890	4095	479388	0	4095123	0	0	0	0	0	
4900	4103	480368	0	4103476	0	0	0	0	0	
4910	4111	481348	0	4111822	0	0	0	0	0	
4920	4120	482329	0	4120170	0	0	0	0	0	
4930	4128	483309	0	4128532	0	0	0	0	0	
4940	4136	484289	0	4136899	0	0	0	0	0	
4950	4145	485270	0	4145242	0	0	0	0	0	
4960	4153	486250	0	4153628	0	0	0	0	0	
4970	4161	487230	0	4161984	0	0	0	0	0	
4980	4170	488211	0	4170330	0	0	0	0	0	
4990	4178	489191	0	4178675	0	0	0	0	0	
5000	4187	490172	0	4187030	0	0	0	0	0	
5010	4195	491152	0	4195363	0	0	0	0	0	
5020	4203	492132	0	4203729	0	0	0	0	0	
5030	4212	493113	0	4212306	0	0	0	0	0	
5040	4220	494093	0	4220658	0	0	0	0	0	
5050	4229	495073	0	4229000	0	0	0	0	0	
5060	4237	496054	0	4237363	0	0	0	0	0	
5070	4245	497034	0	4245737	0	0	0	0	0	
5080	4254	498014	0	4254069	0	0	0	0	0	
5090	4262	498995	0	4262403	0	0	0	0	0	
5100	4270	499975	0	4270800	0	0	0	0	0	
5110	4279	500955	0	4279114	0	0	0	0	0	
5120	4287	501936	0	4287460	0	0	0	0	0	
5130	4295	502916	0	4295802	0	0	0	0	0	
5140	4304	503896	0	4304199	0	0	0	0	0	
5150	4312	504877	0	4312524	0	0	0	0	0	
5160	4320	505857	0	4320871	0	0	0	0	0	
5170	4329	506837	0	4329366	0	0	0	0	0	
5180	4337	507818	0	4337731	0	0	0	0	0	
5190	4346	508798	0	4346067	0	0	0	0	0	
5200	4354	509778	0	4354412	0	0	0	0	0	
5210	4362	510759	0	4362791	0	0	0	0	0	
5220	4371	511739	0	4371152	0	0	0	0	0	
5230	4379	512719	0	4379487	0	0	0	0	0	
5240	4387	513700	0	4387881	0	0	0	0	0	
5250	4396	514680	0	4396193	0	0	0	0	0	
5260	4404	515660	0	4404547	0	0	0	0	0	
5270	4412	516641	0	4412883	0	0	0	0	0	
5280	4421	517621	0	4421541	0	0	0	0	0	
5290	4429	518602	0	4429885	0	0	0	0	0	
5300	4438	519582	0	4438228	0	0	0	0	0	
5310	4446	520562	0	4446612	0	0	0	0	0	
5320	4454	521543	0	4454946	0	0	0	0	0	
5330	4463	522523	0	4463284	0	0	0	0	0	
5340	4471	523503	0	4471664	0	0	0	0	0	
5350	4480	524484	0	4480029	0	0	0	0	0	
5360	4488	525464	0	4488372	0	0	0	0	0	
5370	4496	526444	0	4496725	0	0	0	0	0	
5380	4505	527425	0	4505184	0	0	0	0	0	
5390	4513	528405	0	4513527	0	0	0	0	0	
5400	4521	529385	0	4521873	0	0	0	0	0	
5410	4530	530366	0	4530219	0	0	0	0	0	
5420	4538	531346	0	4538606	0	0	0	0	0	
5430	4546	532326	0	4546934	0	0	0	0	0	
5440	4555	533307	0	4555276	0	0	0	0	0	
5450	4563	534287	0	4563666	0	0	0	0	0	
5460	4572	535267	0	4572047	0	0	0	0	0	
5470	4580	536248	0	4580365	0	0	0	0	0	
5480	4588	537228	0	4588711	0	0	0	0	0	
5490	4597	538208	0	4597075	0	0	0	0	0	
5500	4605	539189	0	4605433	0	0	0	0	0	
5510	4613	540169	0	4613743	0	0	0	0	0	
5520	4622	541149	0	4622129	0	0	0	0	0	
5530	4630	542130	0	4630480	0	0	0	0	0	
5540	4638	543110	0	4638834	0	0	0	0	0	
5550	4647	544090	0	4647186	0	0	0	0	0	
5560	4655	545071	0	4655547	0	0	0	0	0	
5570	4663	546051	0	4663887	0	0	0	0	0	
5580	4672	547031	0	4672251	0	0	0	0	0	
5590	4680	548012	0	4680633	0	0	0	0	0	
5600	4688	548992	0	4688964	0	0	0	0	0	
5610	4697	549973	0	4697302	0	0	0	0	0	
5620	4705	550953	0	4705649	0	0	0	0	0	
5630	4714	551933	0	4714210	0	0	0	0	0	
5640	4722	552914	0	4722529	0	0	0	0	0	
5650	4730	553894	0	4730856	0	0	0	0	0	
5660	4739	554874	0	4739263	0	0	0	0	0	
5670	4747	555855	0	4747594	0	0	0	0	0	
5680	4755	556835	0	4755957	0	0	0	0	0	
5690	4764	557815	0	4764309	0	0	0	0	0	
5700	4772	558796	0	4772710	0	0	0	0	0	
5710	4781	559776	0	4781054	0	0	0	0	0	
5720	4789	560756	0	4789393	0	0	0	0	0	
5730	4797	561737	0	4797781	0	0	0	0	0	
5740	4806	562717	0	4806158	0	0	0	0	0	
5750	4814	563697	0	4814509	0	0	0	0	0	
5760	4822	564678	0	4822870	0	0	0	0	0	
5770	4831	565658	0	4831351	0	0	0	0	0	
5780	4839	566638	0	4839723	0	0	0	0	0	
5790	4848	567619	0	4848070	0	0	0	0	0	
5800	4856	568599	0	4856443	0	0	0	0	0	
5810	4864	569579	0	4864786	0	0	0	0	0	
5820	4873	570560	0	4873136	0	0	0	0	0	
5830	4881	571540	0	4881485	0	0	0	0	0	
5840	4889	572520	0	4889865	0	0	0	0	0	
5850	4898	573501	0	4898214	0	0	0	0	0	
5860	4906	574481	0	4906565	0	0	0	0	0	
5870	4915	575461	0	4915020	0	0	0	0	0	
5880	4923	576442	0	4923360	0	0	0	0	0	
5890	4931	577422	0	4931693	0	0	0	0	0	
5900	4940	578402	0	4940061	0	0	0	0	0	
5910	4948	579383	0	4948442	0	0	0	0	0	
5920	4956	580363	0	4956800	0	0	0	0	0	
5930	4965	581344	0	4965154	0	0	0	0	0	
5940	4973	582324	0	4973558	0	0	0	0	0	
5950	4981	583304	0	4981896	0	0	0	0	0	
5960	4990	584285	0	4990238	0	0	0	0	0	
5970	4998	585265	0	4998597	0	0	0	0	0	
5980	5006	586245	0	5006985	0	0	0	0	0	
5990	5015	587226	0	5015324	0	0	0	0	0	
6000	5023	588206	0	5023663	0	0	0	0	0	
6010	5032	589186	0	5032251	0	0	0	0	0	
6020	5040	590167	0	5040589	0	0	0	0	0	
6030	5048	591147	0	5048941	0	0	0	0	0	
6040	5057	592127	0	5057279	0	0	0	0	0	
6050	5065	593108	0	5065657	0	0	0	0	0	
6060	5074	594088	0	5074028	0	0	0	0	0	
6070	5082	595068	0	5082374	0	0	0	0	0	
6080	5090	596049	0	5090761	0	0	0	0	0	
6090	5099	597029	0	5099112	0	0	0	0	0	
6100	5107	598009	0	5107452	0	0	0	0	0	
6110	5115	598990	0	5115811	0	0	0	0	0	
6120	5124	599970	0	5124308	0	0	0	0	0	
6130	5132	600950	0	5132640	0	0	0	0	0	
6140	5141	601931	0	5141011	0	0	0	0	0	
6150	5149	602911	0	5149362	0	0	0	0	0	
6160	5157	603891	0	5157706	0	0	0	0	0	
6170	5166	604872	0	5166053	0	0	0	0	0	
6180	5174	605852	0	5174417	0	0	0	0	0	
6190	5182	606832	0	5182796	0	0	0	0	0	
6200	5191	607813	0	5191130	0	0	0	0	0	
6210	5199	608793	0	5199460	0	0	0	0	0	
6220	5207	609774	0	5207952	0	0	0	0	0	
6230	5216	610754	0	5216292	0	0	0	0	0	
6240	5224	611734	0	5224634	0	0	0	0	0	
6250	5233	612715	0	5233071	0	0	0	0	0	
6260	5241	613695	0	5241908	0	0	0	0	0	
6270	5250	614675	0	5250262	0	0	0	0	0	
6280	5258	615656	0	5258585	0	0	0	0	0	
6290	5267	616636	0	5267131	0	0	0	0	0	
6300	5275	617616	0	5275497	0	0	0	0	0	
6310	5283	618597	0	5283820	0	0	0	0	0	
6320	5292	619577	0	5292188	0	0	0	0	0	
6330	5300	620557	0	5300652	0	0	0	0	0	
6340	5309	621538	0	5309010	0	0	0	0	0	
6350	5317	622518	0	5317343	0	0	0	0	0	
6360	5325	623498	0	5325726	0	0	0	0	0	
6370	5334	624479	0	5334065	0	0	0	0	0	
6380	5342	625459	0	5342447	0	0	0	0	0	
6390	5350	626439	0	5350802	0	0	0	0	0	
6400	5359	627420	0	5359193	0	0	0	0	0	
6410	5367	628400	0	5367523	0	0	0	0	0	
6420	5375	629380	0	5375887	0	0	0	0	0	
6430	5384	630361	0	5384266	0	0	0	0	0	
6440	5392	631341	0	5392620	0	0	0	0	0	
6450	5400	632321	0	5400958	0	0	0	0	0	
6460	5409	633302	0	5409326	0	0	0	0	0	
6470	5417	634282	0	5417702	0	0	0	0	0	
6480	5426	635262	0	5426068	0	0	0	0	0	
6490	5434	636243	0	5434410	0	0	0	0	0	
6500	5442	637223	0	5442806	0	0	0	0	0	
6510	5451	638203	0	5451163	0	0	0	0	0	
6520	5459	639184	0	5459505	0	0	0	0	0	
6530	5467	640164	0	5467839	0	0	0	0	0	
6540	5476	641145	0	5476631	0	0	0	0	0	
6550	5484	642125	0	5484984	0	0	0	0	0	
6560	5493	643105	0	5493337	0	0	0	0	0	
6570	5501	644086	0	5501834	0	0	0	0	0	
6580	5510	645066	0	5510199	0	0	0	0	0	
6590	5518	646046	0	5518548	0	0	0	0	0	
6600	5526	647027	0	5526907	0	0	0	0	0	
6610	5535	648007	0	5535349	0	0	0	0	0	
6620	5543	648987	0	5543724	0	0	0	0	0	
6630	5552	649968	0	5552072	0	0	0	0	0	
6640	5560	650948	0	5560465	0	0	0	0	0	
6650	5568	651928	0	5568818	0	0	0	0	0	
6660	5577	652909	0	5577143	0	0	0	0	0	
6670	5585	653889	0	5585507	0	0	0	0	0	
6680	5594	654869	0	5594058	0	0	0	0	0	
6690	5602	655850	0	5602404	0	0	0	0	0	
6700	5610	656830	0	5610779	0	0	0	0	0	
6710	5619	657810	0	5619158	0	0	0	0	0	
6720	5627	658791	0	5627520	0	0	0	0	0	
6730	5635	659771	0	5635873	0	0	0	0	0	
6740	5644	660751	0	5644234	0	0	0	0	0	
6750	5652	661732	0	5652618	0	0	0	0	0	
6760	5660	662712	0	5660948	0	0	0	0	0	
6770	5669	663692	0	5669276	0	0	0	0	0	
6780	5677	664673	0	5677648	0	0	0	0	0	
6790	5686	665653	0	5686091	0	0	0	0	0	
6800	5694	666633	0	5694436	0	0	0	0	0	
6810	5702	667614	0	5702803	0	0	0	0	0	
6820	5711	668594	0	5711358	0	0	0	0	0	
6830	5719	669574	0	5719691	0	0	0	0	0	
6840	5728	670555	0	5728024	0	0	0	0	0	
6850	5736	671535	0	5736377	0	0	0	0	0	
6860	5744	672516	0	5744780	0	0	0	0	0	
6870	5753	673496	0	5753118	0	0	0	0	0	
6880	5761	674476	0	5761482	0	0	0	0	0	
6890	5769	675457	0	5769870	0	0	0	0	0	
6900	5778	676437	0	5778234	0	0	0	0	0	
6910	5786	677417	0	5786581	0	0	0	0	0	
6920	5794	678398	0	5794897	0	0	0	0	0	
6930	5803	679378	0	5803279	0	0	0	0	0	
6940	5811	680358	0	5811665	0	0	0	0	0	
6950	5820	681339	0	5820004	0	0	0	0	0	
6960	5828	682319	0	5828384	0	0	0	0	0	
6970	5836	683299	0	5836737	0	0	0	0	0	
6980	5845	684280	0	5845094	0	0	0	0	0	
6990	5853	685260	0	5853439	0	0	0	0	0	
7000	5861	686240	0	5861816	0	0	0	0	0	
7010	5870	687221	0	5870160	0	0	0	0	0	
7020	5878	688201	0	5878522	0	0	0	0	0	
7030	5887	689181	0	5887020	0	0	0	0	0	
7040	5895	690162	0	5895389	0	0	0	0	0	
7050	5903	691142	0	5903719	0	0	0	0	0	
7060	5912	692122	0	5912091	0	0	0	0	0	
7070	5920	693103	0	5920678	0	0	0	0	0	
7080	5929	694083	0	5929021	0	0	0	0	0	
7090	5937	695063	0	5937380	0	0	0	0	0	
7100	5945	696044	0	5945778	0	0	0	0	0	
7110	5954	697024	0	5954128	0	0	0	0	0	
7120	5962	698004	0	5962473	0	0	0	0	0	
7130	5970	698985	0	5970831	0	0	0	0	0	
7140	5979	699965	0	5979479	0	0	0	0	0	
7150	5987	700945	0	5987827	0	0	0	0	0	
7160	5996	701926	0	5996177	0	0	0	0	0	
7170	6004	702906	0	6004532	0	0	0	0	0	
7180	6012	703887	0	6012887	0	0	0	0	0	
7190	6021	704867	0	6021231	0	0	0	0	0	
7200	6029	705847	0	6029602	0	0	0	0	0	
7210	6037	706828	0	6037976	0	0	0	0	0	
7220	6046	707808	0	6046340	0	0	0	0	0	
7230	6054	708788	0	6054694	0	0	0	0	0	
7240	6063	709769	0	6063177	0	0	0	0	0	
7250	6071	710749	0	6071516	0	0	0	0	0	
7260	6079	711729	0	6079873	0	0	0	0	0	
7270	6088	712710	0	6088224	0	0	0	0	0	
7280	6096	713690	0	6096601	0	0	0	0	0	
7290	6104	714670	0	6104945	0	0	0	0	0	
7300	6113	715651	0	6113265	0	0	0	0	0	
7310	6121	716631	0	6121662	0	0	0	0	0	
7320	6130	717611	0	6130006	0	0	0	0	0	
7330	6138	718592	0	6138355	0	0	0	0	0	
7340	6146	719572	0	6146728	0	0	0	0	0	
7350	6155	720552	0	6155232	0	0	0	0	0	
7360	6163	721533	0	6163586	0	0	0	0	0	
7370	6171	722513	0	6171922	0	0	0	0	0	
7380	6180	723493	0	6180332	0	0	0	0	0	
7390	6188	724474	0	6188669	0	0	0	0	0	
7400	6197	725454	0	6197009	0	0	0	0	0	
7410	6205	726434	0	6205405	0	0	0	0	0	
7420	6213	727415	0	6213795	0	0	0	0	0	
7430	6222	728395	0	6222123	0	0	0	0	0	
7440	6230	729375	0	6230479	0	0	0	0	0	
7450	6238	730356	0	6238881	0	0	0	0	0	
7460	6247	731336	0	6247239	0	0	0	0	0	
7470	6255	732317	0	6255580	0	0	0	0	0	
7480	6263	733297	0	6263928	0	0	0	0	0	
7490	6272	734277	0	6272286	0	0	0	0	0	
7500	6280	735258	0	6280654	0	0	0	0	0	
7510	6289	736238	0	6289001	0	0	0	0	0	
7520	6297	737218	0	6297402	0	0	0	0	0	
7530	6305	738199	0	6305761	0	0	0	0	0	
7540	6314	739179	0	6314115	0	0	0	0	0	
7550	6322	740159	0	6322473	0	0	0	0	0	
7560	6330	741140	0	6330831	0	0	0	0	0	
7570	6339	742120	0	6339181	0	0	0	0	0	
7580	6347	743100	0	6347554	0	0	0	0	0	
7590	6356	744081	0	6356096	0	0	0	0	0	
7600	6364	745061	0	6364453	0	0	0	0	0	
7610	6372	746041	0	6372809	0	0	0	0	0	
7620	6381	747022	0	6381161	0	0	0	0	0	
7630	6389	748002	0	6389547	0	0	0	0	0	
7640	6397	748982	0	6397898	0	0	0	0	0	
7650	6406	749963	0	6406235	0	0	0	0	0	
7660	6414	750943	0	6414657	0	0	0	0	0	
7670	6422	751923	0	6422995	0	0	0	0	0	
7680	6431	752904	0	6431337	0	0	0	0	0	
7690	6439	753884	0	6439678	0	0	0	0	0	
7700	6448	754864	0	6448167	0	0	0	0	0	
7710	6456	755845	0	6456522	0	0	0	0	0	
7720	6464	756825	0	6464894	0	0	0	0	0	
7730	6473	757805	0	6473310	0	0	0	0	0	
7740	6481	758786	0	6481690	0	0	0	0	0	
7750	6490	759766	0	6490034	0	0	0	0	0	
7760	6498	760746	0	6498394	0	0	0	0	0	
7770	6506	761727	0	6506783	0	0	0	0	0	
7780	6515	762707	0	6515141	0	0	0	0	0	
7790	6523	763688	0	6523486	0	0	0	0	0	
7800	6532	764668	0	6532007	0	0	0	0	0	
7810	6540	765648	0	6540326	0	0	0	0	0	
7820	6548	766629	0	6548709	0	0	0	0	0	
7830	6557	767609	0	6557115	0	0	0	0	0	
7840	6565	768589	0	6565965	0	0	0	0	0	
7850	6574	769570	0	6574320	0	0	0	0	0	
7860	6582	770550	0	6582685	0	0	0	0	0	
7870	6591	771530	0	6591373	0	0	0	0	0	
7880	6599	772511	0	6599716	0	0	0	0	0	
7890	6608	773491	0	6608056	0	0	0	0	0	
7900	6616	774471	0	6616420	0	0	0	0	0	
7910	6624	775452	0	6624804	0	0	0	0	0	
7920	6633	776432	0	6633159	0	0	0	0	0	
7930	6641	777412	0	6641507	0	0	0	0	0	
7940	6649	778393	0	6649888	0	0	0	0	0	
7950	6658	779373	0	6658237	0	0	0	0	0	
7960	6666	780353	0	6666580	0	0	0	0	0	
7970	6674	781334	0	6674930	0	0	0	0	0	
7980	6683	782314	0	6683323	0	0	0	0	0	
7990	6691	783294	0	6691664	0	0	0	0	0	
8000	6700	784275	0	6700019	0	0	0	0	0	
8010	6708	785255	0	6708406	0	0	0	0	0	
8020	6716	786235	0	6716780	0	0	0	0	0	
8030	6725	787216	0	6725122	0	0	0	0	0	
8040	6733	788196	0	6733464	0	0	0	0	0	
8050	6741	789176	0	6741843	0	0	0	0	0	
8060	6750	790157	0	6750213	0	0	0	0	0	
8070	6758	791137	0	6758541	0	0	0	0	0	
8080	6766	792117	0	6766941	0	0	0	0	0	
8090	6775	793098	0	6775297	0	0	0	0	0	
8100	6783	794078	0	6783654	0	0	0	0	0	
8110	6792	795059	0	6792016	0	0	0	0	0	
8120	6800	796039	0	6800770	0	0	0	0	0	
8130	6809	797019	0	6809110	0	0	0	0	0	
8140	6817	798000	0	6817468	0	0	0	0	0	
8150	6826	798980	0	6826014	0	0	0	0	0	
8160	6834	799960	0	6834378	0	0	0	0	0	
8170	6842	800941	0	6842744	0	0	0	0	0	
8180	6851	801921	0	6851111	0	0	0	0	0	
8190	6859	802901	0	6859500	0	0	0	0	0	
8200	6867	803882	0	6867816	0	0	0	0	0	
8210	6876	804862	0	6876228	0	0	0	0	0	
8220	6884	805842	0	6884639	0	0	0	0	0	
8230	6892	806823	0	6892981	0	0	0	0	0	
8240	6901	807803	0	6901336	0	0	0	0	0	
8250	6909	808783	0	6909694	0	0	0	0	0	
8260	6918	809764	0	6918178	0	0	0	0	0	
8270	6926	810744	0	6926532	0	0	0	0	0	
8280	6934	811724	0	6934873	0	0	0	0	0	
8290	6943	812705	0	6943257	0	0	0	0	0	
8300	6951	813685	0	6951602	0	0	0	0	0	
8310	6959	814665	0	6959959	0	0	0	0	0	
8320	6968	815646	0	6968324	0	0	0	0	0	
8330	6976	816626	0	6976667	0	0	0	0	0	
8340	6985	817606	0	6985030	0	0	0	0	0	
8350	6993	818587	0	6993385	0	0	0	0	0	
8360	7001	819567	0	7001772	0	0	0	0	0	
8370	7010	820547	0	7010119	0	0	0	0	0	
8380	7018	821528	0	7018489	0	0	0	0	0	
8390	7026	822508	0	7026851	0	0	0	0	0	
8400	7035	823489	0	7035246	0	0	0	0	0	
8410	7043	824469	0	7043577	0	0	0	0	0	
8420	7051	825449	0	7051934	0	0	0	0	0	
8430	7060	826430	0	7060332	0	0	0	0	0	
8440	7068	827410	0	7068685	0	0	0	0	0	
8450	7077	828390	0	7077015	0	0	0	0	0	
8460	7085	829371	0	7085378	0	0	0	0	0	
8470	7093	830351	0	7093763	0	0	0	0	0	
8480	7102	831331	0	7102113	0	0	0	0	0	
8490	7110	832312	0	7110476	0	0	0	0	0	
8500	7118	833292	0	7118872	0	0	0	0	0	
8510	7127	834272	0	7127212	0	0	0	0	0	
8520	7135	835253	0	7135565	0	0	0	0	0	
8530	7143	836233	0	7143914	0	0	0	0	0	
8540	7152	837213	0	7152314	0	0	0	0	0	
8550	7160	838194	0	7160664	0	0	0	0	0	
8560	7169	839174	0	7169028	0	0	0	0	0	
8570	7177	840154	0	7177432	0	0	0	0	0	
8580	7185	841135	0	7185769	0	0	0	0	0	
8590	7194	842115	0	7194129	0	0	0	0	0	
8600	7202	843095	0	7202619	0	0	0	0	0	
8610	7211	844076	0	7211374	0	0	0	0	0	
8620	7219	845056	0	7219749	0	0	0	0	0	
8630	7228	846036	0	7228101	0	0	0	0	0	
8640	7236	847017	0	7236634	0	0	0	0	0	
8650	7244	847997	0	7244990	0	0	0	0	0	
8660	7253	848977	0	7253365	0	0	0	0	0	
8670	7261	849958	0	7261735	0	0	0	0	0	
8680	7270	850938	0	7270125	0	0	0	0	0	
8690	7278	851918	0	7278465	0	0	0	0	0	
8700	7286	852899	0	7286837	0	0	0	0	0	
8710	7295	853879	0	7295311	0	0	0	0	0	
8720	7303	854860	0	7303671	0	0	0	0	0	
8730	7312	855840	0	7312024	0	0	0	0	0	
8740	7320	856820	0	7320399	0	0	0	0	0	
8750	7328	857801	0	7328789	0	0	0	0	0	
8760	7337	858781	0	7337132	0	0	0	0	0	
8770	7345	859761	0	7345472	0	0	0	0	0	
8780	7353	860742	0	7353889	0	0	0	0	0	
8790	7362	861722	0	7362234	0	0	0	0	0	
8800	7370	862702	0	7370589	0	0	0	0	0	
8810	7378	863683	0	7378950	0	0	0	0	0	
8820	7387	864663	0	7387338	0	0	0	0	0	
8830	7395	865643	0	7395682	0	0	0	0	0	
8840	7404	866624	0	7404006	0	0	0	0	0	
8850	7412	867604	0	7412461	0	0	0	0	0	
8860	7420	868584	0	7420859	0	0	0	0	0	
8870	7429	869565	0	7429212	0	0	0	0	0	
8880	7437	870545	0	7437693	0	0	0	0	0	
8890	7446	871525	0	7446594	0	0	0	0	0	
8900	7454	872506	0	7454958	0	0	0	0	0	
8910	7463	873486	0	7463286	0	0	0	0	0	
8920	7471	874466	0	7471973	0	0	0	0	0	
8930	7480	875447	0	7480298	0	0	0	0	0	
8940	7488	876427	0	7488672	0	0	0	0	0	
8950	7497	877407	0	7497019	0	0	0	0	0	
8960	7505	878388	0	7505399	0	0	0	0	0	
8970	7513	879368	0	7513733	0	0	0	0	0	
8980	7522	880348	0	7522092	0	0	0	0	0	
8990	7530	881329	0	7530468	0	0	0	0	0	
9000	7538	882309	0	7538846	0	0	0	0	0	
9010	7547	883289	0	7547195	0	0	0	0	0	
9020	7555	884270	0	7555586	0	0	0	0	0	
9030	7563	885250	0	7563962	0	0	0	0	0	
9040	7572	886231	0	7572313	0	0	0	0	0	
9050	7580	887211	0	7580652	0	0	0	0	0	
9060	7589	888191	0	7589019	0	0	0	0	0	
9070	7597	889172	0	7597517	0	0	0	0	0	
9080	7605	890152	0	7605874	0	0	0	0	0	
9090	7614	891132	0	7614228	0	0	0	0	0	
9100	7622	892113	0	7622618	0	0	0	0	0	
9110	7630	893093	0	7630965	0	0	0	0	0	
9120	7639	894073	0	7639326	0	0	0	0	0	
9130	7647	895054	0	7647693	0	0	0	0	0	
9140	7656	896034	0	7656089	0	0	0	0	0	
9150	7664	897014	0	7664438	0	0	0	0	0	
9160	7672	897995	0	7672792	0	0	0	0	0	
9170	7681	898975	0	7681268	0	0	0	0	0	
9180	7689	899955	0	7689641	0	0	0	0	0	
9190	7697	900936	0	7697991	0	0	0	0	0	
9200	7706	901916	0	7706360	0	0	0	0	0	
9210	7714	902896	0	7714834	0	0	0	0	0	
9220	7723	903877	0	7723165	0	0	0	0	0	
9230	7731	904857	0	7731526	0	0	0	0	0	
9240	7739	905837	0	7739896	0	0	0	0	0	
9250	7748	906818	0	7748235	0	0	0	0	0	
9260	7756	907798	0	7756616	0	0	0	0	0	
9270	7764	908778	0	7764970	0	0	0	0	0	
9280	7773	909759	0	7773366	0	0	0	0	0	
9290	7781	910739	0	7781722	0	0	0	0	0	
9300	7790	911719	0	7790079	0	0	0	0	0	
9310	7798	912700	0	7798460	0	0	0	0	0	
9320	7806	913680	0	7806804	0	0	0	0	0	
9330	7815	914661	0	7815141	0	0	0	0	0	
9340	7823	915641	0	7823536	0	0	0	0	0	
9350	7831	916621	0	7831883	0	0	0	0	0	
9360	7840	917602	0	7840240	0	0	0	0	0	
9370	7848	918582	0	7848612	0	0	0	0	0	
9380	7856	919562	0	7856995	0	0	0	0	0	
9390	7865	920543	0	7865354	0	0	0	0	0	
9400	7873	921523	0	7873698	0	0	0	0	0	
9410	7882	922503	0	7882076	0	0	0	0	0	
9420	7890	923484	0	7890585	0	0	0	0	0	
9430	7898	924464	0	7898929	0	0	0	0	0	
9440	7907	925444	0	7907294	0	0	0	0	0	
9450	7915	926425	0	7915694	0	0	0	0	0	
9460	7924	927405	0	7924047	0	0	0	0	0	
9470	7932	928385	0	7932388	0	0	0	0	0	
9480	7940	929366	0	7940751	0	0	0	0	0	
9490	7949	930346	0	7949116	0	0	0	0	0	
9500	7957	931326	0	7957475	0	0	0	0	0	
9510	7965	932307	0	7965831	0	0	0	0	0	
9520	7974	933287	0	7974326	0	0	0	0	0	
9530	7982	934267	0	7982680	0	0	0	0	0	
9540	7991	935248	0	7991036	0	0	0	0	0	
9550	7999	936228	0	7999417	0	0	0	0	0	
9560	8007	937208	0	8007775	0	0	0	0	0	
9570	8016	938189	0	8016118	0	0	0	0	0	
9580	8024	939169	0	8024499	0	0	0	0	0	
9590	8032	940149	0	8032889	0	0	0	0	0	
9600	8041	941130	0	8041248	0	0	0	0	0	
9610	8049	942110	0	8049576	0	0	0	0	0	
9620	8058	943090	0	8058521	0	0	0	0	0	
9630	8066	944071	0	8066873	0	0	0	0	0	
9640	8075	945051	0	8075240	0	0	0	0	0	
9650	8083	946032	0	8083598	0	0	0	0	0	
9660	8092	947012	0	8092166	0	0	0	0	0	
9670	8100	947992	0	8100519	0	0	0	0	0	
9680	8108	948973	0	8108866	0	0	0	0	0	
9690	8117	949953	0	8117232	0	0	0	0	0	
9700	8125	950933	0	8125613	0	0	0	0	0	
9710	8133	951914	0	8133945	0	0	0	0	0	
9720	8142	952894	0	8142309	0	0	0	0	0	
9730	8150	953874	0	8150689	0	0	0	0	0	
9740	8159	954855	0	8159023	0	0	0	0	0	
9750	8167	955835	0	8167358	0	0	0	0	0	
9760	8175	956815	0	8175739	0	0	0	0	0	
9770	8184	957796	0	8184127	0	0	0	0	0	
9780	8192	958776	0	8192478	0	0	0	0	0	
9790	8200	959756	0	8200850	0	0	0	0	0	
9800	8209	960737	0	8209220	0	0	0	0	0	
9810	8217	961717	0	8217556	0	0	0	0	0	
9820	8225	962697	0	8225931	0	0	0	0	0	
9830	8234	963678	0	8234292	0	0	0	0	0	
9840	8242	964658	0	8242684	0	0	0	0	0	
9850	8251	965638	0	8251045	0	0	0	0	0	
9860	8259	966619	0	8259401	0	0	0	0	0	
9870	8267	967599	0	8267782	0	0	0	0	0	
9880	8276	968579	0	8276176	0	0	0	0	0	
9890	8284	969560	0	8284551	0	0	0	0	0	
9900	8293	970540	0	8293119	0	0	0	0	0	
9910	8301	971520	0	8301913	0	0	0	0	0	
9920	8310	972501	0	8310269	0	0	0	0	0	
9930	8318	973481	0	8318636	0	0	0	0	0	
9940	8327	974461	0	8327243	0	0	0	0	0	
9950	8335	975442	0	8335597	0	0	0	0	0	
9960	8343	976422	0	8343927	0	0	0	0	0	
9970	8352	977403	0	8352282	0	0	0	0	0	
9980	8360	978383	0	8360791	0	0	0	0	0	
9990	8369	979363	0	8369112	0	0	0	0	0	
10000	8377	980344	0	8377456	0	0	0	0	0	
10010	8385	981324	0	8385822	0	0	0	0	0	
10020	8394	982304	0	8394178	0	0	0	0	0	
10030	8402	983285	0	8402527	0	0	0	0	0	
10040	8410	984265	0	8410884	0	0	0	0	0	
10050	8419	985245	0	8419254	0	0	0	0	0	
10060	8427	986226	0	8427613	0	0	0	0	0	
10070	8435	987206	0	8435972	0	0	0	0	0	
10080	8444	988186	0	8444449	0	0	0	0	0	
10090	8452	989167	0	8452809	0	0	0	0	0	
10100	8461	990147	0	8461174	0	0	0	0	0	
10110	8469	991127	0	8469549	0	0	0	0	0	
10120	8477	992108	0	8477907	0	0	0	0	0	
10130	8486	993088	0	8486253	0	0	0	0	0	
10140	8494	994068	0	8494633	0	0	0	0	0	
10150	8503	995049	0	8503026	0	0	0	0	0	
10160	8511	996029	0	8511382	0	0	0	0	0	
10170	8519	997009	0	8519740	0	0	0	0	0	
10180	8528	997990	0	8528180	0	0	0	0	0	
10190	8536	998970	0	8536843	0	0	0	0	0	
10200	8545	999950	0	8545180	0	0	0	0	0	
10210	8553	1000931	0	8553528	0	0	0	0	0	
10220	8561	1001911	0	8561928	0	0	0	0	0	
10230	8570	1002891	0	8570264	0	0	0	0	0	
10240	8578	1003872	0	8578613	0	0	0	0	0	
