#input	time	ios	pfs	timems	pbo	dbo	ibo	pbu	ndo	ars	
1	0	98	2	416	0	0	0	0	0	0	
2	0	196	2	895	0	0	0	0	0	0	
3	1	294	2	1372	0	0	0	0	0	0	
4	1	392	2	1862	0	0	0	0	0	0	
5	2	490	2	2360	0	0	0	0	0	0	
6	2	588	2	2871	0	0	0	0	0	0	
7	3	686	2	3394	0	0	0	0	0	0	
8	3	784	2	3922	0	0	0	0	0	0	
9	4	882	2	4460	0	0	0	0	0	0	
10	5	980	2	5011	0	0	0	0	0	0	
11	5	1078	2	5566	0	0	0	0	0	0	
12	6	1176	2	6124	0	0	0	0	0	0	
13	6	1274	2	6687	0	0	0	0	0	0	
14	7	1372	2	7258	0	0	0	0	0	0	
15	7	1470	2	7826	0	0	0	0	0	0	
16	8	1568	2	8396	0	0	0	0	0	0	
17	8	1666	2	8970	0	0	0	0	0	0	
18	9	1764	2	9552	0	0	0	0	0	0	
19	10	1862	2	10132	0	0	0	0	0	0	
20	10	1960	2	10715	0	0	0	0	0	0	
21	11	2058	2	11304	0	0	0	0	0	0	
22	11	2156	2	11893	0	0	0	0	0	0	
23	12	2254	2	12484	0	0	0	0	0	0	
24	13	2352	2	13079	0	0	0	0	0	0	
25	13	2450	2	13677	0	0	0	0	0	0	
26	14	2548	2	14274	0	0	0	0	0	0	
27	14	2646	2	14877	0	0	0	0	0	0	
28	15	2744	2	15485	0	0	0	0	0	0	
29	16	2842	2	16093	0	0	0	0	0	0	
30	16	2941	2	16704	0	0	0	0	0	0	
31	17	3039	2	17317	0	0	0	0	0	0	
32	17	3137	2	17932	0	0	0	0	0	0	
33	18	3235	2	18547	0	0	0	0	0	0	
34	19	3333	2	19167	0	0	0	0	0	0	
35	19	3431	2	19787	0	0	0	0	0	0	
36	20	3529	2	20409	0	0	0	0	0	0	
37	21	3627	2	21036	0	0	0	0	0	0	
38	21	3725	2	21663	0	0	0	0	0	0	
39	22	3823	2	22287	0	0	0	0	0	0	
40	22	3921	2	22911	0	0	0	0	0	0	
41	23	4019	2	23537	0	0	0	0	0	0	
42	24	4117	2	24167	0	0	0	0	0	0	
43	24	4215	2	24797	0	0	0	0	0	0	
44	25	4313	2	25435	0	0	0	0	0	0	
45	26	4411	2	26072	0	0	0	0	0	0	
46	26	4509	2	26706	0	0	0	0	0	0	
47	27	4607	2	27343	0	0	0	0	0	0	
48	27	4705	2	27980	0	0	0	0	0	0	
49	28	4803	2	28623	0	0	0	0	0	0	
50	29	4901	2	29265	0	0	0	0	0	0	
51	29	4999	2	29909	0	0	0	0	0	0	
52	30	5097	2	30553	0	0	0	0	0	0	
53	31	5195	2	31190	0	0	0	0	0	0	
54	31	5293	2	31830	0	0	0	0	0	0	
55	32	5391	2	32472	0	0	0	0	0	0	
56	33	5489	2	33117	0	0	0	0	0	0	
57	33	5587	2	33766	0	0	0	0	0	0	
58	34	5685	2	34412	0	0	0	0	0	0	
59	35	5784	2	35060	0	0	0	0	0	0	
60	35	5882	2	35705	0	0	0	0	0	0	
61	36	5980	2	36353	0	0	0	0	0	0	
62	37	6078	2	37003	0	0	0	0	0	0	
63	37	6176	2	37654	0	0	0	0	0	0	
64	38	6274	2	38304	0	0	0	0	0	0	
65	38	6372	2	38956	0	0	0	0	0	0	
66	39	6470	2	39610	0	0	0	0	0	0	
67	40	6568	2	40263	0	0	0	0	0	0	
68	40	6666	2	40914	0	0	0	0	0	0	
69	41	6764	2	41568	0	0	0	0	0	0	
70	42	6862	2	42222	0	0	0	0	0	0	
71	42	6960	2	42878	0	0	0	0	0	0	
72	43	7058	2	43537	0	0	0	0	0	0	
73	44	7156	2	44191	0	0	0	0	0	0	
74	44	7254	2	44853	0	0	0	0	0	0	
75	45	7352	2	45510	0	0	0	0	0	0	
76	46	7450	2	46173	0	0	0	0	0	0	
77	46	7548	2	46838	0	0	0	0	0	0	
78	47	7646	2	47505	0	0	0	0	0	0	
79	48	7744	2	48168	0	0	0	0	0	0	
80	48	7842	2	48833	0	0	0	0	0	0	
81	49	7940	2	49501	0	0	0	0	0	0	
82	50	8038	2	50170	0	0	0	0	0	0	
83	50	8136	2	50839	0	0	0	0	0	0	
84	51	8234	2	51508	0	0	0	0	0	0	
85	52	8332	2	52179	0	0	0	0	0	0	
86	52	8430	2	52855	0	0	0	0	0	0	
87	53	8528	2	53528	0	0	0	0	0	0	
88	54	8627	2	54198	0	0	0	0	0	0	
89	54	8725	2	54865	0	0	0	0	0	0	
90	55	8823	2	55536	0	0	0	0	0	0	
91	56	8921	2	56201	0	0	0	0	0	0	
92	56	9019	2	56870	0	0	0	0	0	0	
93	57	9117	2	57542	0	0	0	0	0	0	
94	58	9215	2	58213	0	0	0	0	0	0	
95	58	9313	2	58885	0	0	0	0	0	0	
96	59	9411	2	59559	0	0	0	0	0	0	
97	60	9509	2	60230	0	0	0	0	0	0	
98	60	9607	2	60906	0	0	0	0	0	0	
99	61	9705	2	61581	0	0	0	0	0	0	
100	62	9803	2	62259	0	0	0	0	0	0	
101	62	9901	2	62934	0	0	0	0	0	0	
102	63	9999	2	63613	0	0	0	0	0	0	
103	64	10097	2	64290	0	0	0	0	0	0	
104	64	10195	2	64968	0	0	0	0	0	0	
105	65	10293	2	65646	0	0	0	0	0	0	
106	66	10391	2	66324	0	0	0	0	0	0	
107	67	10489	2	67004	0	0	0	0	0	0	
108	67	10587	2	67683	0	0	0	0	0	0	
109	68	10685	2	68365	0	0	0	0	0	0	
110	69	10783	2	69048	0	0	0	0	0	0	
111	69	10881	2	69729	0	0	0	0	0	0	
112	70	10979	2	70409	0	0	0	0	0	0	
113	71	11077	2	71090	0	0	0	0	0	0	
114	71	11175	2	71772	0	0	0	0	0	0	
115	72	11273	2	72455	0	0	0	0	0	0	
116	73	11371	2	73140	0	0	0	0	0	0	
117	73	11470	2	73822	0	0	0	0	0	0	
118	74	11568	2	74507	0	0	0	0	0	0	
119	75	11666	2	75194	0	0	0	0	0	0	
120	75	11764	2	75882	0	0	0	0	0	0	
121	76	11862	2	76568	0	0	0	0	0	0	
122	77	11960	2	77257	0	0	0	0	0	0	
123	77	12058	2	77947	0	0	0	0	0	0	
124	78	12156	2	78636	0	0	0	0	0	0	
125	79	12254	2	79325	0	0	0	0	0	0	
126	80	12352	2	80016	0	0	0	0	0	0	
127	80	12450	2	80702	0	0	0	0	0	0	
128	81	12548	2	81393	0	0	0	0	0	0	
129	82	12646	2	82083	0	0	0	0	0	0	
130	82	12744	2	82779	0	0	0	0	0	0	
131	83	12842	2	83474	0	0	0	0	0	0	
132	84	12940	2	84169	0	0	0	0	0	0	
133	84	13038	2	84866	0	0	0	0	0	0	
134	85	13136	2	85566	0	0	0	0	0	0	
135	86	13234	2	86263	0	0	0	0	0	0	
136	86	13332	2	86958	0	0	0	0	0	0	
137	87	13430	2	87657	0	0	0	0	0	0	
138	88	13528	2	88354	0	0	0	0	0	0	
139	89	13626	2	89056	0	0	0	0	0	0	
140	89	13724	2	89760	0	0	0	0	0	0	
141	90	13822	2	90463	0	0	0	0	0	0	
142	91	13920	2	91170	0	0	0	0	0	0	
143	91	14018	2	91875	0	0	0	0	0	0	
144	92	14116	2	92579	0	0	0	0	0	0	
145	93	14214	2	93284	0	0	0	0	0	0	
146	93	14313	2	93987	0	0	0	0	0	0	
147	94	14411	2	94692	0	0	0	0	0	0	
148	95	14509	2	95400	0	0	0	0	0	0	
149	96	14607	2	96108	0	0	0	0	0	0	
150	96	14705	2	96813	0	0	0	0	0	0	
151	97	14803	2	97520	0	0	0	0	0	0	
152	98	14901	2	98226	0	0	0	0	0	0	
153	98	14999	2	98931	0	0	0	0	0	0	
154	99	15097	2	99638	0	0	0	0	0	0	
155	100	15195	2	100344	0	0	0	0	0	0	
156	101	15293	2	101052	0	0	0	0	0	0	
157	101	15391	2	101762	0	0	0	0	0	0	
158	102	15489	2	102469	0	0	0	0	0	0	
159	103	15587	2	103179	0	0	0	0	0	0	
160	103	15685	2	103891	0	0	0	0	0	0	
161	104	15783	2	104600	0	0	0	0	0	0	
162	105	15881	2	105311	0	0	0	0	0	0	
163	106	15979	2	106021	0	0	0	0	0	0	
164	106	16077	2	106735	0	0	0	0	0	0	
165	107	16175	2	107450	0	0	0	0	0	0	
166	108	16273	2	108166	0	0	0	0	0	0	
167	108	16371	2	108878	0	0	0	0	0	0	
168	109	16469	2	109592	0	0	0	0	0	0	
169	110	16567	2	110306	0	0	0	0	0	0	
170	111	16665	2	111020	0	0	0	0	0	0	
171	111	16763	2	111735	0	0	0	0	0	0	
172	112	16861	2	112451	0	0	0	0	0	0	
173	113	16959	2	113165	0	0	0	0	0	0	
174	113	17057	2	113881	0	0	0	0	0	0	
175	114	17156	2	114596	0	0	0	0	0	0	
176	115	17254	2	115315	0	0	0	0	0	0	
177	116	17352	2	116032	0	0	0	0	0	0	
178	116	17450	2	116750	0	0	0	0	0	0	
179	117	17548	2	117472	0	0	0	0	0	0	
180	118	17646	2	118195	0	0	0	0	0	0	
181	118	17744	2	118916	0	0	0	0	0	0	
182	119	17842	2	119640	0	0	0	0	0	0	
183	120	17940	2	120360	0	0	0	0	0	0	
184	121	18038	2	121080	0	0	0	0	0	0	
185	121	18136	2	121805	0	0	0	0	0	0	
186	122	18234	2	122530	0	0	0	0	0	0	
187	123	18332	2	123254	0	0	0	0	0	0	
188	123	18430	2	123975	0	0	0	0	0	0	
189	124	18528	2	124699	0	0	0	0	0	0	
190	125	18626	2	125425	0	0	0	0	0	0	
191	126	18724	2	126146	0	0	0	0	0	0	
192	126	18822	2	126871	0	0	0	0	0	0	
193	127	18920	2	127597	0	0	0	0	0	0	
194	128	19018	2	128306	0	0	0	0	0	0	
195	129	19116	2	129013	0	0	0	0	0	0	
196	129	19214	2	129723	0	0	0	0	0	0	
197	130	19312	2	130431	0	0	0	0	0	0	
198	131	19410	2	131144	0	0	0	0	0	0	
199	131	19508	2	131860	0	0	0	0	0	0	
200	132	19606	2	132575	0	0	0	0	0	0	
201	133	19704	2	133297	0	0	0	0	0	0	
202	135	19802	149	135722	0	0	0	0	0	0	
203	139	19900	1175	139560	0	0	0	0	0	0	
204	144	19999	2050	144585	0	0	0	0	0	0	
205	152	20097	3260	152177	0	0	0	0	0	0	
206	157	20195	4306	157934	0	0	0	0	0	0	
207	164	20293	5393	164444	0	0	0	0	0	0	
208	169	20391	6252	169806	0	0	0	0	0	0	
209	176	20489	7288	176465	0	0	0	0	0	0	
210	184	20587	8366	184179	0	0	0	0	0	0	
211	195	20685	10336	195780	0	0	0	0	0	0	
212	208	20783	12571	209012	0	0	0	0	0	0	
213	222	20881	14704	222211	0	0	0	0	0	0	
214	235	20979	16802	235468	0	0	0	0	0	0	
215	249	21077	19151	249494	0	0	0	0	0	0	
216	266	21175	21998	266875	0	0	0	0	0	0	
217	285	21273	25146	285550	0	0	0	0	0	0	
218	305	21371	28434	305342	0	0	0	0	0	0	
219	326	21469	31916	326165	0	0	0	0	0	0	
220	350	21567	36000	350575	0	0	0	0	0	0	
221	375	21665	40188	375629	0	0	0	0	0	0	
222	403	21763	44813	403437	0	0	0	0	0	0	
223	435	21861	50009	435186	0	0	0	0	0	0	
224	469	21959	55618	469907	0	0	0	0	0	0	
225	503	22057	61024	503125	0	0	0	0	0	0	
226	537	22155	66521	537403	0	0	0	0	0	0	
227	574	22253	72444	574203	0	0	0	0	0	0	
228	618	22351	79294	618633	0	0	0	0	0	0	
229	658	22449	85637	658997	0	0	0	0	0	0	
230	700	22547	92234	700947	0	0	0	0	0	0	
231	747	22645	99399	747072	0	0	0	0	0	0	
232	794	22743	106623	794182	0	0	0	0	0	0	
233	845	22842	114461	845574	0	0	0	0	0	0	
234	899	22940	122708	899454	0	0	0	0	0	0	
235	957	23038	131398	957550	0	0	0	0	0	0	
236	1014	23136	139885	1014219	0	0	0	0	0	0	
237	1075	23234	149071	1075479	0	0	0	0	0	0	
238	1137	23332	158205	1137407	0	0	0	0	0	0	
239	1204	23430	168071	1205005	0	0	0	0	0	0	
240	1278	23528	178640	1278202	0	0	0	0	0	0	
241	1354	23626	189322	1354172	0	0	0	0	0	0	
242	1436	23724	200537	1436562	0	0	0	0	0	0	
243	1521	23822	212150	1521882	0	0	0	0	0	0	
244	1607	23920	223877	1607937	0	0	0	0	0	0	
245	1699	24018	236290	1699919	0	0	0	0	0	0	
246	1790	24116	248601	1790958	0	0	0	0	0	0	
247	1889	24214	261891	1889610	0	0	0	0	0	0	
248	1988	24312	275078	1988847	0	0	0	0	0	0	
249	2096	24410	289301	2096106	0	0	0	0	0	0	
250	2201	24508	303264	2201938	0	0	0	0	0	0	
251	2309	24606	317466	2309423	0	0	0	0	0	0	
252	2419	24704	331795	2419705	0	0	0	0	0	0	
253	2534	24802	346980	2534369	0	0	0	0	0	0	
254	2648	24900	362172	2648714	0	0	0	0	0	0	
255	2771	24998	377976	2771947	0	0	0	0	0	0	
256	2892	25096	393992	2892770	0	0	0	0	0	0	
257	3128	25194	419730	3128488	0	0	0	0	0	0	
258	3264	25292	437337	3264858	0	0	0	0	0	0	
259	3403	25390	455371	3403892	0	0	0	0	0	0	
260	3542	25488	473357	3542357	0	0	0	0	0	0	
261	3684	25586	491458	3684618	0	0	0	0	0	0	
262	3827	25685	509662	3827662	0	0	0	0	0	0	
263	3973	25783	528245	3973892	0	0	0	0	0	0	
264	4121	25881	546935	4121707	0	0	0	0	0	0	
265	4283	25979	566970	4283991	0	0	0	0	0	0	
266	4444	26077	587278	4444263	0	0	0	0	0	0	
267	4603	26175	607256	4603933	0	0	0	0	0	0	
268	4767	26273	627582	4767076	0	0	0	0	0	0	
269	4933	26371	648674	4933777	0	0	0	0	0	0	
270	5102	26469	669755	5102182	0	0	0	0	0	0	
271	5269	26567	690560	5269580	0	0	0	0	0	0	
272	5440	26665	711984	5440262	0	0	0	0	0	0	
273	5629	26763	734691	5629792	0	0	0	0	0	0	
274	5814	26861	757269	5814465	0	0	0	0	0	0	
275	6001	26959	780192	6002022	0	0	0	0	0	0	
276	6186	27057	802696	6186393	0	0	0	0	0	0	
277	6378	27155	826061	6378129	0	0	0	0	0	0	
278	6574	27253	849818	6574569	0	0	0	0	0	0	
279	6770	27351	873905	6770688	0	0	0	0	0	0	
280	6975	27449	898586	6975348	0	0	0	0	0	0	
281	7177	27547	923353	7177369	0	0	0	0	0	0	
282	7382	27645	948472	7382213	0	0	0	0	0	0	
283	7592	27743	974002	7592917	0	0	0	0	0	0	
284	7812	27841	1000222	7812092	0	0	0	0	0	0	
285	8035	27939	1027017	8035229	0	0	0	0	0	0	
286	8259	28037	1053990	8260065	0	0	0	0	0	0	
287	8505	28135	1083084	8505196	0	0	0	0	0	0	
288	8754	28233	1113023	8754589	0	0	0	0	0	0	
289	9016	28331	1143684	9017071	0	0	0	0	0	0	
290	9280	28429	1174901	9280638	0	0	0	0	0	0	
291	9541	28528	1205863	9541204	0	0	0	0	0	0	
292	9804	28626	1237138	9804498	0	0	0	0	0	0	
293	10071	28724	1268767	10071111	0	0	0	0	0	0	
294	10339	28822	1300507	10339675	0	0	0	0	0	0	
295	10611	28920	1332493	10611396	0	0	0	0	0	0	
296	10889	29018	1365228	10889178	0	0	0	0	0	0	
297	11167	29116	1398013	11167131	0	0	0	0	0	0	
298	11448	29214	1430779	11448438	0	0	0	0	0	0	
299	11726	29312	1463540	11726864	0	0	0	0	0	0	
300	12008	29410	1496627	12008670	0	0	0	0	0	0	
301	12288	29508	1529632	12289000	0	0	0	0	0	0	
302	12578	29606	1563192	12578487	0	0	0	0	0	0	
303	12863	29704	1596908	12863970	0	0	0	0	0	0	
304	13153	29802	1630873	13153334	0	0	0	0	0	0	
305	13447	29900	1665307	13447428	0	0	0	0	0	0	
306	13749	29998	1700427	13749910	0	0	0	0	0	0	
307	14054	30096	1735700	14054369	0	0	0	0	0	0	
308	14359	30194	1771044	14359179	0	0	0	0	0	0	
309	14675	30292	1807577	14675937	0	0	0	0	0	0	
310	14999	30390	1844740	14999981	0	0	0	0	0	0	
311	15330	30488	1882466	15330681	0	0	0	0	0	0	
312	15666	30586	1920491	15666307	0	0	0	0	0	0	
313	16002	30684	1958960	16002648	0	0	0	0	0	0	
314	16344	30782	1998210	16344716	0	0	0	0	0	0	
315	16690	30880	2037987	16690811	0	0	0	0	0	0	
316	17040	30978	2077938	17040492	0	0	0	0	0	0	
317	17395	31076	2118486	17396029	0	0	0	0	0	0	
318	17747	31174	2158740	17747227	0	0	0	0	0	0	
319	18102	31272	2199320	18102599	0	0	0	0	0	0	
320	18460	31371	2240362	18460734	0	0	0	0	0	0	
321	18827	31469	2281931	18827536	0	0	0	0	0	0	
322	19196	31567	2324023	19196258	0	0	0	0	0	0	
323	19567	31665	2366321	19568043	0	0	0	0	0	0	
324	19942	31763	2409019	19942959	0	0	0	0	0	0	
325	20325	31861	2452169	20325605	0	0	0	0	0	0	
326	20705	31959	2495057	20705757	0	0	0	0	0	0	
327	21091	32057	2538700	21091257	0	0	0	0	0	0	
328	21477	32155	2582566	21477133	0	0	0	0	0	0	
329	21876	32253	2627341	21876503	0	0	0	0	0	0	
330	22294	32351	2672987	22294672	0	0	0	0	0	0	
331	22709	32449	2719275	22709468	0	0	0	0	0	0	
332	23114	32547	2764652	23114975	0	0	0	0	0	0	
333	23522	32645	2810326	23523176	0	0	0	0	0	0	
334	23937	32743	2856920	23937958	0	0	0	0	0	0	
335	24346	32841	2902993	24346704	0	0	0	0	0	0	
336	24762	32939	2949575	24763009	0	0	0	0	0	0	
337	25184	33037	2996833	25184081	0	0	0	0	0	0	
338	25614	33135	3044845	25615025	0	0	0	0	0	0	
339	26043	33233	3092150	26043137	0	0	0	0	0	0	
340	26468	33331	3139454	26468833	0	0	0	0	0	0	
341	26899	33429	3187650	26899787	0	0	0	0	0	0	
342	27340	33527	3236981	27340624	0	0	0	0	0	0	
343	27791	33625	3287092	27791924	0	0	0	0	0	0	
344	28253	33723	3338086	28253437	0	0	0	0	0	0	
345	28710	33821	3389043	28710882	0	0	0	0	0	0	
346	29170	33919	3440099	29170468	0	0	0	0	0	0	
347	29632	34017	3491153	29632642	0	0	0	0	0	0	
348	30094	34115	3542337	30094249	0	0	0	0	0	0	
349	30561	34214	3594208	30561943	0	0	0	0	0	0	
350	31033	34312	3646418	31033796	0	0	0	0	0	0	
351	31517	34410	3700103	31517764	0	0	0	0	0	0	
352	32012	34508	3754426	32012322	0	0	0	0	0	0	
353	32504	34606	3808646	32504243	0	0	0	0	0	0	
354	32997	34704	3863149	32998068	0	0	0	0	0	0	
355	33497	34802	3918464	33497668	0	0	0	0	0	0	
356	34001	34900	3974180	34001852	0	0	0	0	0	0	
357	34511	34998	4030129	34511129	0	0	0	0	0	0	
358	35029	35096	4087168	35029662	0	0	0	0	0	0	
359	35552	35194	4144595	35552225	0	0	0	0	0	0	
360	36070	35292	4201671	36070591	0	0	0	0	0	0	
361	36594	35390	4259376	36595083	0	0	0	0	0	0	
362	37127	35488	4317749	37127107	0	0	0	0	0	0	
363	37672	35586	4377236	37672340	0	0	0	0	0	0	
364	38221	35684	4437469	38221863	0	0	0	0	0	0	
365	38769	35782	4497307	38769680	0	0	0	0	0	0	
366	39324	35880	4558010	39324421	0	0	0	0	0	0	
367	39876	35978	4618469	39876948	0	0	0	0	0	0	
368	40438	36076	4679742	40438533	0	0	0	0	0	0	
369	40999	36174	4740871	40999805	0	0	0	0	0	0	
370	41561	36272	4802293	41561405	0	0	0	0	0	0	
371	42133	36370	4864686	42133123	0	0	0	0	0	0	
372	42707	36468	4927224	42707476	0	0	0	0	0	0	
373	43295	36566	4991395	43295894	0	0	0	0	0	0	
374	43886	36664	5055385	43886259	0	0	0	0	0	0	
375	44476	36762	5119543	44476139	0	0	0	0	0	0	
376	45070	36860	5184268	45070873	0	0	0	0	0	0	
377	45669	36958	5249533	45669257	0	0	0	0	0	0	
378	46268	37057	5314620	46268501	0	0	0	0	0	0	
379	46869	37155	5379879	46869437	0	0	0	0	0	0	
380	47488	37253	5446581	47488915	0	0	0	0	0	0	
381	48100	37351	5513127	48100366	0	0	0	0	0	0	
382	48713	37449	5579785	48713231	0	0	0	0	0	0	
383	49327	37547	5646549	49327432	0	0	0	0	0	0	
384	49954	37645	5714487	49954513	0	0	0	0	0	0	
385	50587	37743	5782752	50587553	0	0	0	0	0	0	
386	51228	37841	5851889	51228547	0	0	0	0	0	0	
387	51868	37939	5921001	51868663	0	0	0	0	0	0	
388	52518	38037	5991204	52518881	0	0	0	0	0	0	
389	53180	38135	6062582	53180499	0	0	0	0	0	0	
390	53842	38233	6134086	53842955	0	0	0	0	0	0	
391	54513	38331	6206357	54513877	0	0	0	0	0	0	
392	55189	38429	6279286	55189934	0	0	0	0	0	0	
393	55865	38527	6352189	55865153	0	0	0	0	0	0	
394	56542	38625	6425254	56542244	0	0	0	0	0	0	
395	57232	38723	6499371	57232146	0	0	0	0	0	0	
396	57923	38821	6573577	57923995	0	0	0	0	0	0	
397	58619	38919	6648256	58619861	0	0	0	0	0	0	
398	59315	39017	6723179	59315325	0	0	0	0	0	0	
399	60019	39115	6798576	60019964	0	0	0	0	0	0	
400	60730	39213	6874793	60730691	0	0	0	0	0	0	
401	61439	39311	6950944	61439497	0	0	0	0	0	0	
402	62158	39409	7027847	62158497	0	0	0	0	0	0	
403	62882	39507	7105355	62882322	0	0	0	0	0	0	
404	63605	39605	7182916	63606050	0	0	0	0	0	0	
405	64336	39703	7260963	64336559	0	0	0	0	0	0	
406	65074	39801	7339977	65074735	0	0	0	0	0	0	
407	65816	39900	7419265	65816829	0	0	0	0	0	0	
408	66569	39998	7499511	66569327	0	0	0	0	0	0	
409	67320	40096	7579883	67320220	0	0	0	0	0	0	
410	68079	40194	7660917	68079540	0	0	0	0	0	0	
411	68838	40292	7742060	68838470	0	0	0	0	0	0	
412	69612	40390	7824129	69612695	0	0	0	0	0	0	
413	70384	40488	7906555	70384683	0	0	0	0	0	0	
414	71151	40586	7988304	71151807	0	0	0	0	0	0	
415	71931	40684	8071433	71931775	0	0	0	0	0	0	
416	72713	40782	8154633	72714047	0	0	0	0	0	0	
417	73624	40880	8240263	73624498	0	0	0	0	0	0	
418	74437	40978	8325110	74437641	0	0	0	0	0	0	
419	75494	41076	8422044	75494655	0	0	0	0	0	0	
420	76335	41174	8513156	76335708	0	0	0	0	0	0	
421	77140	41272	8598842	77140933	0	0	0	0	0	0	
422	77951	41370	8684926	77952031	0	0	0	0	0	0	
423	78753	41468	8769986	78753455	0	0	0	0	0	0	
424	79580	41566	8857301	79580317	0	0	0	0	0	0	
425	80412	41664	8945299	80412778	0	0	0	0	0	0	
426	81244	41762	9033379	81244728	0	0	0	0	0	0	
427	82079	41860	9121453	82079212	0	0	0	0	0	0	
428	82921	41958	9210691	82921788	0	0	0	0	0	0	
429	83772	42056	9300541	83772597	0	0	0	0	0	0	
430	84614	42154	9389928	84615101	0	0	0	0	0	0	
431	85478	42252	9481039	85478565	0	0	0	0	0	0	
432	86401	42357	9578629	86401022	0	0	0	0	0	0	
