#input	time	ios	pfs	timems	pbo	dbo	ibo	pbu	ndo	ars	
25	113	11853	0	113125	425828	0	3	3	1	0	
50	199	30834	0	199135	467698	0	11	3	1	0	
75	459	77356	23	459521	893237	0	33	5	3	0	
100	810	127457	37012	810400	1129949	0	47	10	5	0	
125	1023	178387	42523	1023992	1129951	0	69	11	6	0	
150	1510	243323	106239	1510367	1129953	0	92	14	8	0	
175	1693	289734	106246	1693271	1129953	0	115	14	8	0	
200	2055	357680	124507	2055363	1193066	0	146	15	9	0	
225	2507	437161	150716	2507921	1317096	0	181	17	11	0	
250	2823	499525	167088	2823913	1427176	0	209	18	12	0	
275	3287	573494	208045	3287782	1527602	0	241	19	13	0	
300	5018	674924	495854	5018416	1611111	0	266	29	18	0	
325	5210	718888	498196	5210013	1611112	0	285	30	19	0	
350	5646	784919	546663	5646999	1611112	0	315	30	19	0	
375	6085	858366	588454	6085054	1611114	0	350	30	19	0	
400	6999	964528	710373	6999206	1611119	0	392	34	22	0	
425	7706	1057899	798774	7706734	1611123	0	429	38	25	0	
450	8925	1166141	993700	8925490	1611125	0	467	44	28	0	
475	9275	1226353	1031986	9275749	1611125	0	493	44	28	0	
500	10168	1325251	1161877	10168572	1611126	0	529	49	30	0	
525	10724	1402226	1232219	10724210	1611128	0	563	49	30	0	
