#input	time	ios	pfs	timems	
16	0	241066	1	284	
32	0	242093	3	564	
48	0	243120	3	847	
64	1	244148	3	1127	
80	1	245175	3	1410	
96	1	246202	3	1691	
112	1	247230	3	1974	
128	2	248257	3	2338	
144	2	249284	3	2621	
160	2	250312	3	2901	
176	3	251339	4	3184	
192	3	252366	5	3465	
208	3	253394	5	3747	
224	4	254421	5	4028	
240	4	255448	5	4311	
256	4	256476	5	4592	
272	4	257503	5	4883	
288	5	258530	5	5172	
304	5	259558	5	5455	
320	5	260585	5	5735	
336	6	261612	5	6019	
352	6	262640	5	6323	
368	6	263667	5	6606	
384	6	264694	5	6887	
400	7	265722	5	7171	
416	7	266749	5	7535	
432	7	267776	5	7817	
448	8	268803	5	8097	
464	8	269831	5	8389	
480	8	270858	5	8670	
496	8	271885	5	8953	
512	9	272913	5	9233	
528	9	273940	5	9516	
544	9	274967	6	9796	
560	10	275995	6	10079	
576	10	277022	6	10360	
592	10	278049	6	10642	
608	10	279077	6	10923	
624	11	280104	6	11206	
640	11	281131	6	11486	
656	11	282159	6	11775	
672	12	283186	6	12057	
688	12	284213	6	12338	
704	12	285241	6	12730	
720	13	286268	7	13010	
736	13	287295	7	13294	
752	13	288323	7	13573	
768	13	289351	7	13856	
784	14	290379	7	14137	
800	14	291408	7	14421	
816	14	292436	7	14701	
832	14	293464	7	14983	
848	15	294492	7	15264	
864	15	295521	7	15547	
880	15	296549	7	15828	
896	16	297577	7	16111	
912	16	298606	7	16391	
928	16	299634	7	16674	
944	16	300662	7	16954	
960	17	301691	7	17238	
976	17	302719	7	17517	
992	17	303747	7	17882	
1008	18	304776	7	18165	
1024	18	305804	7	18445	
