#input	time	ios	pfs	timems	
16	0	4345	2	383	
32	0	8444	4	731	
48	1	12543	4	1079	
64	1	16643	4	1427	
80	1	20742	4	1776	
96	2	24841	4	2124	
112	2	28941	4	2473	
128	2	33040	4	2822	
144	3	37139	4	3170	
160	3	41239	4	3519	
176	3	45338	4	3869	
192	4	49437	4	4216	
208	4	53537	4	4638	
224	4	57636	5	4987	
240	5	61735	5	5334	
256	5	65835	5	5684	
272	6	69934	5	6033	
288	6	74033	5	6381	
304	6	78133	6	6729	
320	7	82232	6	7077	
336	7	86331	6	7425	
352	7	90431	6	7776	
368	8	94530	6	8123	
384	8	98629	6	8472	
400	8	102729	6	8820	
416	9	106828	6	9168	
432	9	110927	6	9516	
448	9	115026	6	9939	
464	10	119126	6	10288	
480	10	123225	6	10635	
496	10	127324	6	10983	
512	11	131424	6	11332	
528	11	135523	6	11681	
544	12	139622	6	12031	
560	12	143722	6	12380	
576	12	147821	6	12728	
592	13	151920	6	13077	
608	13	156020	6	13425	
624	13	160119	6	13775	
640	14	164218	7	14133	
656	14	168318	7	14512	
672	14	172417	7	14970	
688	15	176516	7	15318	
704	15	180616	7	15668	
720	16	184715	7	16017	
736	16	188814	7	16365	
752	16	192914	7	16713	
768	17	197013	7	17062	
784	17	201113	7	17409	
800	17	205214	7	17759	
816	18	209314	7	18108	
832	18	213414	7	18456	
848	18	217514	7	18804	
864	19	221615	8	19153	
880	19	225715	8	19500	
896	19	229815	8	19850	
912	20	233916	8	20199	
928	20	238016	8	20634	
944	20	242116	8	20982	
960	21	246217	8	21330	
976	21	250317	8	21681	
992	22	254417	8	22030	
1008	22	258518	8	22379	
1024	22	262618	8	22727	
