#input	time	ios	pfs	timems	
16	0	1	386	306	
32	0	4	772	587	
48	0	7	1156	911	
64	1	11	1540	1192	
80	1	14	1924	1475	
96	1	17	2308	1764	
112	2	21	2692	2071	
128	2	24	3076	2352	
144	2	27	3460	2635	
160	2	31	3844	2916	
176	3	34	4228	3199	
192	3	37	4613	3479	
208	3	41	4997	3762	
224	4	44	5382	4042	
240	4	47	5766	4326	
256	4	51	6150	4606	
272	4	54	6534	4888	
288	5	57	6918	5169	
304	5	61	7302	5536	
320	5	64	7686	5816	
336	6	67	8070	6100	
352	6	71	8454	6413	
368	6	74	8838	6696	
384	6	77	9222	6977	
400	7	81	9606	7260	
416	7	84	9991	7539	
432	7	87	10377	7848	
448	8	90	10763	8128	
464	8	94	11148	8412	
480	8	97	11532	8692	
496	8	100	11916	8974	
512	9	104	12300	9263	
528	9	107	12684	9547	
544	9	110	13068	9827	
560	10	114	13452	10144	
576	10	117	13836	10424	
592	10	120	14220	10799	
608	11	124	14604	11079	
624	11	127	14988	11362	
640	11	130	15372	11643	
656	11	134	15756	11940	
672	12	137	16140	12222	
688	12	140	16525	12503	
704	12	144	16910	12786	
720	13	147	17294	13066	
736	13	150	17678	13357	
752	13	154	18062	13638	
768	13	157	18446	13921	
784	14	161	18830	14202	
800	14	166	19214	14485	
816	14	170	19598	14764	
832	15	174	19982	15048	
848	15	178	20366	15328	
864	15	183	20752	15611	
880	16	187	21136	16026	
896	16	191	21520	16308	
912	16	196	21904	16589	
928	16	200	22288	16872	
944	17	204	22672	17152	
960	17	209	23056	17436	
976	17	213	23440	17715	
992	17	217	23824	17996	
1008	18	222	24208	18279	
1024	18	226	24592	18560	
