#input	time	ios	pfs	timems	
16	2	4500133	2	2771	
32	5	8694440	4	5524	
48	8	12888747	4	8282	
64	11	17083055	4	11034	
80	13	21277362	4	13783	
96	16	25471669	4	16910	
112	19	29665977	4	19671	
128	22	33860284	4	22600	
144	25	38054591	4	25373	
160	28	42248899	4	28126	
176	30	46443206	5	30885	
192	33	50637513	5	33786	
208	36	54831821	5	36640	
224	39	59026128	5	39394	
240	42	63220435	6	42187	
256	44	67414743	6	44948	
272	47	71609050	6	47733	
288	50	75803357	6	50540	
304	53	79997665	6	53783	
320	56	84191972	6	56625	
336	60	88386279	6	60086	
352	62	92580587	6	62876	
368	65	96774894	6	65628	
384	68	100969201	6	68381	
400	71	105163509	6	71144	
416	73	109357816	6	73894	
432	76	113552123	6	76647	
448	79	117746430	6	79409	
464	82	121940738	6	82159	
480	84	126135045	6	84907	
496	87	130329352	6	87788	
512	90	134523660	7	90544	
528	93	138717967	7	93311	
544	96	142912274	7	96088	
560	98	147106582	7	98839	
576	101	151300889	7	101589	
592	104	155495196	7	104339	
608	107	159689504	7	107092	
624	109	163883811	7	109844	
640	112	168078118	7	112601	
656	115	172272427	7	115380	
672	118	176466735	7	118153	
688	120	180661043	7	120913	
704	123	184855352	7	123664	
720	126	189049660	7	126419	
736	129	193243968	7	129170	
752	131	197438277	8	131922	
768	134	201632585	8	134692	
784	137	205826893	8	137454	
800	140	210021202	8	140207	
816	142	214215510	8	142956	
832	145	218409818	8	145705	
848	148	222604126	8	148474	
864	151	226798435	8	151224	
880	153	230992743	8	153975	
896	156	235187051	8	156725	
912	159	239381360	8	159495	
928	162	243575668	8	162253	
944	165	247769976	8	165003	
960	167	251964285	8	167757	
976	170	256158593	8	170518	
992	173	260352901	8	173269	
1008	176	264547210	8	176026	
1024	178	268741518	8	178776	
