#input	time	ios	pfs	timems	
64	1	4097	2	1147	
128	2	8197	4	2316	
192	3	12297	4	3484	
256	4	16398	4	4611	
320	5	20498	4	5821	
384	6	24598	4	6961	
448	8	28698	4	8137	
512	9	32799	4	9305	
576	10	36899	4	10490	
640	11	40999	5	11753	
704	12	45100	6	12939	
768	14	49200	6	14124	
832	15	53300	6	15312	
896	16	57400	6	16497	
960	17	61501	6	17769	
1024	18	65601	6	18954	
1088	20	69701	6	20298	
1152	21	73802	6	21484	
1216	22	77902	6	22669	
1280	23	82002	6	23939	
1344	25	86102	6	25126	
1408	26	90203	6	26312	
1472	27	94303	6	27497	
1536	28	98403	7	28684	
1600	29	102504	7	29963	
1664	31	106604	7	31147	
1728	32	110704	7	32336	
1792	33	114804	7	33529	
1856	34	118905	7	34714	
1920	36	123005	7	36061	
1984	37	127105	7	37246	
2048	38	131205	7	38432	
2112	39	135306	7	39620	
2176	40	139406	7	40806	
2240	42	143506	7	42074	
2304	43	147607	7	43266	
2368	44	151707	7	44452	
2432	45	155807	7	45640	
2496	46	159907	7	46825	
2560	48	164008	8	48103	
2624	49	168108	8	49290	
2688	50	172208	8	50476	
2752	51	176309	8	51661	
2816	52	180409	8	52850	
2880	54	184510	8	54118	
2944	55	188611	8	55303	
3008	56	192713	8	56489	
3072	57	196814	8	57674	
3136	58	200915	8	58863	
3200	60	205017	8	60140	
3264	61	209118	8	61324	
3328	62	213219	8	62513	
3392	63	217320	8	63705	
3456	64	221422	8	64890	
3520	66	225523	8	66168	
3584	67	229624	8	67354	
3648	68	233725	9	68543	
3712	69	237827	9	69728	
3776	70	241928	9	70916	
3840	72	246029	9	72268	
3904	73	250131	9	73456	
3968	74	254232	9	74642	
4032	75	258333	9	75827	
4096	77	262434	9	77013	
4160	78	266536	9	78281	
4224	79	270637	9	79470	
4288	80	274738	9	80655	
4352	81	278840	9	81840	
4416	83	282941	9	83028	
4480	84	287042	9	84288	
4544	85	291143	9	85474	
4608	86	295245	9	86662	
4672	87	299346	9	87848	
4736	89	303447	9	89033	
4800	90	307549	9	90301	
4864	91	311650	9	91487	
4928	92	315751	10	92672	
4992	93	319852	10	93861	
5056	95	323954	10	95046	
5120	96	328055	10	96318	
