#input	time	ios	pfs	timems	
64	1	344485	4	1918	
128	3	360873	6	3903	
192	5	377261	6	5869	
256	7	393650	6	7887	
320	9	410038	6	9760	
384	11	426426	6	11783	
448	13	442814	6	13834	
512	15	459203	6	15806	
576	17	475591	6	17760	
640	19	491979	6	19649	
704	21	508368	7	21538	
768	23	524756	7	23427	
832	25	541144	8	25435	
896	27	557532	8	27327	
960	29	573921	8	29300	
1024	31	590309	8	31188	
1088	33	606697	8	33077	
1152	35	623086	8	35057	
1216	36	639474	8	36947	
1280	38	655862	8	38838	
1344	40	672250	8	40926	
1408	42	688639	8	42816	
1472	44	705027	8	44707	
1536	46	721415	8	46676	
1600	48	737804	8	48567	
1664	50	754192	8	50457	
1728	52	770580	8	52350	
1792	54	786968	8	54310	
1856	56	803357	8	56247	
1920	58	819745	8	58212	
1984	60	836133	8	60102	
2048	61	852521	8	61992	
2112	63	868910	8	63962	
2176	65	885298	9	65855	
2240	67	901686	9	67745	
2304	69	918075	9	69732	
2368	71	934463	9	71624	
2432	73	950851	9	73514	
2496	75	967239	9	75406	
2560	77	983628	9	77379	
2624	79	1000016	9	79272	
2688	81	1016404	9	81248	
2752	83	1032793	9	83142	
2816	85	1049182	10	85035	
2880	87	1065571	10	87005	
2944	88	1081960	10	88897	
3008	90	1098350	10	90791	
3072	92	1114739	10	92793	
3136	94	1131128	10	94684	
3200	96	1147518	10	96577	
3264	98	1163907	10	98468	
3328	100	1180296	10	100421	
3392	102	1196685	10	102352	
3456	104	1213075	10	104315	
3520	106	1229464	10	106209	
3584	108	1245853	10	108103	
3648	110	1262242	10	110069	
3712	111	1278632	10	111961	
3776	113	1295021	10	113892	
3840	115	1311410	10	115853	
3904	117	1327800	10	117746	
3968	119	1344189	10	119638	
4032	121	1360578	10	121575	
4096	123	1376967	10	123511	
4160	125	1393357	10	125406	
4224	127	1409746	10	127298	
4288	129	1426135	10	129276	
4352	131	1442525	10	131170	
4416	133	1458914	10	133166	
4480	135	1475303	10	135059	
4544	136	1491692	10	136952	
4608	138	1508082	11	138939	
4672	140	1524471	11	140834	
4736	142	1540860	11	142728	
4800	144	1557250	11	144734	
4864	146	1573639	11	146627	
4928	148	1590028	11	148519	
4992	150	1606417	11	150412	
5056	152	1622807	11	152358	
5120	154	1639196	11	154253	
