#input	time	ios	pfs	timems	
64	1	240063	4098	1213	
128	2	240067	8196	2390	
192	3	240071	12292	3516	
256	4	240076	16389	4643	
320	5	240080	20487	5853	
384	6	240084	24584	6984	
448	8	240088	28683	8136	
512	9	240093	32779	9303	
576	10	240097	36876	10489	
640	11	240101	40973	11760	
704	12	240106	45070	12946	
768	14	240110	49166	14131	
832	15	240114	53263	15319	
896	16	240118	57359	16504	
960	17	240123	61456	17781	
1024	18	240127	65552	18970	
1088	20	240131	69648	20155	
1152	21	240136	73746	21341	
1216	22	240140	77842	22534	
1280	23	240144	81939	23812	
1344	24	240148	86036	24999	
1408	26	240153	90133	26184	
1472	27	240157	94229	27370	
1536	28	240161	98326	28558	
1600	29	240166	102423	29828	
1664	31	240170	106519	31012	
1728	32	240174	110617	32201	
1792	33	240178	114714	33386	
1856	34	240183	118812	34579	
1920	35	240187	122908	35951	
1984	37	240191	127004	37136	
2048	38	240195	131100	38322	
2112	39	240200	135196	39510	
2176	40	240204	139293	40695	
2240	41	240208	143389	41956	
2304	43	240213	147485	43282	
2368	44	240217	151581	44467	
2432	45	240222	155677	45655	
2496	46	240227	159773	46840	
2560	48	240233	163870	48101	
2624	49	240238	167967	49289	
2688	50	240243	172064	50474	
2752	51	240249	176161	51660	
2816	52	240254	180257	52847	
2880	54	240259	184353	54117	
2944	55	240264	188450	55302	
3008	56	240270	192549	56488	
3072	57	240275	196647	57673	
3136	58	240280	200743	58860	
3200	60	240286	204839	60130	
3264	61	240291	208936	61315	
3328	62	240296	213032	62511	
3392	63	240301	217130	63704	
3456	64	240307	221226	64889	
3520	66	240312	225322	66166	
3584	67	240317	229418	67353	
3648	68	240322	233514	68541	
3712	69	240328	237611	69726	
3776	70	240333	241707	70914	
3840	72	240338	245804	72192	
3904	73	240344	249901	73379	
3968	74	240349	253998	74565	
4032	75	240354	258094	75750	
4096	76	240359	262190	76936	
4160	78	240365	266287	78221	
4224	79	240370	270385	79406	
4288	80	240375	274481	80595	
4352	81	240381	278577	81780	
4416	82	240386	282674	82968	
4480	84	240391	286770	84228	
4544	85	240396	290866	85414	
4608	86	240402	294964	86618	
4672	87	240407	299060	87803	
4736	88	240412	303156	88989	
4800	90	240418	307253	90258	
4864	91	240423	311349	91444	
4928	92	240428	315445	92629	
4992	93	240433	319542	93817	
5056	95	240439	323639	95002	
5120	96	240444	327737	96273	
