#input	time	ios	pfs	timems	pbo	dbo	ibo	pbu	ndo	
10	8	980	0	8414	0	0	0	0	0	
20	18	1960	0	18914	0	0	0	0	0	
30	30	2941	0	30051	0	0	0	0	0	
40	536	3953	0	536050	1	0	0	0	1	
50	551	4933	0	551344	1	0	0	0	1	
60	567	5914	0	567145	1	0	0	0	1	
70	590	6894	0	590058	374470	0	0	0	1	
80	632	7874	0	632333	934689	0	0	0	1	
90	6954	9163	0	6954998	934690	0	2	4	4	
100	6976	10143	0	6976139	934690	0	2	4	4	
110	7005	11123	0	7005090	934690	0	2	4	4	
120	12101	12151	0	12101653	934690	0	3	4	4	
130	12199	13131	0	12199055	934690	0	3	4	4	
140	29913	14153	0	29915597	934690	0	4	4	4	
150	30040	15134	0	30040299	934690	0	4	4	4	
160	30059	16114	0	30059766	935261	0	4	4	4	
170	72177	17136	0	72177281	1190090	0	5	4	4	
176	117170	17775	0	117177400	1335333	0	6	4	4	
