#input	time	ios	pfs	timems	pbo	dbo	ibo	pbu	ndo	
0	1	1	1	1	1	1	1	1	1
10	12	1012	0	12684	117209	0	0	0	1	
20	84	2431	0	84850	117210	0	5	4	4	
30	170	3921	0	170306	212275	0	10	9	7	
40	292	5822	0	292738	212275	0	20	17	13	
50	346	7147	0	346487	212276	0	28	17	14	
60	397	8445	0	397803	212276	0	36	17	14	
70	498	9975	0	498248	212277	0	50	17	15	
80	652	11997	0	652332	212277	0	58	27	20	
90	778	13833	0	778447	212277	0	75	29	23	
100	859	15256	0	859853	212278	0	86	29	24	
110	1142	18157	0	1142459	212279	0	106	47	33	
120	1187	19450	0	1187291	212279	0	114	47	33	
130	1322	21403	0	1322950	212279	0	133	50	37	
140	1382	22834	0	1382578	212279	0	145	50	37	
150	1518	24634	0	1518133	212280	0	168	50	37	
160	1720	27105	0	1720604	212280	0	186	60	42	
170	1911	29197	0	1911779	212282	0	209	63	47	
180	2040	30913	0	2040749	212283	0	226	64	49	
190	2282	33513	0	2282309	212283	0	241	78	56	
200	2368	35088	0	2368769	212283	0	257	78	56	
210	2459	36720	0	2459012	212283	0	275	78	56	
220	2667	39233	0	2667844	212283	0	291	91	62	
230	2898	41685	0	2898207	212284	0	317	98	67	
240	2998	43309	0	2998711	212284	0	334	98	67	
250	3090	44868	0	3090220	212284	0	350	98	67	
260	3262	46903	0	3262753	212284	0	378	99	69	
270	3354	48447	0	3354518	212284	0	393	99	69	
280	3541	50390	0	3541720	212286	0	419	99	71	
290	3674	52124	0	3674780	212286	0	440	99	71	
300	3896	54192	0	3896191	212288	0	470	99	72	
310	4154	56698	0	4154676	212288	0	500	103	77	
320	4465	59693	0	4465608	212288	0	520	120	87	
330	4571	61276	0	4571171	212289	0	536	120	87	
340	4882	64326	0	4882920	212291	0	558	136	95	
350	4987	65997	0	4987891	212291	0	577	136	95	
360	5112	67723	0	5112768	212292	0	597	136	96	
370	5296	69810	0	5296158	212293	0	622	138	100	
380	5425	71583	0	5425634	212293	0	644	138	100	
390	5661	73953	0	5661959	212295	0	677	140	104	
400	5783	75683	0	5783407	212295	0	698	140	104	
410	5968	77847	0	5968760	212295	0	730	141	106	
420	6136	79784	0	6136470	212295	0	757	141	106	
430	6276	81651	0	6276780	212295	0	782	141	106	
440	6556	84233	0	6556256	212296	0	818	144	112	
450	6678	85914	0	6678308	212296	0	837	144	112	
460	6881	88044	0	6881313	212296	0	868	145	114	
470	7272	91672	0	7272943	212296	0	886	173	123	
480	7618	94926	0	7618820	212296	0	921	185	131	
490	7783	96923	0	7783053	212297	0	947	186	134	
500	7904	98779	0	7904440	212297	0	972	186	134	
510	8026	100560	0	8026928	212297	0	994	186	134	
520	8250	102786	0	8250955	212300	0	1028	186	137	
530	8386	104634	0	8386784	212300	0	1050	187	139	
540	8566	106732	0	8566764	212300	0	1082	187	139	
550	8929	110218	0	8929581	212300	0	1105	209	149	
560	9002	111772	0	9002145	212300	0	1120	209	149	
570	9172	113995	0	9172929	212300	0	1154	210	151	
580	9317	115949	0	9317828	212300	0	1181	210	151	
590	9539	118404	0	9539463	212301	0	1224	210	152	
600	9675	120281	0	9675231	212301	0	1249	210	152	
610	9891	122678	0	9891251	212301	0	1290	210	152	
620	10364	126870	0	10364807	212302	0	1330	235	163	
630	10545	129088	0	10545433	212302	0	1365	235	163	
640	10790	131539	0	10790919	212303	0	1398	238	168	
650	10933	133463	0	10933431	212304	0	1425	238	169	
660	11182	136076	0	11182746	212305	0	1463	242	174	
670	11480	139081	0	11480962	212305	0	1501	249	181	
680	11708	141524	0	11708456	212306	0	1535	252	185	
690	11968	144242	0	11968504	212306	0	1577	255	188	
700	12210	146797	0	12210265	212306	0	1611	259	191	
710	12356	148787	0	12356432	212306	0	1640	259	191	
720	12564	151182	0	12564113	212306	0	1674	261	194	
730	12897	154356	0	12897908	212306	0	1719	269	199	
740	13117	156703	0	13117490	212306	0	1758	269	199	
750	13347	159163	0	13347703	212306	0	1794	272	202	
760	13531	161336	0	13531836	212306	0	1828	272	202	
770	13678	163266	0	13678545	212306	0	1855	272	202	
780	14060	166716	0	14060910	212306	0	1900	284	208	
790	14256	168890	0	14256852	212306	0	1935	284	208	
800	14503	171302	0	14503782	212307	0	1973	285	211	
810	14689	173393	0	14689641	212307	0	2005	285	211	
820	14886	175562	0	14886647	212307	0	2039	285	211	
830	15118	177912	0	15118976	212308	0	2074	286	214	
840	15360	180399	0	15360395	212308	0	2115	287	216	
850	15766	183857	0	15766061	212310	0	2160	298	230	
860	16301	188062	0	16301172	212311	0	2194	325	244	
870	16624	191177	0	16624007	212312	0	2235	333	250	
880	16785	193226	0	16785598	212312	0	2265	333	250	
890	16938	195291	0	16938239	212312	0	2296	333	250	
900	17135	197626	0	17135677	212312	0	2333	334	252	
910	17754	202746	0	17754339	212312	0	2362	378	264	
920	17812	204227	0	17812491	212312	0	2375	378	264	
930	18097	207221	0	18097656	212313	0	2401	391	272	
940	18265	209480	0	18265510	212313	0	2438	391	272	
950	18478	211972	0	18478147	212313	0	2481	391	272	
960	18653	214256	0	18653380	212313	0	2519	391	272	
970	18822	216534	0	18822281	212313	0	2557	391	272	
980	18992	218715	0	18992746	212313	0	2586	392	274	
990	19184	221126	0	19184534	212313	0	2627	392	274	
1000	19684	225695	0	19684807	212314	0	2681	413	286	
1010	19834	227799	0	19834098	212314	0	2714	413	286	
1020	20193	231218	0	20193327	212315	0	2764	422	292	
1030	20343	233266	0	20343246	212315	0	2794	422	292	
1040	20578	235845	0	20578284	212315	0	2840	422	292	
1050	20762	238089	0	20762122	212316	0	2876	422	293	
1060	21182	241972	0	21182941	212317	0	2924	438	300	
1070	21402	244446	0	21402635	212318	0	2967	438	301	
1080	22056	249926	0	22056433	212319	0	3017	475	318	
1090	22191	251915	0	22191890	212319	0	3045	475	318	
1100	22384	254232	0	22384452	212319	0	3084	475	318	
1110	22602	256724	0	22602400	212319	0	3129	475	318	
1120	22894	259737	0	22894792	212319	0	3175	480	323	
1130	23056	261826	0	23056864	212320	0	3206	480	323	
1140	23295	264387	0	23295492	212321	0	3249	481	326	
1150	23529	266879	0	23529121	212322	0	3290	482	329	
1160	23710	269127	0	23710513	212322	0	3327	482	329	
1170	23901	271452	0	23901767	212322	0	3366	482	329	
1180	24167	274118	0	24167184	212323	0	3414	482	330	
1190	24393	276633	0	24393505	212323	0	3459	482	330	
1200	24574	278778	0	24574496	212323	0	3492	482	330	
1210	24937	282106	0	24937451	212324	0	3535	494	336	
1220	25113	284318	0	25113007	212324	0	3570	494	336	
1230	25354	286893	0	25354380	212324	0	3616	494	336	
1240	25577	289427	0	25577727	212324	0	3662	494	336	
1250	25788	291755	0	25788354	212325	0	3700	494	337	
1260	26188	295385	0	26188195	212326	0	3744	510	344	
1270	26488	298298	0	26488613	212327	0	3783	517	349	
1280	26752	300920	0	26752609	212327	0	3831	517	349	
1290	26986	303547	0	26986212	212327	0	3872	519	352	
1300	27302	306449	0	27302824	212328	0	3915	524	357	
1310	27585	309104	0	27585441	212328	0	3961	525	359	
1320	27873	311840	0	27873761	212328	0	4007	527	362	
1330	28109	314338	0	28109119	212328	0	4051	527	362	
1340	28344	316782	0	28344064	212328	0	4093	527	362	
1350	28550	319141	0	28550620	212328	0	4133	527	362	
1360	28856	321897	0	28856654	212328	0	4184	527	362	
1370	29098	324329	0	29098810	212329	0	4220	529	366	
1380	29352	326928	0	29352177	212329	0	4267	529	366	
1390	29598	329404	0	29598408	212329	0	4309	530	368	
1400	29835	331816	0	29835531	212329	0	4350	530	368	
1410	30141	334696	0	30141708	212329	0	4404	531	370	
1420	30417	337354	0	30417075	212330	0	4450	532	373	
1430	30690	340006	0	30690542	212330	0	4492	534	376	
1440	30994	342777	0	30994271	212331	0	4536	537	380	
1450	31499	347103	0	31499372	212331	0	4560	571	393	
1460	31628	348983	0	31628644	212331	0	4585	571	393	
1470	31843	351334	0	31843736	212332	0	4624	571	393	
1480	32131	354111	0	32131580	212333	0	4676	571	394	
1490	32387	356746	0	32387328	212333	0	4719	573	397	
1500	32741	359730	0	32741876	212334	0	4777	573	398	
1510	33082	363092	0	33082492	212335	0	4820	585	404	
1520	33310	365557	0	33310438	212336	0	4863	585	405	
1530	33739	369323	0	33739409	212336	0	4923	592	413	
1540	34010	372111	0	34010903	212337	0	4958	600	418	
1550	34267	374767	0	34267092	212338	0	5006	600	418	
1560	34720	378929	0	34720407	212338	0	5059	618	426	
1570	34954	381525	0	34954904	212338	0	5097	621	429	
1580	35165	383900	0	35165406	212338	0	5138	621	429	
1590	35434	386682	0	35434128	212338	0	5186	623	432	
1600	35692	389238	0	35692033	212338	0	5232	623	432	
1610	35877	391552	0	35877504	212338	0	5270	623	432	
1620	36167	394390	0	36167341	212339	0	5324	623	432	
1630	36444	397167	0	36444244	212339	0	5377	623	432	
1640	36663	399487	0	36663389	212339	0	5415	623	432	
1650	36985	402389	0	36985779	212339	0	5469	624	434	
1660	37200	404859	0	37200774	212339	0	5513	624	434	
1670	37495	407710	0	37495733	212340	0	5567	624	435	
1680	37791	410594	0	37791643	212340	0	5622	624	435	
1690	38061	413171	0	38061271	212341	0	5669	624	435	
1700	38497	416841	0	38497933	212343	0	5718	636	444	
1710	38771	419640	0	38771700	212343	0	5763	639	447	
1720	39121	422652	0	39121241	212345	0	5822	639	448	
1730	39340	425105	0	39340894	212346	0	5861	640	450	
1740	39670	428191	0	39670615	212347	0	5914	643	454	
1750	39973	431028	0	39973020	212347	0	5969	643	454	
1760	40234	433651	0	40234559	212347	0	6017	643	454	
1770	40744	437887	0	40744200	212348	0	6061	664	467	
1780	40994	440486	0	40994007	212348	0	6108	664	467	
1790	41369	443881	0	41369276	212349	0	6158	671	474	
1800	41646	446702	0	41646383	212349	0	6212	671	474	
1810	41920	449628	0	41920843	212349	0	6250	678	478	
1820	42278	452965	0	42278285	212350	0	6304	684	484	
1830	42488	455206	0	42488547	212351	0	6339	684	486	
1840	42712	457647	0	42712358	212351	0	6381	684	486	
1850	43091	461153	0	43091982	212351	0	6430	694	494	
1860	43330	463710	0	43330937	212351	0	6475	694	494	
1870	43719	467228	0	43719767	212352	0	6533	702	499	
1880	43976	469854	0	43976351	212353	0	6577	703	501	
1890	44377	473219	0	44377736	212355	0	6634	707	507	
1900	44623	475757	0	44623299	212355	0	6672	709	510	
1910	44907	478456	0	44907059	212356	0	6721	709	510	
1920	45501	483097	0	45501158	212357	0	6786	726	525	
1930	45712	485457	0	45712539	212357	0	6825	726	525	
1940	46048	488513	0	46048845	212357	0	6878	729	528	
1950	46353	491483	0	46353687	212357	0	6924	735	532	
1960	46627	494074	0	46627722	212358	0	6970	735	532	
1970	46980	497453	0	46980329	212359	0	7016	744	539	
1980	47228	499992	0	47228341	212359	0	7061	744	539	
1990	47540	502737	0	47540063	212360	0	7112	744	540	
2000	47762	505129	0	47762414	212360	0	7152	744	540	
2010	48066	507991	0	48066520	212361	0	7204	745	542	
2020	48308	510554	0	48308691	212361	0	7246	746	544	
2030	48524	512970	0	48524522	212361	0	7287	746	544	
2040	48792	515688	0	48792477	212361	0	7338	746	544	
2050	49067	518335	0	49067752	212361	0	7387	746	544	
2060	49330	520895	0	49330016	212362	0	7433	746	544	
2070	49622	523608	0	49622309	212362	0	7484	746	544	
2080	49954	526517	0	49954425	212362	0	7541	746	544	
2090	50192	529037	0	50192031	212362	0	7583	747	546	
2100	50743	533492	0	50743861	212362	0	7645	760	561	
2110	51073	536396	0	51073359	212363	0	7701	760	562	
2120	51359	539113	0	51359445	212363	0	7752	760	562	
2130	51662	542041	0	51662595	212363	0	7802	762	565	
2140	51981	544973	0	51981906	212364	0	7857	763	568	
2150	52207	547332	0	52207872	212365	0	7896	763	569	
2160	52449	549844	0	52449471	212365	0	7940	763	569	
2170	53011	554484	0	53011774	212366	0	7994	783	583	
2180	53258	557016	0	53258562	212367	0	8035	784	586	
2190	53614	559985	0	53614771	212369	0	8092	784	588	
2200	53840	562415	0	53840937	212370	0	8134	784	589	
2210	54099	564987	0	54099084	212370	0	8180	784	589	
2220	54321	567405	0	54321721	212370	0	8222	784	589	
2230	54712	570802	0	54712157	212371	0	8278	791	594	
2240	55147	574677	0	55147869	212371	0	8330	804	601	
2250	55488	577822	0	55488631	212371	0	8375	810	606	
2260	55789	580746	0	55789195	212371	0	8427	812	609	
2270	56126	583719	0	56126133	212371	0	8485	812	609	
2280	56308	585910	0	56308154	212371	0	8519	812	609	
2290	56594	588592	0	56594625	212371	0	8569	812	609	
2300	56864	591266	0	56864453	212371	0	8619	812	609	
2310	57155	594047	0	57155989	212371	0	8672	812	609	
2320	57711	598688	0	57711176	212372	0	8698	850	624	
2330	57826	600532	0	57826780	212372	0	8722	850	624	
2340	58000	602790	0	58000869	212372	0	8759	850	624	
2350	58485	606806	0	58485844	212374	0	8825	859	632	
2360	58816	610097	0	58816525	212375	0	8870	868	638	
2370	59048	612628	0	59048965	212375	0	8915	868	638	
2380	59884	618845	0	59884523	212375	0	8962	916	653	
2390	59920	620156	0	59920523	212375	0	8970	916	653	
2400	60071	622285	0	60071846	212375	0	9002	916	653	
2410	60429	625670	0	60429032	212375	0	9060	920	657	
2420	60643	628144	0	60643746	212375	0	9103	920	657	
2430	60966	631259	0	60966062	212376	0	9165	920	658	
2440	61168	633785	0	61168487	212376	0	9210	920	658	
2450	61804	639141	0	61804537	212379	0	9268	949	674	
2460	62060	641915	0	62060410	212379	0	9318	950	676	
2470	62356	644960	0	62356599	212379	0	9366	954	680	
2480	62747	648485	0	62747594	212379	0	9433	957	683	
2490	63025	651410	0	63025539	212379	0	9491	957	683	
2500	63211	653771	0	63211367	212379	0	9530	957	683	
2510	63663	657812	0	63663530	212380	0	9600	965	691	
2520	64188	662416	0	64188904	212380	0	9664	984	701	
2530	64398	664793	0	64398210	212381	0	9704	984	701	
2540	64806	668614	0	64806521	212381	0	9769	992	706	
2550	65055	671419	0	65055534	212381	0	9821	993	708	
2560	65477	675443	0	65477561	212381	0	9886	1005	713	
2570	65976	679780	0	65976750	212381	0	9958	1015	722	
2580	66231	682549	0	66231610	212381	0	10010	1015	722	
2590	66676	686507	0	66676384	212382	0	10077	1024	730	
2600	66961	689486	0	66961452	212382	0	10131	1025	732	
2610	67149	691787	0	67149214	212382	0	10169	1025	732	
2620	67438	694888	0	67438610	212383	0	10229	1026	734	
2630	67666	697451	0	67666763	212383	0	10275	1026	734	
2640	67936	700240	0	67936522	212383	0	10328	1026	734	
2650	68219	703198	0	68219211	212384	0	10386	1026	735	
2660	68456	705911	0	68456288	212384	0	10437	1026	735	
2670	68743	708912	0	68743031	212384	0	10496	1026	735	
2680	69043	711865	0	69043595	212385	0	10552	1027	738	
2690	69275	714453	0	69275922	212385	0	10598	1027	738	
2700	69605	717671	0	69605143	212385	0	10663	1027	738	
2710	70184	722468	0	70184910	212388	0	10732	1046	751	
2720	70538	725722	0	70538564	212389	0	10788	1050	755	
2730	70816	728628	0	70816481	212389	0	10845	1050	755	
2740	71037	731294	0	71037486	212389	0	10895	1050	755	
2750	71585	735977	0	71585930	212390	0	10946	1074	767	
2760	71962	739450	0	71962980	212392	0	11009	1078	774	
2770	72176	741906	0	72176083	212393	0	11051	1078	775	
2780	72490	745017	0	72490423	212394	0	11114	1078	776	
2790	72774	747915	0	72774358	212394	0	11170	1078	776	
2800	73022	750638	0	73022982	212394	0	11221	1078	776	
2810	73305	753623	0	73305609	212394	0	11281	1078	776	
2820	73471	755817	0	73471321	212394	0	11316	1078	776	
2830	73758	758800	0	73758048	212394	0	11374	1078	776	
2840	74040	761784	0	74040470	212395	0	11430	1079	778	
2850	74293	764444	0	74293195	212396	0	11478	1079	779	
2860	74625	767616	0	74625971	212397	0	11542	1079	780	
2870	74903	770467	0	74903211	212397	0	11596	1079	780	
2880	75184	773308	0	75184119	212397	0	11647	1080	782	
2890	75518	776554	0	75518679	212397	0	11714	1080	782	
2900	75691	778776	0	75691634	212397	0	11749	1080	782	
2910	75959	781690	0	75959852	212397	0	11805	1080	782	
2920	76296	784829	0	76296742	212397	0	11869	1080	782	
2930	76542	787486	0	76542460	212397	0	11918	1080	782	
2940	76853	790571	0	76853364	212397	0	11981	1080	782	
2950	77245	794258	0	77245853	212397	0	12045	1085	787	
2960	77532	797043	0	77532949	212399	0	12096	1085	789	
2970	77771	799675	0	77771083	212399	0	12144	1085	789	
2980	78058	802558	0	78058677	212399	0	12200	1085	789	
2990	78497	806466	0	78497631	212399	0	12265	1093	798	
3000	78778	809488	0	78778062	212399	0	12325	1093	798	
3010	79096	812486	0	79096563	212400	0	12378	1095	802	
3020	79781	817811	0	79781799	212401	0	12451	1118	816	
3030	80065	820757	0	80065916	212401	0	12508	1118	816	
3040	80284	823155	0	80284471	212401	0	12549	1118	816	
3050	80555	826006	0	80555652	212401	0	12603	1118	816	
3060	80858	828933	0	80858944	212402	0	12658	1119	818	
3070	81214	832216	0	81214608	212403	0	12724	1120	821	
3080	81525	835250	0	81525820	212403	0	12783	1120	821	
3090	81806	838081	0	81806736	212403	0	12837	1120	821	
3100	82081	840987	0	82081123	212403	0	12894	1120	821	
3110	82383	843943	0	82383408	212403	0	12943	1123	824	
3120	82680	846834	0	82680605	212403	0	12999	1123	824	
3130	83032	850050	0	83032423	212404	0	13064	1123	825	
3140	83289	852792	0	83289401	212404	0	13114	1124	827	
3150	83644	856007	0	83644735	212404	0	13176	1125	829	
3160	84062	859860	0	84062116	212404	0	13237	1133	837	
3170	84355	862723	0	84355711	212405	0	13289	1134	840	
3180	84732	866121	0	84732097	212406	0	13345	1139	846	
3190	85054	869140	0	85054110	212406	0	13404	1139	846	
3200	85335	872017	0	85335282	212407	0	13456	1140	848	
3210	85670	875136	0	85670856	212408	0	13519	1140	848	
3220	85941	877870	0	85941456	212409	0	13570	1140	849	
3230	86423	882246	0	86423294	212410	0	13648	1150	857	
