#input	time	ios	pfs	timems	pbo	dbo	ibo	pbu	ndo
0	1	1	1	1	1	1	1	1	1
10	6	980	0	6424	0	0	0	0	0	
20	14	1960	0	14633	0	0	0	0	0	
30	22	2941	0	22792	0	0	0	0	0	
40	28	3921	0	28040	0	0	0	0	0	
50	435	4901	0	435384	0	0	0	0	0	
60	4139	5882	0	4139348	0	0	0	0	0	
70	11320	6862	0	11320896	0	0	0	0	0	
80	20547	7842	0	20547466	0	0	0	0	0	
90	33960	8823	0	33960484	0	0	0	0	0	
100	50138	9803	0	50138715	0	0	0	0	0	
110	65599	10783	0	65599240	0	0	0	0	0	
120	84254	11764	0	84254271	0	0	0	0	0	
121	86401	11866	0	86401087	0	0	0	0	0	
