#input	time	ios	pfs	timems	pbo	dbo	ibo	pbu	ndo
0	1	1	1	1	1	1	1	1	1	
10	5	980	0	5063	0	0	0	0	0	
20	10	1960	0	10870	0	0	0	0	0	
30	16	2941	0	16886	0	0	0	0	0	
40	23	3921	0	23118	0	0	0	0	0	
50	29	4901	0	29498	0	0	0	0	0	
60	35	5882	0	35958	0	0	0	0	0	
70	42	6862	0	42505	0	0	0	0	0	
80	49	7842	0	49122	0	0	0	0	0	
90	55	8823	0	55812	0	0	0	0	0	
100	62	9803	0	62526	0	0	0	0	0	
110	69	10783	0	69306	0	0	0	0	0	
120	76	11764	0	76130	0	0	0	0	0	
130	83	12744	0	83033	0	0	0	0	0	
140	90	13724	0	90015	0	0	0	0	0	
150	97	14705	0	97070	0	0	0	0	0	
160	104	15685	0	104156	0	0	0	0	0	
170	111	16665	0	111294	0	0	0	0	0	
180	118	17646	0	118476	0	0	0	0	0	
190	125	18626	0	125708	0	0	0	0	0	
200	132	19606	0	132862	0	0	0	0	0	
210	176	20587	0	176538	0	0	0	0	0	
220	334	21567	0	334446	0	0	0	0	0	
230	669	22547	0	669073	0	0	0	0	0	
240	1231	23528	0	1231844	0	0	0	0	0	
250	2145	24508	0	2145712	0	0	0	0	0	
260	3347	25488	0	3347440	0	0	0	0	0	
270	4881	26469	0	4881992	0	0	0	0	0	
280	6743	27449	0	6743256	0	0	0	0	0	
290	9022	28429	0	9022853	0	0	0	0	0	
300	11722	29410	0	11722183	0	0	0	0	0	
310	14690	30390	0	14690573	0	0	0	0	0	
320	18114	31371	0	18114964	0	0	0	0	0	
330	21902	32351	0	21902250	0	0	0	0	0	
340	26024	33331	0	26024118	0	0	0	0	0	
350	30566	34312	0	30566231	0	0	0	0	0	
360	35570	35292	0	35570646	0	0	0	0	0	
370	41042	36272	0	41042798	0	0	0	0	0	
380	46930	37253	0	46931093	0	0	0	0	0	
390	53649	38233	0	53649837	0	0	0	0	0	
400	60522	39213	0	60522830	0	0	0	0	0	
410	67938	40194	0	67938721	0	0	0	0	0	
420	75720	41174	0	75720840	0	0	0	0	0	
430	83914	42154	0	83914312	0	0	0	0	0	
432	86401	42440	0	86401193	0	0	0	0	0	
