#input	time	ios	pfs	timems	pbo	dbo	ibo	pbu	ndo	ars	
25	12	3245	0	12382	1	0	0	0	0	0	
50	67	18687	0	67356	468471	0	2	3	1	0	
75	172	54677	0	172231	468472	0	6	8	3	0	
100	195	66881	0	195361	468472	0	8	8	3	0	
125	402	144402	0	402539	468475	0	16	17	6	0	
150	429	162257	0	429535	468475	0	19	17	6	0	
175	451	174825	0	451417	468475	0	21	17	6	0	
200	510	207544	0	510304	468475	0	27	17	6	0	
225	746	314525	0	746321	468476	0	38	27	10	0	
250	771	331550	0	771245	468476	0	41	27	10	0	
275	807	357020	0	807231	468476	0	46	27	10	0	
300	881	395566	0	881440	468477	0	54	27	10	0	
325	984	447340	0	984568	468479	0	65	27	10	0	
350	1077	500740	0	1077882	468481	0	75	27	10	0	
375	1329	611305	0	1329779	468482	0	82	40	15	0	
400	1360	632107	0	1360424	468482	0	86	40	15	0	
425	1448	690609	0	1448419	468482	0	100	40	15	0	
450	1506	733847	0	1506608	468482	0	108	40	15	0	
475	1571	774990	0	1571400	468482	0	118	40	15	0	
500	1631	819146	0	1631950	468482	0	126	40	15	0	
525	1798	894524	0	1798805	468485	0	143	41	16	0	
550	1916	958851	0	1916207	468486	0	157	42	17	0	
575	2060	1026802	0	2060076	468490	0	172	42	17	0	
600	2324	1156217	0	2324280	468491	0	180	55	23	0	
625	2364	1185609	0	2364372	468491	0	186	55	23	0	
650	2458	1230903	0	2458307	468492	0	197	56	24	0	
675	2539	1290628	0	2539281	468492	0	210	56	24	0	
700	2615	1340710	0	2615394	468492	0	223	56	24	0	
725	2729	1404154	0	2729837	468494	0	236	56	24	0	
750	2879	1481937	0	2879312	468497	0	250	58	26	0	
775	3014	1564290	0	3014150	468497	0	269	58	26	0	
800	3214	1667858	0	3214561	468500	0	288	61	28	0	
825	3341	1743394	0	3341632	468500	0	305	61	28	0	
850	3490	1828474	0	3490111	468501	0	320	63	30	0	
875	3578	1884134	0	3578790	468501	0	334	63	30	0	
900	3753	1978529	0	3753341	468502	0	354	64	31	0	
925	3907	2050952	0	3907791	468507	0	369	65	32	0	
950	4012	2115842	0	4012050	468507	0	384	65	32	0	
975	4210	2220726	0	4210176	468508	0	400	69	35	0	
1000	4536	2373760	0	4536718	468509	0	409	86	42	0	
1025	4572	2401765	0	4572890	468509	0	415	86	42	0	
1050	4653	2459827	0	4653282	468509	0	429	86	42	0	
1075	4760	2529828	0	4760360	468509	0	446	86	42	0	
1100	4918	2611531	0	4918905	468512	0	466	87	43	0	
1125	4964	2649566	0	4964863	468512	0	473	87	43	0	
1150	5070	2720389	0	5070438	468512	0	490	87	43	0	
1175	5199	2807712	0	5199065	468512	0	510	87	43	0	
1200	5304	2875028	0	5304533	468514	0	525	87	43	0	
1225	5431	2956242	0	5431020	468514	0	544	87	43	0	
1250	5666	3086464	0	5666606	468515	0	565	91	46	0	
1275	5738	3134352	0	5738318	468515	0	574	91	46	0	
1300	5858	3218408	0	5858335	468515	0	592	91	46	0	
1325	6132	3367722	0	6132367	468520	0	618	96	50	0	
1350	6194	3411060	0	6194857	468520	0	628	96	50	0	
1375	6422	3535007	0	6422928	468523	0	648	100	53	0	
1400	6672	3652999	0	6672022	468528	0	671	105	55	0	
1425	6792	3735578	0	6792158	468528	0	689	105	55	0	
1450	6955	3821043	0	6955715	468531	0	705	108	57	0	
1475	7095	3907955	0	7095803	468533	0	724	108	57	0	
1500	7211	3981574	0	7211999	468533	0	741	108	57	0	
1525	7316	4053683	0	7316712	468533	0	756	108	57	0	
1550	7444	4135801	0	7444116	468533	0	775	108	57	0	
1575	7620	4247973	0	7620055	468533	0	800	108	57	0	
1600	8015	4446099	0	8015029	468534	0	815	127	65	0	
1625	8039	4463021	0	8039599	468534	0	818	127	65	0	
1650	8080	4494675	0	8080852	468534	0	825	127	65	0	
1675	8161	4552302	0	8161985	468534	0	837	127	65	0	
1700	8244	4606786	0	8244016	468534	0	850	127	65	0	
1725	8357	4685291	0	8357930	468534	0	869	127	65	0	
1750	8498	4771797	0	8498766	468534	0	889	127	65	0	
1775	8622	4837240	0	8622528	468535	0	901	129	67	0	
1800	8822	4960069	0	8822148	468535	0	929	129	67	0	
1825	9044	5071467	0	9044120	468537	0	955	131	69	0	
1850	9141	5137979	0	9141705	468537	0	969	131	69	0	
1875	9406	5275777	0	9406747	468538	0	994	135	72	0	
1900	9571	5377628	0	9571686	468538	0	1016	135	72	0	
1925	9722	5452615	0	9722909	468539	0	1034	136	73	0	
1950	9980	5598179	0	9980130	468540	0	1056	143	77	0	
1975	10074	5658142	0	10074878	468540	0	1070	143	77	0	
2000	10209	5738478	0	10209105	468540	0	1087	143	77	0	
2025	10392	5840885	0	10392604	468542	0	1110	143	77	0	
2050	10603	5962030	0	10603580	468543	0	1139	144	78	0	
2075	10861	6091499	0	10861809	468547	0	1159	152	82	0	
2100	11147	6253548	0	11147468	468550	0	1183	159	87	0	
2125	11257	6328429	0	11257350	468550	0	1200	159	87	0	
2150	11341	6373839	0	11341105	468552	0	1210	159	87	0	
2175	11484	6478605	0	11484598	468552	0	1231	159	87	0	
2200	11579	6547078	0	11579929	468552	0	1247	159	87	0	
2225	11692	6627922	0	11692894	468552	0	1266	159	87	0	
2250	11892	6730377	0	11892799	468555	0	1287	162	89	0	
2275	12023	6822318	0	12023737	468555	0	1306	162	89	0	
2300	12224	6938641	0	12224689	468556	0	1331	163	90	0	
2325	12574	7118659	0	12574370	468558	0	1357	175	95	0	
2350	12695	7197562	0	12695437	468558	0	1373	175	95	0	
2375	12816	7276884	0	12816808	468558	0	1391	175	95	0	
2400	13083	7417837	0	13083564	468563	0	1413	180	99	0	
2425	13206	7496919	0	13206656	468563	0	1432	180	99	0	
2450	13516	7660559	0	13516402	468567	0	1460	187	105	0	
2475	13631	7736259	0	13631511	468567	0	1477	187	105	0	
2500	13784	7846553	0	13784288	468567	0	1500	187	105	0	
2525	13971	7949453	0	13971452	468569	0	1525	189	107	0	
2550	14042	7999813	0	14042361	468569	0	1537	189	107	0	
2575	14167	8088604	0	14167338	468569	0	1556	189	107	0	
2600	14394	8207237	0	14394641	468571	0	1581	193	110	0	
2625	14506	8287817	0	14506946	468571	0	1597	193	110	0	
2650	14928	8500691	0	14928274	468572	0	1614	214	119	0	
2675	14957	8521084	0	14957105	468572	0	1618	214	119	0	
2700	15045	8584512	0	15045717	468572	0	1631	214	119	0	
2725	15149	8662831	0	15149120	468572	0	1648	214	119	0	
2750	15270	8742020	0	15270153	468572	0	1669	214	119	0	
2775	15394	8836364	0	15394975	468572	0	1689	214	119	0	
2800	15557	8935915	0	15557845	468572	0	1714	214	119	0	
2825	15660	9008836	0	15660182	468572	0	1730	214	119	0	
2850	15776	9081862	0	15776742	468574	0	1746	214	119	0	
2875	15922	9184663	0	15922805	468574	0	1770	214	119	0	
2900	16345	9393324	0	16345220	468579	0	1798	228	125	0	
2925	16596	9546096	0	16596110	468580	0	1825	232	128	0	
2950	16679	9606374	0	16679693	468580	0	1839	232	128	0	
2975	16816	9697799	0	16816599	468580	0	1863	232	128	0	
3000	16912	9770508	0	16912008	468580	0	1878	232	128	0	
3025	17114	9887461	0	17114240	468581	0	1901	236	131	0	
3050	17299	10010957	0	17299287	468581	0	1928	236	131	0	
3075	17464	10087875	0	17464625	468584	0	1941	241	133	0	
3100	17690	10206674	0	17690967	468589	0	1969	242	134	0	
3125	17816	10291180	0	17816768	468589	0	1990	242	134	0	
3150	18004	10419256	0	18004149	468589	0	2022	242	134	0	
3175	18121	10504163	0	18121317	468589	0	2040	242	134	0	
3200	18289	10616095	0	18289658	468589	0	2064	242	134	0	
3225	18462	10718597	0	18462688	468591	0	2089	242	134	0	
3250	18563	10788798	0	18563847	468591	0	2106	242	134	0	
3275	18700	10890880	0	18700935	468591	0	2128	242	134	0	
3300	19013	11055563	0	19013700	468593	0	2150	252	141	0	
3325	19239	11183604	0	19239975	468595	0	2180	254	143	0	
3350	19365	11263560	0	19365152	468595	0	2197	254	143	0	
3375	19590	11404470	0	19590740	468596	0	2229	255	144	0	
3400	19747	11510327	0	19747877	468596	0	2254	255	144	0	
3425	19875	11589101	0	19875686	468596	0	2272	255	144	0	
3450	20049	11696751	0	20049664	468598	0	2295	255	144	0	
3475	20220	11803558	0	20220937	468600	0	2320	255	144	0	
3500	20541	11973512	0	20541214	468604	0	2343	267	150	0	
3525	20676	12056055	0	20676514	468604	0	2361	267	150	0	
3550	20839	12169500	0	20839107	468604	0	2385	267	150	0	
3575	21194	12374006	0	21194860	468607	0	2416	278	156	0	
3600	21342	12475624	0	21342453	468607	0	2439	278	156	0	
3625	21466	12564632	0	21466779	468607	0	2459	278	156	0	
3650	21556	12628652	0	21556007	468607	0	2473	278	156	0	
3675	21691	12710742	0	21691630	468609	0	2494	278	156	0	
3700	21842	12810735	0	21842325	468609	0	2517	278	156	0	
3725	22061	12942177	0	22061330	468610	0	2544	281	158	0	
3750	22164	13004980	0	22164406	468610	0	2559	281	158	0	
3775	22306	13098991	0	22306494	468612	0	2580	281	158	0	
3800	22519	13241653	0	22519301	468612	0	2612	281	158	0	
3825	22676	13336460	0	22676734	468613	0	2634	282	159	0	
3850	22764	13398751	0	22764016	468613	0	2648	282	159	0	
3875	22955	13520481	0	22955760	468613	0	2675	282	159	0	
3900	23154	13638919	0	23154098	468614	0	2698	284	161	0	
3925	23421	13790898	0	23421786	468617	0	2725	288	164	0	
3950	23613	13911778	0	23613072	468617	0	2752	288	164	0	
3975	23759	14000352	0	23759849	468619	0	2770	288	164	0	
4000	23903	14098834	0	23903749	468619	0	2792	288	164	0	
4025	24256	14300902	0	24256459	468620	0	2824	298	169	0	
4050	24401	14398106	0	24401512	468620	0	2845	298	169	0	
4075	24517	14479700	0	24517552	468620	0	2861	298	169	0	
4100	24659	14570787	0	24659975	468620	0	2882	298	169	0	
4125	24842	14683664	0	24842367	468621	0	2908	299	170	0	
4150	25265	14915948	0	25265521	468622	0	2932	319	177	0	
4175	25481	15039964	0	25481212	468623	0	2960	320	178	0	
4200	25617	15126560	0	25617033	468623	0	2979	320	178	0	
4225	25770	15232388	0	25770963	468623	0	3002	320	178	0	
4250	26175	15454790	0	26175342	468624	0	3014	342	188	0	
4275	26210	15483497	0	26210746	468624	0	3020	342	188	0	
4300	26266	15522113	0	26266102	468624	0	3030	342	188	0	
4325	26361	15593593	0	26361275	468624	0	3044	342	188	0	
4350	26796	15826030	0	26796857	468626	0	3071	360	194	0	
4375	26940	15924985	0	26940984	468626	0	3093	360	194	0	
4400	27156	16050144	0	27156991	468627	0	3119	362	196	0	
4425	27347	16157852	0	27347897	468629	0	3137	365	199	0	
4450	27523	16278802	0	27523098	468629	0	3167	365	199	0	
4475	27623	16356591	0	27623855	468629	0	3184	365	199	0	
4500	27710	16407704	0	27710838	468629	0	3195	365	199	0	
4525	27863	16506660	0	27863638	468629	0	3221	365	199	0	
4550	28086	16642199	0	28086467	468630	0	3249	368	201	0	
4575	28356	16799005	0	28356172	468631	0	3280	372	205	0	
4600	28480	16879341	0	28480996	468631	0	3299	372	205	0	
4625	28714	17010632	0	28714181	468634	0	3326	376	207	0	
4650	28950	17153801	0	28950232	468634	0	3360	376	207	0	
4675	29182	17297036	0	29182662	468635	0	3388	378	209	0	
4700	29302	17374370	0	29302031	468635	0	3406	378	209	0	
4725	29438	17460753	0	29438447	468635	0	3425	378	209	0	
4750	29598	17560654	0	29598971	468635	0	3451	378	209	0	
4775	29803	17674064	0	29803506	468636	0	3478	378	209	0	
4800	29908	17745880	0	29908103	468636	0	3494	378	209	0	
4825	30214	17922602	0	30214841	468639	0	3525	382	213	0	
4850	30368	18021612	0	30368133	468639	0	3550	382	213	0	
4875	30744	18249283	0	30744238	468640	0	3590	393	217	0	
4900	30868	18333875	0	30868385	468640	0	3608	393	217	0	
4925	31063	18444877	0	31063289	468641	0	3637	394	218	0	
4950	31198	18530577	0	31198868	468641	0	3657	394	218	0	
4975	31389	18645953	0	31389514	468641	0	3685	394	218	0	
5000	31500	18726190	0	31500263	468641	0	3702	394	218	0	
5025	31719	18856154	0	31719084	468642	0	3732	396	220	0	
5050	31871	18956956	0	31871905	468642	0	3757	396	220	0	
5075	32060	19083205	0	32060417	468642	0	3786	396	220	0	
5100	32474	19303262	0	32474143	468646	0	3818	406	228	0	
5125	32635	19401895	0	32635472	468648	0	3841	406	228	0	
