#input	time	ios	pfs	timems	pbo	dbo	ibo	pbu	ndo	
25	9	7156100	42737	9661	176967	0	160156	8261	7090	
50	77	7158859	439966	77844	644203	0	160158	8265	7093	
75	104	7161399	746992	104502	644203	0	160160	8265	7093	
100	220	7164360	3114886	220240	1026251	0	160165	8270	7096	
125	239	7166900	3460459	239063	1026251	0	160167	8270	7096	
150	392	7170231	7625198	392763	1026251	0	160176	8278	7102	
175	410	7172771	7928834	410569	1026251	0	160178	8278	7102	
200	464	7175477	9042624	464879	1026252	0	160184	8278	7103	
225	520	7178202	10823901	520979	1026252	0	160191	8278	7103	
250	586	7180940	12650437	586609	1026253	0	160198	8278	7104	
275	629	7183578	13885529	629530	1026253	0	160203	8278	7104	
300	848	7187058	20569900	848729	1026253	0	160211	8288	7109	
325	956	7190051	23793512	956269	1026253	0	160219	8290	7112	
350	1020	7192806	25906034	1020398	1026253	0	160227	8290	7112	
375	1076	7195526	27392234	1076089	1026253	0	160234	8290	7112	
400	1162	7198291	30027419	1162319	1026254	0	160242	8290	7113	
425	1310	7201301	33869338	1310206	1026255	0	160255	8291	7116	
450	1584	7205162	41207747	1584426	1026255	0	160263	8308	7122	
475	1636	7207877	42407628	1636947	1026255	0	160270	8308	7122	
500	1714	7210703	44341244	1714700	1026255	0	160280	8308	7122	
525	1848	7213866	48189363	1848467	1026255	0	160292	8311	7126	
550	1891	7216542	49404872	1891432	1026255	0	160298	8311	7126	
575	1984	7219438	51742922	1984656	1026255	0	160310	8311	7126	
600	2092	7222344	54643956	2092131	1026256	0	160323	8311	7126	
625	2181	7225174	56796369	2181627	1026256	0	160333	8311	7126	
650	2414	7228847	63605091	2414884	1026256	0	160344	8321	7131	
675	2551	7231835	67069755	2551928	1026256	0	160359	8321	7131	
700	2652	7234708	69656162	2652907	1026257	0	160370	8321	7132	
725	2863	7238001	74952520	2863245	1026259	0	160383	8325	7138	
750	3206	7242024	83346304	3206836	1026259	0	160397	8339	7145	
775	3228	7244607	83797480	3228669	1026259	0	160400	8339	7145	
800	3329	7247531	86008742	3329554	1026259	0	160413	8339	7145	
825	3400	7250350	87437391	3400165	1026259	0	160423	8339	7145	
850	3708	7254374	95065247	3708496	1026259	0	160441	8352	7151	
875	3743	7256997	95639083	3743312	1026259	0	160445	8352	7151	
900	3816	7259788	97198384	3816559	1026259	0	160454	8352	7151	
925	4082	7263445	103103557	4082601	1026260	0	160473	8359	7156	
950	4186	7266342	105291697	4186483	1026260	0	160485	8359	7156	
975	4232	7269033	106301987	4232429	1026260	0	160491	8359	7156	
1000	4584	7273092	113501559	4584480	1026262	0	160511	8373	7162	
1025	4733	7276158	116397620	4733767	1026262	0	160528	8373	7162	
1050	4880	7279246	119507146	4880282	1026262	0	160544	8374	7164	
1075	4926	7281913	120267536	4926521	1026262	0	160549	8374	7164	
1100	5083	7284942	123156042	5083592	1026263	0	160565	8374	7165	
1125	5259	7288009	126357912	5259559	1026264	0	160582	8374	7166	
1150	5388	7290923	128486119	5388128	1026265	0	160594	8374	7167	
1175	5538	7293929	131185893	5538158	1026266	0	160609	8374	7167	
1200	5701	7296960	134123930	5701248	1026266	0	160626	8374	7167	
1225	5856	7299960	136784641	5856364	1026267	0	160641	8374	7167	
1250	6040	7303118	140377308	6040474	1026267	0	160659	8375	7169	
1275	6404	7307299	146508223	6404771	1026267	0	160673	8391	7177	
1300	6491	7310167	147952765	6491445	1026267	0	160684	8391	7177	
1325	6566	7312990	149252238	6566096	1026267	0	160694	8391	7177	
1350	6928	7317216	154792822	6928175	1026269	0	160708	8407	7185	
1375	7019	7320109	156034604	7019318	1026269	0	160720	8407	7185	
1400	7090	7322913	157077341	7090932	1026269	0	160730	8407	7185	
1425	7200	7325868	158695946	7200474	1026269	0	160744	8407	7185	
1450	7374	7328963	160950016	7374536	1026271	0	160761	8407	7186	
1475	7476	7331918	162449648	7476514	1026271	0	160775	8407	7186	
1500	7675	7335185	165348280	7675700	1026272	0	160792	8409	7190	
1525	7845	7338335	167729279	7845640	1026273	0	160811	8409	7190	
1550	7954	7341293	169351809	7954205	1026273	0	160825	8409	7190	
1575	8064	7344243	170997546	8064570	1026273	0	160839	8409	7190	
1600	8184	7347207	172867053	8184410	1026273	0	160853	8409	7190	
1625	8327	7350251	174840134	8327946	1026273	0	160870	8409	7190	
1650	8563	7353703	178283024	8563248	1026273	0	160892	8411	7193	
1675	8665	7356625	179770743	8665481	1026273	0	160905	8411	7193	
1700	8762	7359507	181051897	8762716	1026273	0	160917	8411	7193	
1725	8929	7362647	183291341	8929715	1026273	0	160936	8411	7193	
1750	9177	7366246	186939121	9177552	1026273	0	160959	8414	7198	
1775	9373	7369563	189641232	9373274	1026273	0	160982	8415	7200	
1800	9521	7372568	191756745	9521827	1026273	0	160997	8415	7200	
1825	9690	7375675	194275576	9690677	1026273	0	161016	8415	7200	
1850	10298	7380920	202426579	10298716	1026273	0	161039	8443	7209	
1875	10370	7383674	203297050	10370711	1026273	0	161047	8443	7209	
1900	10523	7386825	205167664	10523805	1026273	0	161065	8444	7211	
1925	10600	7389673	206025679	10600496	1026273	0	161076	8444	7211	
1950	10709	7392625	207466939	10709798	1026274	0	161089	8444	7212	
1975	10939	7396086	210311736	10939061	1026274	0	161114	8445	7214	
2000	11125	7399361	212368056	11125422	1026275	0	161137	8445	7215	
2025	11287	7402563	214516753	11287482	1026275	0	161155	8446	7217	
2050	11357	7405372	215241793	11357831	1026275	0	161164	8446	7217	
2075	11625	7408988	218557862	11625171	1026276	0	161191	8448	7222	
2100	11798	7412180	220563361	11798854	1026276	0	161210	8449	7224	
2125	12018	7415629	223038204	12018960	1026276	0	161234	8451	7227	
2150	12185	7418813	224812288	12185570	1026277	0	161255	8451	7228	
2175	12597	7423349	229445207	12597555	1026277	0	161266	8473	7238	
2200	12630	7426002	229716274	12630184	1026277	0	161271	8473	7238	
2225	13276	7431853	236615547	13276250	1026278	0	161303	8504	7253	
2250	13360	7434735	237363023	13360563	1026278	0	161315	8504	7253	
2275	13454	7437693	238175854	13454718	1026278	0	161329	8504	7253	
2300	13539	7440646	238960240	13539000	1026278	0	161343	8504	7253	
2325	13649	7443710	239935260	13649984	1026278	0	161361	8504	7253	
2350	13872	7447209	242226366	13872578	1026279	0	161379	8508	7258	
2375	14010	7450332	243357740	14010248	1026279	0	161398	8508	7258	
2400	14169	7453568	244696544	14169391	1026279	0	161421	8508	7258	
2425	14279	7456562	245638322	14279779	1026279	0	161436	8508	7258	
2450	14475	7460003	247280164	14475450	1026279	0	161465	8508	7258	
2475	14663	7463334	248883671	14663730	1026279	0	161491	8508	7258	
2500	14771	7466325	249805829	14771436	1026279	0	161506	8508	7258	
2525	14934	7469546	251148467	14934266	1026279	0	161528	8508	7258	
2550	15225	7473308	253685909	15225804	1026280	0	161553	8513	7263	
2575	15479	7477006	256169766	15479404	1026281	0	161578	8517	7268	
2600	15547	7479800	256701730	15547756	1026281	0	161587	8517	7268	
2625	15736	7483122	258253002	15736802	1026282	0	161612	8517	7269	
2650	15963	7486598	260164791	15963569	1026283	0	161634	8520	7273	
2675	16132	7489855	261476536	16132577	1026283	0	161657	8520	7273	
2700	16453	7493816	264433288	16453118	1026284	0	161685	8526	7280	
2725	16700	7497387	266561013	16700252	1026284	0	161712	8528	7283	
2750	16875	7500666	268119948	16875938	1026284	0	161736	8528	7283	
2775	16987	7503654	268996154	16987442	1026284	0	161751	8528	7283	
2800	17143	7506857	270188254	17143852	1026284	0	161773	8528	7283	
2825	17268	7509900	271151073	17268441	1026284	0	161790	8528	7283	
2850	17430	7513114	272243405	17430445	1026284	0	161810	8529	7285	
2875	17899	7517741	275971901	17899493	1026284	0	161847	8541	7290	
2900	18072	7521021	277152717	18072140	1026284	0	161871	8541	7290	
2925	18185	7524008	278069246	18185602	1026284	0	161886	8541	7290	
2950	18376	7527249	279395737	18376333	1026284	0	161909	8541	7290	
2975	18560	7530522	280721171	18560348	1026284	0	161933	8541	7290	
3000	18652	7533417	281451263	18652133	1026284	0	161945	8541	7290	
3025	18798	7536459	282631651	18798130	1026285	0	161961	8541	7291	
3050	19134	7540676	285092031	19134877	1026285	0	161988	8553	7296	
3075	19426	7544337	287253302	19426593	1026286	0	162016	8556	7299	
3100	19660	7547791	288978584	19660597	1026287	0	162043	8557	7302	
3125	19865	7551131	290478237	19865671	1026288	0	162068	8557	7303	
3150	20079	7554417	292058154	20079901	1026288	0	162092	8557	7303	
3175	20368	7558273	294577627	20368009	1026288	0	162114	8564	7308	
3200	20608	7561727	296387567	20608408	1026289	0	162135	8567	7312	
3225	20763	7564784	297392113	20763707	1026289	0	162152	8567	7312	
3250	20956	7568025	298802008	20956700	1026290	0	162174	8567	7312	
3275	21090	7571059	299669320	21090644	1026291	0	162190	8567	7313	
3300	21316	7574406	301541142	21316740	1026292	0	162215	8567	7314	
3325	21606	7578055	303771483	21606937	1026292	0	162249	8567	7316	
3350	21777	7581227	305037517	21777619	1026292	0	162270	8567	7316	
3375	22028	7584825	307047353	22028205	1026293	0	162290	8572	7320	
3400	22227	7588089	308427677	22227363	1026293	0	162314	8572	7320	
3425	22366	7591142	309520203	22366801	1026293	0	162331	8572	7320	
3450	22533	7594243	310719921	22533672	1026293	0	162349	8572	7320	
3475	22718	7597463	312020687	22718365	1026293	0	162371	8572	7320	
3500	23016	7601005	314299531	23016284	1026293	0	162400	8573	7322	
3525	23224	7604279	315717364	23224401	1026293	0	162424	8573	7322	
3550	23482	7607691	317573604	23482153	1026294	0	162451	8573	7323	
3575	23834	7611591	320419067	23834303	1026296	0	162479	8578	7328	
3600	24229	7615839	323734964	24229398	1026296	0	162506	8588	7334	
3625	24797	7620824	328268152	24797977	1026296	0	162525	8612	7345	
3650	24828	7623439	328436923	24828258	1026296	0	162529	8612	7345	
3675	24871	7626159	328718199	24871044	1026296	0	162536	8612	7345	
3700	25360	7630869	332422888	25360404	1026297	0	162562	8629	7354	
3725	25447	7633760	332892015	25447739	1026297	0	162574	8629	7354	
3750	25645	7637136	334124631	25645085	1026297	0	162601	8629	7354	
3775	25936	7640954	336277944	25936278	1026298	0	162625	8636	7359	
3800	26045	7643895	337006456	26045362	1026298	0	162639	8636	7359	
3825	26210	7647131	337954541	26210782	1026298	0	162662	8636	7359	
3850	26366	7650336	338751770	26366971	1026298	0	162683	8636	7359	
3875	26587	7653844	340467206	26587525	1026299	0	162702	8640	7364	
3900	26742	7656948	341378863	26742875	1026299	0	162721	8640	7364	
3925	27231	7661729	344614136	27231476	1026300	0	162747	8660	7371	
3950	27400	7664951	345484143	27400655	1026300	0	162769	8660	7371	
3975	27591	7668247	346609951	27591235	1026300	0	162793	8660	7371	
4000	27901	7672075	348536915	27901747	1026300	0	162823	8664	7375	
4025	28487	7677215	352159099	28487522	1026301	0	162853	8688	7382	
4050	28680	7680496	353396078	28680721	1026301	0	162877	8688	7382	
4075	28815	7683531	354095740	28815088	1026301	0	162893	8688	7382	
4100	28971	7686601	354958493	28971498	1026301	0	162910	8688	7382	
4125	29178	7689935	356197693	29178855	1026301	0	162936	8688	7382	
4150	29527	7693971	358662628	29527678	1026302	0	162959	8698	7388	
4175	30025	7698678	361738257	30025580	1026304	0	162993	8713	7395	
4200	30204	7701937	362759313	30204068	1026304	0	163017	8713	7395	
4225	30366	7705021	363670710	30366052	1026305	0	163034	8713	7396	
4250	30606	7708402	364950414	30606573	1026306	0	163061	8713	7397	
4275	30856	7711782	366434530	30856593	1026306	0	163088	8713	7397	
4300	31033	7715042	367418191	31033898	1026306	0	163111	8713	7397	
4325	31107	7717861	367836419	31107927	1026306	0	163121	8713	7397	
4350	31316	7721165	369152438	31316439	1026306	0	163146	8713	7397	
4375	31510	7724430	370242838	31510016	1026306	0	163169	8713	7397	
4400	31861	7728332	372347277	31861693	1026307	0	163200	8719	7402	
4425	32062	7731718	373530425	32062868	1026307	0	163227	8719	7402	
4450	32362	7735325	375391326	32362720	1026308	0	163258	8720	7405	
4475	32559	7738661	376638377	32559230	1026308	0	163284	8720	7405	
4500	32884	7742591	379273778	32884025	1026308	0	163305	8728	7412	
4525	33058	7745831	380387515	33058715	1026308	0	163328	8728	7412	
4550	33206	7748951	381316612	33206823	1026308	0	163347	8728	7412	
4575	33337	7751972	382107655	33337167	1026308	0	163363	8728	7412	
4600	33575	7755514	383716446	33575950	1026308	0	163395	8728	7412	
4625	33729	7758695	384647094	33729651	1026308	0	163416	8728	7412	
4650	33887	7761830	385665170	33887567	1026308	0	163435	8728	7412	
4675	34112	7765230	386952606	34112738	1026310	0	163462	8728	7413	
4700	34290	7768502	388042585	34290043	1026310	0	163485	8728	7413	
4725	34455	7771786	389077780	34455279	1026310	0	163510	8728	7413	
4750	34610	7774928	390225142	34610057	1026310	0	163529	8728	7413	
4775	34737	7777986	391089692	34737715	1026310	0	163546	8728	7413	
4800	35008	7781611	392958811	35008007	1026310	0	163575	8730	7416	
4825	35300	7785289	394858219	35300187	1026310	0	163609	8731	7418	
4850	35553	7788769	396484247	35553373	1026311	0	163639	8731	7418	
4875	35757	7792129	397815233	35757742	1026311	0	163663	8732	7420	
4900	35948	7795432	399091209	35948441	1026311	0	163688	8732	7420	
4925	36103	7798585	400156380	36103408	1026311	0	163708	8732	7420	
4950	36301	7801977	401602112	36301227	1026311	0	163732	8733	7422	
4975	36477	7805168	402830287	36477834	1026312	0	163753	8733	7423	
5000	36767	7809042	404949304	36767314	1026312	0	163775	8741	7428	
5025	37218	7813535	408081542	37218945	1026313	0	163815	8749	7433	
5050	37380	7816710	409151190	37380637	1026313	0	163836	8749	7433	
5075	37968	7821841	414129395	37968127	1026314	0	163865	8771	7441	
5100	38133	7825000	415258653	38133251	1026314	0	163886	8771	7441	
5125	38304	7828194	416485858	38304009	1026314	0	163907	8771	7441	
