#input	time	ios	pfs	timems	pbo	dbo	ibo	pbu	ndo	
25	48	4949	3258349	48559	106190	0	29	21	13	
50	129	11390	9645623	129948	106191	0	93	43	25	
75	204	17578	15672539	204072	106194	0	180	48	36	
100	304	24959	22928539	304423	106196	0	272	69	48	
125	413	32891	31083672	413557	106196	0	373	95	61	
150	538	41791	40409168	538989	106199	0	511	113	80	
175	662	50048	49757176	662374	106203	0	653	123	92	
200	803	59040	61105034	803966	106207	0	802	138	108	
225	921	67964	70006496	921304	106207	0	927	163	125	
250	1047	76852	79132405	1047315	106209	0	1076	179	134	
275	1172	85251	88607815	1172580	106214	0	1237	182	143	
300	1314	94310	99386461	1314148	106217	0	1403	190	156	
325	1485	105279	112310735	1485323	106221	0	1559	229	178	
350	1649	116872	123957996	1649953	106221	0	1696	283	200	
375	1774	126219	133760236	1774089	106221	0	1877	291	206	
400	1942	137880	146735943	1942766	106224	0	2072	322	224	
425	2075	147284	156728992	2075394	106225	0	2247	333	231	
450	2238	157728	168950438	2238435	106227	0	2448	345	246	
475	2398	167958	180978123	2398788	106227	0	2651	354	253	
500	2593	179765	195649356	2593361	106233	0	2868	378	272	
525	2761	190183	208008244	2761942	106234	0	3052	397	287	
550	2920	200014	219801053	2920690	106236	0	3243	405	298	
575	3064	209530	230173030	3064786	106237	0	3387	431	311	
600	3232	220491	241234582	3232599	106242	0	3597	444	326	
625	3419	232343	253855916	3419356	106245	0	3814	469	347	
650	3614	244612	267395725	3614026	106247	0	4034	499	362	
675	3762	254283	277510891	3762163	106250	0	4230	503	367	
700	3938	265090	289786253	3938699	106251	0	4449	513	379	
725	4127	277055	303577318	4127869	106251	0	4675	532	397	
750	4335	289858	318557929	4335854	106253	0	4886	570	420	
775	4512	300611	330978044	4512295	106256	0	5086	586	433	
800	4679	310782	343042382	4679121	106257	0	5305	588	438	
825	4858	321088	355239234	4858081	106260	0	5523	591	443	
850	5051	332045	369182658	5051139	106263	0	5762	595	451	
875	5258	344339	384364186	5258268	106264	0	5963	631	473	
900	5436	355370	397132677	5436592	106265	0	6201	636	480	
925	5706	370925	415986406	5706138	106269	0	6419	708	512	
950	5837	379957	424915637	5837585	106271	0	6607	708	514	
975	6037	391690	438535352	6037907	106275	0	6862	713	523	
1000	6226	403212	451332803	6226222	106277	0	7126	714	527	
1025	6439	415833	465529140	6439164	106279	0	7402	722	537	
1050	6687	429609	481537749	6687507	106281	0	7690	740	557	
1075	6931	443152	497112430	6931284	106283	0	7952	762	577	
1100	7140	455586	511083775	7140297	106285	0	8201	779	591	
1125	7378	469001	526252114	7378654	106287	0	8453	807	607	
1150	7560	480333	538088313	7560080	106290	0	8693	814	617	
1175	7758	492104	550763267	7758878	106293	0	8935	826	630	
1200	8006	505785	566184880	8006736	106295	0	9196	851	654	
1225	8291	520972	584499383	8291098	106299	0	9481	887	685	
1250	8487	532151	596764717	8487566	106299	0	9736	887	685	
1275	8691	543639	609751672	8691714	106300	0	9994	889	688	
1300	8920	556341	624314721	8920877	106304	0	10261	904	701	
1325	9118	567624	636987479	9118444	106305	0	10521	904	701	
1350	9359	580450	652395038	9359499	106306	0	10790	919	710	
1375	9633	594877	669516952	9633538	106308	0	11063	950	732	
1400	9859	606359	683465207	9859643	106310	0	11312	955	740	
1425	10139	620037	699700356	10139213	106314	0	11592	972	761	
1450	10373	633060	713105428	10373855	106317	0	11800	1015	786	
1475	10547	643797	721909452	10547682	106318	0	12039	1016	789	
1500	10813	658133	734899886	10813922	106318	0	12323	1042	810	
1525	11032	670261	745364348	11032291	106320	0	12595	1047	819	
1550	11310	685359	759539179	11310852	106322	0	12904	1078	836	
1575	11523	697172	769756883	11523640	106325	0	13175	1079	840	
1600	11742	709215	780301250	11742409	106325	0	13453	1080	842	
1625	11998	723018	793445679	11998057	106327	0	13757	1093	857	
1650	12245	735921	805961958	12245144	106327	0	14049	1099	866	
1675	12490	748491	818318474	12490341	106328	0	14337	1102	872	
1700	12819	764178	834310673	12819505	106331	0	14645	1133	901	
1725	13088	777614	847729562	13088352	106333	0	14936	1145	918	
1750	13408	794058	864403754	13408440	106335	0	15221	1188	959	
1775	13642	806573	876144865	13642714	106337	0	15480	1200	975	
1800	13878	818618	887599572	13878978	106341	0	15756	1201	981	
1825	14093	830851	899337554	14093175	106344	0	16029	1207	990	
1850	14320	843222	911423329	14320149	106345	0	16308	1212	997	
1875	14634	859343	927388678	14634392	106347	0	16602	1254	1024	
1900	14840	870873	937964695	14840039	106347	0	16851	1259	1030	
1925	15072	883467	950126365	15072851	106352	0	17118	1270	1042	
1950	15330	896612	963166417	15330209	106352	0	17413	1276	1049	
1975	15564	909137	975533479	15564793	106353	0	17688	1285	1057	
2000	15807	921557	988209025	15807608	106354	0	17967	1289	1063	
2025	16074	935133	1001562113	16074679	106357	0	18250	1303	1080	
2050	16353	948822	1015777896	16353001	106358	0	18559	1310	1090	
2075	16664	963981	1032350689	16664772	106362	0	18885	1332	1115	
2100	16914	976458	1045197268	16914438	106365	0	19160	1339	1124	
2125	17198	989928	1059451504	17198281	106365	0	19472	1346	1129	
2150	17487	1003257	1073453322	17487831	106366	0	19767	1354	1137	
2175	17786	1017305	1088354291	17786171	106366	0	20072	1369	1146	
2200	18074	1030886	1102834926	18074128	106369	0	20383	1375	1156	
2225	18379	1045567	1118300885	18379101	106373	0	20678	1398	1179	
2250	18679	1060465	1134247229	18679546	106378	0	20980	1423	1204	
2275	18938	1073526	1147801728	18938142	106379	0	21286	1426	1208	
2300	19221	1087266	1162522027	19221929	106381	0	21582	1441	1223	
2325	19541	1101493	1178155627	19541062	106385	0	21894	1454	1238	
2350	19856	1117140	1194203396	19856043	106390	0	22189	1487	1269	
2375	20152	1132268	1209649935	20152631	106391	0	22470	1523	1296	
2400	20400	1145351	1222606902	20400012	106391	0	22745	1536	1306	
2425	20624	1157154	1234217652	20624946	106392	0	23019	1537	1309	
2450	20863	1170254	1246921271	20863892	106392	0	23287	1555	1317	
2475	21153	1184453	1261994155	21153967	106398	0	23587	1571	1341	
2500	21382	1197499	1273878307	21382503	106399	0	23798	1612	1363	
2525	21629	1210247	1285643182	21629072	106402	0	24089	1617	1372	
2550	21951	1225868	1300789366	21951042	106403	0	24424	1638	1393	
2575	22309	1243373	1316332724	22309218	106406	0	24717	1704	1421	
2600	22548	1255885	1327167167	22548780	106407	0	24993	1711	1427	
2625	22829	1270205	1340156282	22829903	106409	0	25312	1724	1439	
2650	23097	1283870	1352523837	23097762	106410	0	25609	1736	1454	
2675	23394	1298694	1366125666	23394576	106410	0	25932	1755	1470	
2700	23703	1313187	1379612061	23703827	106411	0	26248	1771	1478	
2725	23994	1327386	1392724285	23994082	106414	0	26552	1788	1497	
2750	24269	1340784	1404954552	24269983	106416	0	26859	1793	1505	
2775	24567	1354962	1418479509	24567445	106419	0	27166	1807	1522	
2800	24863	1369304	1431861220	24863940	106421	0	27478	1823	1535	
2825	25191	1385484	1447260239	25191810	106423	0	27794	1861	1560	
2850	25463	1398234	1459004937	25463383	106426	0	28091	1863	1566	
2875	25774	1413160	1472780512	25774962	106430	0	28397	1894	1577	
2900	26134	1430361	1489315444	26134175	106431	0	28712	1948	1604	
2925	26389	1442948	1501092508	26389236	106432	0	28997	1953	1610	
2950	26693	1457304	1514860521	26693165	106433	0	29324	1961	1619	
2975	27002	1471889	1528470074	27002361	106436	0	29616	1987	1634	
3000	27241	1484114	1539653847	27241612	106437	0	29884	1996	1643	
3025	27542	1498289	1553200203	27542351	106438	0	30198	2010	1657	
3050	27875	1514316	1567956275	27875398	106439	0	30511	2044	1682	
3075	28157	1527694	1580272584	28157644	106442	0	30809	2053	1694	
3100	28437	1540756	1592162707	28437455	106443	0	31111	2056	1700	
3125	28752	1554728	1605404415	28752247	106445	0	31434	2061	1710	
3150	29047	1568110	1617820915	29047104	106445	0	31749	2064	1714	
3175	29366	1582667	1631342659	29366666	106447	0	32059	2081	1733	
3200	29651	1595528	1643048613	29651297	106447	0	32361	2082	1735	
3225	29942	1609085	1655396522	29942859	106447	0	32677	2086	1739	
3250	30290	1625107	1670518339	30290517	106449	0	32993	2118	1761	
3275	30551	1637427	1681532402	30551608	106451	0	33268	2122	1768	
3300	30853	1651496	1694821494	30853802	106455	0	33574	2137	1782	
3325	31172	1666316	1708457708	31172349	106457	0	33889	2157	1798	
3350	31472	1680685	1721445081	31472130	106458	0	34193	2173	1815	
3375	31780	1694616	1734800995	31780337	106461	0	34514	2179	1825	
3400	32108	1709281	1748644814	32108384	106463	0	34824	2196	1847	
3425	32493	1726489	1765298820	32493923	106464	0	35157	2233	1881	
3450	32762	1739139	1776583605	32762949	106464	0	35454	2234	1883	
3475	33041	1752558	1788861556	33041319	106465	0	35748	2247	1893	
3500	33329	1766072	1801175270	33329342	106466	0	36060	2251	1898	
3525	33612	1779126	1813182108	33612141	106468	0	36360	2255	1904	
3550	33898	1792691	1825922175	33898947	106471	0	36667	2262	1914	
3575	34203	1806726	1839206575	34203655	106473	0	36991	2269	1923	
3600	34528	1821286	1853250929	34528642	106477	0	37309	2286	1937	
3625	34825	1834539	1865397038	34825101	106479	0	37624	2287	1940	
3650	35279	1854398	1884786933	35279037	106484	0	37982	2349	1993	
3675	35603	1868747	1898075933	35603585	106487	0	38286	2367	2012	
3700	35934	1883369	1911665839	35934031	106491	0	38596	2382	2034	
3725	36202	1896752	1923641356	36202595	106493	0	38876	2397	2049	
3750	36512	1910801	1936982808	36512483	106496	0	39183	2410	2068	
3775	36837	1925209	1950445006	36837808	106498	0	39523	2415	2077	
3800	37126	1939035	1962306167	37126094	106498	0	39808	2437	2089	
3825	37465	1954624	1977083520	37465264	106501	0	40131	2462	2113	
3850	37886	1972557	1994642354	37886081	106508	0	40473	2513	2140	
3875	38157	1985177	2005556685	38157349	106509	0	40752	2519	2147	
3900	38389	1997937	2016122857	38389110	106509	0	40967	2556	2164	
3925	38653	2011532	2027233557	38653439	106510	0	41271	2564	2175	
3950	38973	2026101	2039705399	38973777	106510	0	41615	2570	2183	
3975	39285	2040334	2051641871	39285078	106514	0	41940	2578	2194	
4000	39609	2055299	2064661351	39609382	106517	0	42288	2585	2206	
4025	39900	2069034	2076336855	39900467	106517	0	42611	2588	2212	
4050	40210	2083062	2088258991	40210323	106518	0	42951	2589	2215	
4075	40551	2098063	2101613308	40551773	106523	0	43299	2597	2229	
4100	40864	2112244	2113951339	40864598	106524	0	43629	2602	2236	
4125	41221	2128698	2128195763	41221029	106525	0	43984	2628	2252	
4150	41556	2143818	2141393563	41556148	106526	0	44313	2646	2265	
4175	41881	2158912	2154288284	41881356	106528	0	44636	2668	2277	
4200	42242	2175419	2168750236	42242503	106529	0	44986	2691	2303	
4225	42531	2188809	2179698219	42531882	106531	0	45289	2697	2307	
4250	42833	2202636	2191474898	42833571	106532	0	45607	2703	2316	
4275	43174	2218137	2204806825	43174646	106535	0	45959	2714	2331	
4300	43484	2232042	2217197725	43484710	106538	0	46286	2719	2340	
4325	43785	2245977	2229201258	43785800	106539	0	46620	2720	2343	
4350	44149	2261840	2243306024	44149367	106540	0	46977	2736	2361	
4375	44476	2276654	2256283803	44476768	106543	0	47299	2749	2375	
4400	44926	2296537	2274987750	44926144	106548	0	47668	2807	2415	
4425	45214	2309969	2286351022	45214143	106550	0	47979	2812	2420	
4450	45501	2323299	2297714982	45501145	106552	0	48297	2812	2423	
4475	45882	2339938	2313082479	45882712	106554	0	48665	2829	2446	
4500	46252	2355899	2328090688	46252759	106556	0	49003	2849	2469	
4525	46614	2371850	2342622786	46614160	106560	0	49347	2869	2490	
4550	46962	2387772	2356606276	46962971	106562	0	49678	2899	2506	
4575	47277	2401628	2368714721	47277294	106566	0	50004	2902	2510	
4600	47605	2416334	2382137600	47605563	106569	0	50354	2907	2520	
4625	47942	2431606	2395615809	47942350	106573	0	50684	2925	2542	
4650	48262	2445769	2408627719	48262598	106577	0	51014	2930	2552	
4675	48667	2463749	2425105616	48667788	106580	0	51357	2976	2581	
4700	48994	2478584	2438220390	48994527	106581	0	51667	2996	2603	
4725	49350	2494778	2453198313	49350844	106583	0	52004	3024	2623	
4750	49621	2507447	2463996080	49621418	106583	0	52306	3024	2623	
4775	49987	2523983	2479291806	49987525	106585	0	52650	3052	2647	
4800	50327	2538812	2492981597	50327647	106590	0	52993	3059	2661	
4825	50693	2555803	2508074245	50693831	106595	0	53306	3103	2696	
4850	51019	2570331	2521143841	51019794	106596	0	53622	3117	2709	
4875	51329	2585425	2534431689	51329125	106597	0	53942	3137	2728	
4900	51622	2599073	2546465398	51622202	106599	0	54260	3141	2734	
4925	51962	2613905	2560079314	51962503	106601	0	54599	3150	2748	
4950	52234	2627991	2571625469	52234211	106604	0	54866	3179	2769	
4975	52564	2642899	2585141304	52564132	106607	0	55195	3192	2787	
5000	52873	2656442	2596928463	52873402	106608	0	55516	3194	2791	
5025	53195	2670912	2610090632	53195704	106611	0	55839	3207	2804	
5050	53572	2687411	2624813498	53572737	106611	0	56186	3236	2814	
5075	53867	2701472	2637283644	53867539	106612	0	56509	3245	2822	
5100	54170	2714928	2649340334	54170387	106613	0	56825	3247	2825	
5125	54541	2731205	2664355618	54541186	106614	0	57178	3271	2838	
