#input	time	ios	pfs	timems	pbo	dbo	ibo	pbu	ndo	
25	58	8352	5586733	58681	58637	0	90	37	26	
50	157	21388	14691888	157578	58643	0	258	96	57	
75	263	34373	24007624	263626	58648	0	489	124	78	
100	381	48535	34314985	381223	58652	0	729	163	104	
125	527	65159	47638046	527833	58656	0	1049	201	134	
150	665	81281	59357489	665003	58660	0	1350	239	161	
175	802	97319	71495358	802062	58663	0	1683	261	181	
200	967	115677	87080707	967880	58671	0	2056	296	212	
225	1112	132787	100296999	1112148	58673	0	2379	334	242	
250	1273	150863	114922979	1273862	58677	0	2771	356	267	
275	1453	170290	131372068	1453838	58684	0	3175	393	297	
300	1626	188712	146877094	1626753	58689	0	3585	413	318	
325	1829	211269	165768836	1829591	58693	0	3969	501	362	
350	2005	231442	180472986	2005401	58694	0	4346	558	394	
375	2156	250051	192403934	2156683	58696	0	4779	574	408	
400	2328	270616	206505625	2328106	58699	0	5250	595	431	
425	2517	292574	222882913	2517281	58704	0	5770	614	460	
450	2722	316798	240587527	2722281	58710	0	6204	705	501	
475	2919	339265	257605747	2919273	58715	0	6687	748	537	
500	3105	360096	273393211	3105384	58717	0	7183	763	556	
525	3308	382910	290915212	3308370	58720	0	7665	806	593	
550	3484	402925	306328476	3484960	58724	0	8124	826	614	
575	3654	423014	320931182	3654584	58725	0	8541	865	640	
600	3859	446254	338020967	3859691	58730	0	9086	890	667	
625	4067	468515	354955411	4067317	58736	0	9630	903	689	
650	4275	491088	372536531	4275420	58742	0	10173	921	708	
675	4493	513757	391150912	4493890	58749	0	10737	930	726	
700	4711	535984	408936809	4711337	58759	0	11234	959	757	
725	4927	558179	425802298	4927321	58764	0	11759	980	778	
750	5156	582526	444724283	5156895	58769	0	12298	1015	822	
775	5369	605384	462113626	5369160	58774	0	12816	1044	858	
800	5569	626337	478267393	5569356	58777	0	13343	1049	867	
825	5787	649019	496213708	5787684	58781	0	13876	1070	889	
850	5997	670648	513695829	5997727	58786	0	14426	1074	898	
875	6268	697526	535779454	6268676	58793	0	14998	1126	952	
900	6521	726229	555040110	6521131	58798	0	15393	1290	1013	
925	6738	750680	571663661	6738133	58801	0	15930	1335	1043	
950	6957	774591	588007287	6957633	58804	0	16519	1349	1060	
975	7193	799765	605800444	7193480	58806	0	17126	1371	1080	
1000	7460	827867	625938666	7460568	58809	0	17741	1429	1116	
1025	7751	856612	646844705	7751083	58815	0	18390	1479	1155	
1050	8004	880522	663771599	8004200	58820	0	18980	1494	1175	
1075	8268	904609	681564190	8268208	58821	0	19613	1497	1180	
1100	8557	931111	701230843	8557626	58825	0	20256	1523	1210	
1125	8852	958095	721186163	8852014	58831	0	20883	1562	1242	
1150	9116	981948	738392426	9116957	58834	0	21477	1575	1258	
1175	9443	1010931	761004994	9443904	58839	0	22127	1625	1308	
1200	9749	1037549	780794392	9749551	58842	0	22742	1663	1339	
1225	10016	1061981	798831937	10016696	58845	0	23333	1688	1354	
1250	10299	1087173	818069755	10299938	58849	0	23930	1712	1384	
1275	10570	1111581	836720119	10570135	58850	0	24538	1728	1398	
1300	10879	1137400	856899630	10879995	58852	0	25185	1743	1416	
1325	11177	1163218	877313046	11177520	58860	0	25807	1764	1447	
1350	11505	1190450	899109344	11505047	58866	0	26428	1805	1485	
1375	11815	1216818	919980425	11815807	58871	0	27046	1836	1521	
1400	12141	1244730	941090426	12141741	58878	0	27676	1878	1570	
1425	12453	1270235	957531156	12453152	58883	0	28297	1901	1588	
1450	12745	1295803	973683926	12745750	58889	0	28864	1943	1631	
1475	13026	1320652	989073380	13026289	58892	0	29450	1972	1649	
1500	13281	1343699	1003500147	13281535	58896	0	30029	1981	1662	
1525	13592	1370220	1020436683	13592327	58902	0	30647	2015	1694	
1550	13947	1402736	1041522470	13947110	58907	0	31229	2135	1769	
1575	14165	1423776	1052356593	14165799	58908	0	31764	2137	1774	
1600	14468	1451198	1067496798	14468646	58910	0	32420	2172	1796	
1625	14746	1476073	1081172387	14746317	58910	0	33066	2178	1805	
1650	15047	1501940	1096086610	15047878	58912	0	33729	2189	1822	
1675	15367	1529108	1112025356	15367986	58913	0	34404	2210	1848	
1700	15704	1558386	1129244034	15704252	58919	0	35095	2253	1877	
1725	16047	1586792	1146368013	16047637	58924	0	35778	2283	1914	
1750	16376	1615354	1163474166	16376893	58930	0	36430	2333	1946	
1775	16697	1641932	1179463376	16697368	58934	0	37100	2350	1967	
1800	17023	1669496	1196143335	17023026	58942	0	37774	2374	1996	
1825	17369	1698421	1214256154	17369269	58946	0	38465	2407	2027	
1850	17678	1725530	1230642700	17678618	58949	0	39106	2448	2046	
1875	18022	1753299	1248177895	18022797	58952	0	39786	2472	2071	
1900	18318	1779709	1264137657	18318772	58955	0	40372	2518	2098	
1925	18643	1807657	1281410632	18643231	58961	0	41014	2557	2141	
1950	18975	1835822	1298802830	18975283	58966	0	41663	2600	2177	
1975	19282	1861365	1314081176	19282288	58967	0	42313	2614	2187	
2000	19582	1886681	1329795180	19582343	58969	0	42965	2622	2202	
2025	19885	1913058	1346317233	19885533	58972	0	43652	2628	2216	
2050	20199	1938841	1362337064	20199245	58975	0	44304	2640	2233	
2075	20537	1966566	1380501395	20537397	58980	0	44989	2660	2259	
2100	20890	1995146	1398980132	20890186	58984	0	45667	2693	2289	
2125	21216	2020540	1415126944	21216311	58986	0	46332	2698	2298	
2150	21585	2050104	1434788530	21585380	58992	0	47032	2739	2331	
2175	21922	2078156	1452774740	21922966	58996	0	47636	2800	2367	
2200	22234	2103829	1468125438	22234430	59000	0	48307	2804	2378	
2225	22574	2131791	1484996974	22574022	59004	0	49028	2816	2390	
2250	22916	2160530	1502120257	22916600	59006	0	49724	2844	2424	
2275	23266	2189056	1519109779	23266290	59010	0	50446	2862	2447	
2300	23585	2215865	1534916381	23585221	59012	0	51150	2869	2460	
2325	23917	2244434	1551733510	23917206	59016	0	51833	2901	2493	
2350	24344	2279079	1572905006	24344946	59024	0	52565	2995	2541	
2375	24694	2309199	1590693025	24694799	59030	0	53225	3057	2576	
2400	25049	2337913	1608287557	25049531	59033	0	53933	3085	2605	
2425	25351	2364146	1623613827	25351009	59033	0	54627	3088	2608	
2450	25731	2395515	1642945112	25731721	59039	0	55339	3145	2657	
2475	26062	2423647	1660228097	26062944	59046	0	56023	3171	2687	
2500	26452	2457344	1681272102	26452335	59053	0	56748	3252	2741	
2525	26772	2484948	1697619551	26772491	59057	0	57425	3276	2770	
2550	27094	2513317	1714572669	27094241	59062	0	58116	3304	2803	
2575	27458	2545263	1733473882	27458936	59068	0	58808	3388	2837	
2600	27790	2573797	1750776166	27790612	59073	0	59500	3417	2871	
2625	28118	2601394	1767686233	28118196	59079	0	60207	3428	2892	
2650	28476	2632570	1786677583	28476663	59087	0	60939	3477	2925	
2675	28798	2659635	1802678640	28798827	59087	0	61630	3490	2938	
2700	29158	2689025	1821300417	29158490	59093	0	62371	3509	2965	
2725	29516	2719292	1840079407	29516817	59101	0	63085	3555	3007	
2750	29871	2749049	1858493758	29871516	59103	0	63799	3587	3036	
2775	30187	2775380	1874805597	30187918	59110	0	64488	3591	3047	
2800	30530	2803115	1891822363	30530817	59112	0	65180	3608	3071	
2825	30893	2835225	1911968971	30893955	59116	0	65820	3709	3115	
2850	31210	2862923	1927882512	31210055	59121	0	66507	3729	3140	
2875	31549	2892675	1944885416	31549917	59124	0	67265	3748	3159	
2900	31881	2921827	1961279580	31881044	59126	0	67985	3775	3180	
2925	32237	2951651	1978227667	32237342	59127	0	68753	3792	3197	
2950	32622	2983189	1997574159	32622363	59133	0	69540	3819	3226	
2975	32997	3012796	2015090753	32997861	59139	0	70299	3834	3249	
3000	33372	3043504	2033273600	33372046	59142	0	71052	3869	3267	
3025	33744	3072991	2050860141	33744196	59145	0	71829	3879	3283	
3050	34138	3104455	2069676820	34138455	59149	0	72608	3909	3312	
3075	34512	3135756	2088538939	34512164	59155	0	73381	3938	3343	
3100	34879	3165592	2106500283	34879555	59159	0	74117	3970	3366	
3125	35259	3196172	2124760957	35259351	59168	0	74897	3989	3393	
3150	35662	3229159	2144820080	35662898	59174	0	75668	4039	3442	
3175	36034	3258002	2162355742	36034032	59177	0	76430	4047	3456	
3200	36400	3288378	2180549168	36400056	59179	0	77185	4077	3477	
3225	36774	3320573	2200033368	36774227	59182	0	77896	4141	3526	
3250	37151	3351619	2218425772	37151252	59187	0	78605	4194	3564	
3275	37521	3381741	2236806792	37521666	59193	0	79339	4224	3601	
3300	37887	3411975	2254661985	37887314	59197	0	80072	4261	3629	
3325	38252	3441696	2272580826	38252536	59201	0	80839	4277	3655	
3350	38579	3469625	2289543687	38579663	59205	0	81583	4280	3664	
3375	38941	3498568	2307837046	38941445	59209	0	82338	4290	3682	
3400	39362	3531004	2328418592	39362993	59213	0	83146	4321	3712	
3425	39740	3560222	2346292424	39740396	59216	0	83912	4331	3727	
3450	40129	3591112	2365489480	40129555	59220	0	84653	4374	3761	
3475	40525	3621320	2384533876	40525309	59223	0	85436	4390	3780	
3500	40918	3651768	2403698335	40918461	59228	0	86222	4404	3800	
3525	41325	3684019	2423918125	41325213	59234	0	86976	4450	3847	
3550	41669	3712279	2441560821	41669581	59235	0	87692	4465	3866	
3575	42082	3745083	2462146429	42082294	59237	0	88442	4530	3898	
3600	42464	3774258	2481104686	42464977	59239	0	89207	4539	3913	
3625	42875	3804853	2501060565	42875449	59247	0	89976	4562	3944	
3650	43290	3837106	2521446075	43290860	59252	0	90743	4610	3977	
3675	43671	3866821	2540174917	43671821	59260	0	91460	4645	4009	
3700	44027	3897065	2558783280	44027851	59263	0	92123	4709	4045	
3725	44361	3925457	2574473033	44361532	59265	0	92845	4727	4064	
3750	44749	3957824	2593028324	44749094	59269	0	93641	4764	4084	
3775	45095	3987412	2610167514	45095972	59273	0	94418	4773	4103	
3800	45495	4018623	2628623497	45495873	59275	0	95237	4787	4115	
3825	45906	4050269	2647327889	45906852	59280	0	96068	4799	4133	
3850	46347	4085927	2668535233	46347726	59283	0	96815	4898	4179	
3875	46737	4116789	2686834290	46737891	59286	0	97603	4919	4200	
3900	47134	4147842	2705579297	47134651	59292	0	98408	4934	4223	
3925	47538	4179027	2724377471	47538864	59295	0	99192	4961	4244	
3950	47982	4214830	2745940166	47982947	59301	0	100013	5031	4287	
3975	48366	4244815	2763551620	48366952	59305	0	100792	5045	4308	
4000	48810	4279410	2784518910	48810281	59310	0	101609	5101	4352	
4025	49219	4310834	2803630963	49219853	59318	0	102416	5118	4379	
4050	49616	4342186	2822842546	49616824	59324	0	103216	5140	4408	
4075	50043	4375037	2843201942	50043454	59329	0	104039	5170	4438	
4100	50491	4410055	2865202804	50491616	59337	0	104865	5224	4486	
4125	50914	4443455	2885722875	50914712	59340	0	105680	5264	4519	
4150	51374	4478415	2907805163	51374940	59345	0	106513	5315	4564	
4175	51777	4511218	2927398724	51777095	59348	0	107318	5353	4597	
4200	52162	4541073	2945543143	52162554	59356	0	108096	5366	4618	
4225	52594	4576140	2967172261	52594800	59363	0	108845	5455	4670	
4250	52989	4606395	2985492932	52989214	59366	0	109603	5478	4698	
4275	53385	4637804	3004327146	53385913	59369	0	110382	5506	4725	
4300	53799	4670188	3023759836	53799903	59373	0	111178	5543	4756	
4325	54205	4701165	3042373007	54205962	59380	0	111972	5559	4776	
4350	54592	4730768	3060172747	54592345	59386	0	112749	5568	4796	
4375	54986	4762303	3079683418	54986734	59390	0	113561	5586	4819	
4400	55371	4792275	3097403296	55371414	59392	0	114318	5612	4837	
4425	55821	4826665	3119113553	55821146	59397	0	115133	5659	4880	
4450	56209	4856536	3137144293	56209526	59401	0	115914	5672	4894	
4475	56629	4889068	3157778961	56629427	59406	0	116700	5716	4928	
4500	57040	4920756	3177995916	57040157	59408	0	117517	5735	4953	
4525	57469	4953199	3198892484	57469150	59411	0	118335	5760	4981	
4550	57868	4984163	3218332571	57868946	59414	0	119119	5781	5008	
4575	58285	5015664	3238852402	58285700	59420	0	119914	5805	5038	
4600	58726	5047778	3259631748	58726929	59423	0	120735	5827	5066	
4625	59214	5085223	3283940291	59214353	59427	0	121560	5914	5121	
4650	59618	5114917	3303039939	59618051	59429	0	122352	5921	5132	
4675	60036	5146347	3323334730	60036818	59434	0	123148	5947	5152	
4700	60471	5178057	3344349188	60471667	59439	0	123970	5961	5173	
4725	60925	5212132	3366584285	60925806	59445	0	124780	6015	5217	
4750	61376	5245256	3388010667	61376043	59448	0	125611	6043	5245	
4775	61772	5273946	3406451464	61772821	59451	0	126372	6047	5254	
4800	62248	5309383	3429989496	62248521	59453	0	127190	6111	5296	
4825	62687	5342429	3451545327	62687030	59455	0	127963	6165	5334	
4850	63144	5377390	3474777637	63144673	59457	0	128744	6243	5370	
4875	63544	5408371	3494670105	63544044	59461	0	129503	6280	5392	
4900	63933	5437555	3513771926	63933841	59463	0	130260	6293	5407	
4925	64326	5466521	3532169958	64326725	59464	0	131024	6299	5415	
4950	64774	5499116	3554238454	64774039	59469	0	131836	6330	5452	
4975	65240	5532774	3576693907	65240776	59473	0	132642	6381	5480	
5000	65690	5565173	3598335026	65690916	59478	0	133475	6403	5508	
5025	66125	5596380	3619468682	66125238	59489	0	134281	6418	5533	
5050	66545	5627041	3639903151	66545466	59490	0	135093	6427	5545	
5075	67037	5661341	3663895813	67037003	59498	0	135928	6469	5585	
5100	67549	5698393	3689230878	67549035	59500	0	136762	6552	5622	
5125	67975	5728450	3709510942	67975987	59503	0	137550	6562	5636	
