#input	time	ios	pfs	timems	pbo	dbo	ibo	pbu	ndo	
25	34	5731724	1262728	34973	176749	0	137558	6570	5642	
50	97	5735579	4426594	97943	176750	0	137579	6579	5647	
75	170	5739690	8128505	170216	176751	0	137604	6589	5652	
100	275	5744423	13736831	275658	176753	0	137639	6602	5660	
125	336	5748355	17301654	336903	176753	0	137679	6602	5660	
150	457	5753045	23392291	457975	176757	0	137736	6604	5668	
175	571	5758038	28727508	571153	176757	0	137773	6620	5677	
200	687	5763244	34672951	687405	176759	0	137836	6625	5685	
225	798	5768130	40181271	798775	176761	0	137896	6628	5692	
250	916	5773092	46160589	916904	176762	0	137961	6630	5697	
275	1041	5778588	52159596	1041489	176762	0	138008	6648	5707	
300	1148	5783598	57576790	1148174	176764	0	138069	6652	5713	
325	1281	5789253	64316241	1281997	176766	0	138139	6660	5722	
350	1419	5795006	71462044	1419283	176767	0	138215	6667	5730	
375	1549	5800565	77899880	1549931	176767	0	138280	6678	5735	
400	1709	5806699	85641385	1709958	176769	0	138359	6689	5747	
425	1847	5812273	91986865	1847358	176770	0	138405	6708	5756	
450	1981	5818258	98428913	1981943	176772	0	138473	6723	5764	
475	2095	5823554	103869192	2095186	176773	0	138543	6727	5769	
500	2206	5828694	109249895	2206610	176773	0	138620	6727	5769	
525	2334	5834206	115696173	2334669	176775	0	138697	6731	5776	
550	2467	5839702	122275939	2467790	176775	0	138781	6732	5778	
575	2636	5846344	130933345	2636098	176775	0	138859	6747	5793	
600	2766	5851752	137253351	2766287	176776	0	138936	6750	5797	
625	2904	5857156	143910665	2904717	176778	0	139020	6750	5799	
650	3069	5863366	152158364	3069307	176779	0	139108	6758	5806	
675	3279	5870453	161905004	3279756	176780	0	139193	6780	5818	
700	3351	5874843	165195743	3351440	176781	0	139245	6781	5821	
725	3496	5880879	171475550	3496317	176782	0	139329	6788	5831	
750	3635	5886763	177833255	3635609	176782	0	139424	6789	5833	
775	3830	5893734	186412383	3830223	176783	0	139524	6800	5847	
800	4000	5900310	193553706	4000051	176785	0	139617	6810	5856	
825	4121	5905630	198670766	4121008	176787	0	139696	6811	5860	
850	4268	5911447	204824657	4268426	176789	0	139788	6813	5866	
875	4399	5916965	210559513	4399260	176789	0	139877	6813	5866	
900	4547	5922712	216948483	4547959	176789	0	139973	6813	5866	
925	4814	5931374	227916343	4814188	176791	0	140072	6843	5891	
950	4990	5937951	235226335	4990976	176792	0	140144	6863	5900	
975	5137	5943826	241230966	5137656	176792	0	140224	6871	5905	
1000	5329	5950650	248748444	5329845	176794	0	140318	6884	5917	
1025	5443	5955763	253408021	5443901	176795	0	140393	6884	5918	
1050	5618	5962021	260591653	5618892	176797	0	140494	6887	5925	
1075	5791	5968322	267583476	5791376	176798	0	140588	6893	5932	
1100	5972	5974912	274458229	5972244	176798	0	140655	6916	5943	
1125	6117	5980963	279735345	6117235	176798	0	140751	6920	5948	
1150	6318	5988202	286543419	6318939	176799	0	140840	6940	5961	
1175	6509	5995149	293263463	6509728	176799	0	140950	6947	5972	
1200	6648	6000850	297940535	6648129	176799	0	141044	6947	5972	
1225	6787	6006783	303158800	6787810	176800	0	141136	6950	5976	
1250	6970	6013615	309819208	6970580	176800	0	141235	6961	5983	
1275	7132	6019808	315703280	7132529	176801	0	141341	6962	5986	
1300	7285	6025670	321066304	7285709	176803	0	141439	6962	5988	
1325	7505	6033195	328761703	7505965	176805	0	141546	6980	5999	
1350	7682	6039671	334939506	7682945	176806	0	141642	6989	6008	
1375	7832	6045519	340495372	7832140	176806	0	141735	6991	6011	
1400	8035	6052294	347562997	8035415	176807	0	141837	7001	6019	
1425	8282	6060173	356346500	8282962	176811	0	141950	7023	6034	
1450	8487	6067123	363287207	8487094	176813	0	142053	7035	6042	
1475	8689	6074063	370329662	8689292	176813	0	142150	7047	6050	
1500	8836	6079703	375487922	8836142	176813	0	142241	7047	6050	
1525	8989	6085425	380957054	8989911	176814	0	142335	7047	6051	
1550	9226	6093021	389758982	9226585	176815	0	142445	7062	6063	
1575	9437	6100212	397528264	9437836	176816	0	142537	7079	6077	
1600	9584	6105914	402870619	9584540	176817	0	142630	7079	6078	
1625	9786	6112659	410321445	9786011	176818	0	142734	7085	6086	
1650	9970	6119140	417047219	9970439	176818	0	142828	7093	6095	
1675	10174	6126102	424571001	10174926	176820	0	142928	7108	6101	
1700	10363	6132555	431529109	10363102	176821	0	143038	7110	6105	
1725	10547	6138923	438481694	10547362	176823	0	143134	7116	6112	
1750	10788	6146444	447070043	10788662	176825	0	143252	7126	6125	
1775	10954	6152367	453193503	10954572	176827	0	143346	7128	6130	
1800	11113	6158707	458946630	11113451	176827	0	143400	7153	6142	
1825	11297	6165518	465117542	11297586	176828	0	143504	7163	6151	
1850	11478	6172259	471236911	11478285	176829	0	143609	7169	6158	
1875	11664	6178838	477276286	11664382	176829	0	143721	7172	6162	
1900	11863	6185812	483964977	11863342	176832	0	143843	7175	6168	
1925	11998	6191778	488682341	11998159	176832	0	143937	7178	6171	
1950	12214	6199597	496129076	12214990	176833	0	144057	7193	6181	
1975	12374	6205748	501423883	12374611	176833	0	144163	7194	6183	
2000	12545	6212254	507079591	12545972	176835	0	144274	7196	6187	
2025	12726	6218573	512837767	12726700	176836	0	144386	7196	6188	
2050	12918	6225430	518899624	12918561	176837	0	144496	7202	6195	
2075	13176	6233578	526999352	13176669	176841	0	144607	7224	6211	
2100	13420	6241908	535252640	13420766	176841	0	144718	7251	6223	
2125	13587	6247901	540812257	13587504	176843	0	144815	7253	6229	
2150	13769	6254748	547261276	13769914	176843	0	144929	7262	6235	
2175	13988	6262292	554777986	13988530	176846	0	145030	7281	6249	
2200	14190	6269247	561457231	14190548	176848	0	145138	7290	6259	
2225	14393	6276114	568019096	14393672	176849	0	145252	7295	6265	
2250	14559	6282113	573375943	14559030	176851	0	145351	7296	6269	
2275	14744	6288743	579813948	14744784	176852	0	145470	7297	6272	
2300	14941	6295236	586234860	14941945	176852	0	145575	7301	6278	
2325	15174	6302593	593468349	15174792	176854	0	145695	7309	6287	
2350	15377	6309520	600065568	15377191	176854	0	145804	7316	6294	
2375	15551	6315790	605701957	15551750	176854	0	145907	7319	6299	
2400	15734	6322027	611392841	15734982	176854	0	146017	7319	6299	
2425	15991	6329767	619836290	15991850	176855	0	146153	7325	6306	
2450	16170	6335779	625425850	16170426	176856	0	146255	7325	6307	
2475	16391	6342802	632591413	16391287	176857	0	146379	7329	6313	
2500	16556	6348761	638087692	16556493	176858	0	146473	7332	6317	
2525	16771	6355670	645191507	16771470	176858	0	146601	7333	6319	
2550	16992	6362615	652522724	16992962	176858	0	146728	7334	6321	
2575	17178	6368835	658564372	17178219	176860	0	146833	7335	6323	
2600	17407	6375946	665924666	17407302	176861	0	146952	7343	6330	
2625	17627	6382967	673299132	17627009	176862	0	147072	7348	6336	
2650	17877	6390532	681342908	17877128	176863	0	147192	7357	6348	
2675	18113	6397985	689183689	18113491	176864	0	147304	7368	6360	
2700	18307	6404485	695314213	18307802	176866	0	147398	7376	6371	
2725	18520	6411173	702071330	18520983	176871	0	147518	7376	6375	
2750	18679	6417378	707691655	18679398	176873	0	147603	7385	6383	
2775	18922	6425115	715927677	18922380	176873	0	147726	7396	6395	
2800	19232	6434529	726127346	19232751	176876	0	147816	7448	6421	
2825	19388	6440668	731125491	19388487	176876	0	147920	7449	6423	
2850	19562	6447087	736765089	19562271	176877	0	148027	7452	6427	
2875	19920	6457747	748129280	19920538	176877	0	148145	7509	6441	
2900	20045	6463251	752417463	20045142	176877	0	148223	7513	6444	
2925	20221	6469976	758374562	20221597	176878	0	148346	7513	6445	
2950	20411	6476832	764483994	20411322	176878	0	148455	7519	6453	
2975	20624	6484161	771244153	20624759	176878	0	148585	7523	6457	
3000	20934	6494075	781336667	20934406	176881	0	148718	7558	6478	
3025	21155	6501714	788100702	21155511	176883	0	148844	7566	6489	
3050	21354	6508672	794135249	21354622	176884	0	148969	7568	6493	
3075	21663	6518450	804054929	21663970	176885	0	149118	7595	6510	
3100	21835	6524932	809379463	21835615	176886	0	149236	7595	6511	
3125	22065	6532912	816872388	22065980	176891	0	149376	7604	6524	
3150	22266	6539700	822671316	22266666	176892	0	149502	7604	6525	
3175	22482	6547240	829435780	22482371	176892	0	149628	7613	6530	
3200	22731	6555761	837157177	22731755	176894	0	149750	7636	6542	
3225	22937	6562876	843429717	22937726	176895	0	149885	7637	6544	
3250	23169	6570735	850830828	23169782	176895	0	150016	7647	6552	
3275	23409	6578760	858209858	23409435	176896	0	150142	7662	6562	
3300	23724	6588009	868060078	23724827	176899	0	150294	7680	6581	
3325	23907	6594497	873570835	23907387	176899	0	150412	7680	6581	
3350	24117	6601791	879897057	24117983	176901	0	150544	7683	6585	
3375	24311	6608588	885808481	24311004	176901	0	150672	7683	6585	
3400	24553	6616139	893006046	24553055	176902	0	150804	7688	6593	
3425	24811	6624364	900657981	24811061	176902	0	150943	7702	6601	
3450	25112	6633243	909925365	25112213	176905	0	151097	7716	6615	
3475	25297	6639709	915466560	25297516	176905	0	151215	7716	6615	
3500	25571	6648174	923858036	25571320	176906	0	151356	7730	6626	
3525	25799	6655341	930334601	25799736	176907	0	151489	7732	6631	
3550	26042	6662954	937479640	26042754	176907	0	151623	7739	6638	
3575	26272	6670496	944205922	26272533	176908	0	151747	7749	6644	
3600	26555	6678875	952331612	26555365	176909	0	151888	7762	6651	
3625	26765	6685816	958515564	26765244	176909	0	152021	7762	6651	
3650	27010	6693398	965690150	27010489	176910	0	152164	7765	6656	
3675	27250	6700436	972176995	27250548	176910	0	152293	7767	6660	
3700	27555	6709482	981394801	27555237	176912	0	152447	7782	6672	
3725	27806	6717293	989090357	27806001	176914	0	152578	7791	6685	
3750	28002	6724049	994991302	28002571	176914	0	152704	7791	6685	
3775	28239	6731363	1002102269	28239911	176914	0	152838	7794	6688	
3800	28485	6739044	1009218247	28485420	176914	0	152984	7797	6692	
3825	28753	6746871	1017000430	28753748	176914	0	153114	7807	6702	
3850	29017	6754692	1024718399	29017480	176916	0	153258	7811	6708	
3875	29338	6763027	1033157772	29338413	176919	0	153396	7824	6722	
3900	29662	6771943	1042381711	29662637	176920	0	153536	7843	6734	
3925	29853	6778525	1048148196	29853825	176920	0	153652	7846	6737	
3950	30083	6785994	1055319866	30083502	176922	0	153779	7853	6744	
3975	30308	6793195	1062097951	30308151	176924	0	153900	7859	6751	
4000	30547	6800577	1068918370	30547480	176924	0	154044	7859	6751	
4025	30761	6807357	1075175755	30761121	176924	0	154171	7859	6751	
4050	31065	6816308	1084333292	31065618	176925	0	154308	7881	6766	
4075	31288	6823427	1090863581	31288919	176926	0	154429	7886	6773	
4100	31502	6830461	1097088581	31502268	176926	0	154564	7886	6773	
4125	31681	6836899	1102408982	31681513	176926	0	154674	7888	6776	
4150	31933	6844678	1110115430	31933625	176927	0	154823	7891	6780	
4175	32200	6852305	1117394092	32200959	176927	0	154970	7893	6784	
4200	32435	6859490	1124043487	32435649	176929	0	155101	7896	6789	
4225	32712	6867345	1131951080	32712674	176930	0	155245	7901	6797	
4250	32947	6874598	1138537612	32947857	176932	0	155380	7903	6803	
4275	33179	6881551	1144996512	33179069	176933	0	155511	7903	6803	
4300	33440	6889261	1152305970	33440314	176934	0	155656	7905	6807	
4325	33676	6896437	1159151136	33676237	176935	0	155780	7910	6813	
4350	33947	6904551	1167229994	33947453	176936	0	155930	7916	6820	
4375	34235	6912926	1175837615	34235365	176939	0	156084	7924	6829	
4400	34550	6921837	1184877769	34550077	176940	0	156223	7946	6840	
4425	34761	6928663	1190837404	34761871	176940	0	156347	7947	6842	
4450	35060	6937160	1199155266	35060420	176941	0	156496	7961	6851	
4475	35312	6944777	1206143661	35312325	176941	0	156622	7969	6859	
4500	35580	6952712	1213807908	35580013	176942	0	156763	7978	6868	
4525	35840	6960605	1221226650	35840815	176942	0	156891	7990	6877	
4550	36129	6968903	1229508881	36129542	176943	0	157032	8001	6889	
4575	36388	6976375	1236762155	36388141	176946	0	157166	8005	6899	
4600	36692	6985060	1245610369	36692435	176946	0	157327	8014	6908	
4625	36946	6992698	1252335592	36946423	176946	0	157448	8026	6918	
4650	37158	6999441	1258225933	37158515	176946	0	157572	8027	6920	
4675	37666	7012593	1272617322	37666391	176948	0	157726	8099	6952	
4700	37839	7018628	1277214980	37839738	176948	0	157829	8099	6952	
4725	38088	7026128	1283923011	38088523	176948	0	157967	8103	6956	
4750	38316	7033181	1289912930	38316869	176950	0	158083	8109	6964	
4775	38563	7040761	1296411359	38563787	176950	0	158218	8114	6970	
4800	38809	7048902	1303340102	38809427	176950	0	158302	8150	6987	
4825	38962	7055081	1307186321	38962048	176951	0	158410	8150	6988	
4850	39258	7063985	1314413410	39258830	176953	0	158558	8165	7006	
4875	39533	7072491	1321015091	39533755	176954	0	158693	8183	7017	
4900	39774	7080328	1327046476	39774733	176954	0	158824	8194	7024	
4925	40052	7088794	1333836308	40052046	176956	0	158987	8199	7031	
4950	40244	7095519	1338428537	40244820	176956	0	159110	8200	7033	
4975	40510	7103524	1344808781	40510283	176956	0	159271	8201	7035	
5000	40713	7110242	1349433648	40713961	176958	0	159393	8202	7039	
5025	40996	7118771	1356381513	40996877	176959	0	159550	8211	7045	
5050	41228	7125968	1361675800	41228746	176960	0	159686	8211	7048	
5075	41557	7135484	1370209911	41557880	176964	0	159847	8228	7066	
5100	41824	7143157	1376342080	41824387	176965	0	159992	8231	7070	
5125	42194	7153611	1386033689	42194248	176966	0	160156	8261	7089	
