#input	time	ios	pfs	timems	pbo	dbo	ibo	pbu	ndo	ars	
25	30	9452	0	30354	233626	0	2	3	1	0	
50	88	33777	0	88219	233627	0	8	8	3	0	
75	198	81876	0	198371	233630	0	19	17	6	0	
100	236	104643	0	236164	233630	0	27	17	6	0	
125	357	167133	0	357743	233631	0	41	27	10	0	
150	407	199337	0	407062	233632	0	54	27	10	0	
175	493	252233	0	493063	233636	0	75	27	10	0	
200	622	318446	0	622534	233637	0	86	40	15	0	
225	696	369638	0	696314	233637	0	108	40	15	0	
250	763	412549	0	763080	233637	0	126	40	15	0	
275	901	482916	0	901457	233641	0	157	42	17	0	
300	1089	582309	0	1089132	233646	0	180	55	23	0	
325	1152	619933	0	1152474	233647	0	197	56	24	0	
350	1229	675234	0	1229311	233647	0	223	56	24	0	
375	1349	746320	0	1349021	233652	0	250	58	26	0	
400	1507	839948	0	1507047	233655	0	288	61	28	0	
425	1640	920752	0	1640089	233656	0	320	63	30	0	
450	1759	996290	0	1759729	233657	0	354	64	31	0	
475	1872	1065424	0	1872801	233662	0	384	65	32	0	
500	2110	1195437	0	2110681	233664	0	409	86	42	0	
525	2166	1238670	0	2166217	233664	0	430	86	42	0	
550	2281	1315744	0	2281451	233667	0	466	87	43	0	
575	2354	1370285	0	2354765	233667	0	490	87	43	0	
600	2465	1447098	0	2465748	233669	0	525	87	43	0	
625	2629	1552203	0	2629300	233672	0	565	91	46	0	
650	2747	1631239	0	2747786	233675	0	595	94	48	0	
675	2905	1732682	0	2905426	233678	0	633	99	52	0	
700	3114	1851535	0	3114542	233686	0	673	108	57	0	
725	3215	1924376	0	3215637	233686	0	705	108	57	0	
750	3339	2009126	0	3339437	233688	0	742	108	57	0	
775	3442	2083069	0	3442458	233688	0	775	108	57	0	
800	3695	2240898	0	3695711	233689	0	816	127	65	0	
825	3725	2265409	0	3725281	233689	0	826	127	65	0	
850	3814	2331523	0	3814860	233689	0	856	127	65	0	
875	3941	2419896	0	3941360	233689	0	897	127	65	0	
900	4133	2536699	0	4133314	233692	0	940	134	71	0	
925	4256	2622526	0	4256504	233693	0	979	135	72	0	
950	4401	2718886	0	4401163	233693	0	1024	135	72	0	
975	4536	2804341	0	4536025	233694	0	1063	136	73	0	
1000	4660	2884376	0	4660657	233697	0	1098	137	74	0	
1025	4870	3019627	0	4870457	233700	0	1152	143	78	0	
1050	5034	3131722	0	5034969	233703	0	1188	150	83	0	
1075	5191	3228180	0	5191646	233704	0	1219	158	88	0	
1100	5323	3317078	0	5323596	233707	0	1255	159	89	0	
1125	5511	3419488	0	5511797	233712	0	1298	164	93	0	
1150	5637	3513677	0	5637289	233712	0	1337	164	93	0	
1175	5774	3600129	0	5774803	233715	0	1379	165	94	0	
1200	6055	3768681	0	6055071	233718	0	1426	181	105	0	
1225	6171	3849526	0	6171257	233718	0	1462	181	105	0	
1250	6298	3944584	0	6298129	233718	0	1503	181	105	0	
1275	6490	4051872	0	6490129	233724	0	1542	191	110	0	
1300	6754	4211591	0	6754026	233725	0	1581	212	119	0	
1325	6787	4239755	0	6787601	233725	0	1593	212	119	0	
1350	6928	4325150	0	6928787	233728	0	1629	215	121	0	
1375	7174	4487488	0	7174347	233731	0	1685	227	127	0	
1400	7255	4552202	0	7255327	233731	0	1716	227	127	0	
1425	7349	4619000	0	7349194	233731	0	1751	227	127	0	
1450	7463	4706706	0	7463074	233731	0	1793	227	127	0	
1475	7611	4812250	0	7611331	233733	0	1841	227	127	0	
1500	7898	4981223	0	7898980	233736	0	1901	244	135	0	
1525	7993	5048767	0	7993369	233736	0	1932	244	135	0	
1550	8098	5126941	0	8098936	233737	0	1968	244	135	0	
1575	8312	5266904	0	8312415	233738	0	2026	248	138	0	
1600	8451	5359135	0	8451848	233741	0	2068	249	139	0	
1625	8623	5475029	0	8623257	233742	0	2117	253	142	0	
1650	8741	5558063	0	8741583	233743	0	2154	254	143	0	
1675	8880	5652887	0	8880723	233743	0	2199	254	143	0	
1700	9027	5761745	0	9027103	233743	0	2245	254	143	0	
1725	9164	5851367	0	9164180	233744	0	2289	255	144	0	
1750	9358	5971396	0	9358087	233746	0	2333	262	149	0	
1775	9528	6077696	0	9528573	233749	0	2380	263	150	0	
1800	9712	6202548	0	9712147	233749	0	2433	263	150	0	
1825	9936	6335570	0	9936831	233752	0	2475	274	156	0	
1850	10081	6430330	0	10081881	233754	0	2517	274	156	0	
1875	10205	6509479	0	10205445	233756	0	2552	274	156	0	
1900	10400	6639826	0	10400719	233759	0	2612	275	157	0	
1925	10568	6750233	0	10568799	233762	0	2658	278	159	0	
1950	10691	6837160	0	10691732	233762	0	2697	278	159	0	
1975	10875	6950793	0	10875453	233766	0	2741	283	163	0	
2000	11074	7085558	0	11074294	233767	0	2786	292	169	0	
2025	11415	7279933	0	11415052	233770	0	2841	314	176	0	
2050	11656	7417763	0	11656743	233776	0	2883	325	186	0	
2075	11802	7514486	0	11802273	233776	0	2926	325	186	0	
2100	12041	7654847	0	12041625	233777	0	2950	347	196	0	
2125	12124	7721695	0	12124170	233777	0	2983	347	196	0	
2150	12258	7808759	0	12258993	233778	0	3023	349	198	0	
2175	12429	7921642	0	12429618	233779	0	3075	351	200	0	
2200	12539	8004559	0	12539085	233779	0	3112	351	200	0	
2225	12741	8141577	0	12741864	233780	0	3170	355	204	0	
2250	12865	8229468	0	12865421	233780	0	3210	355	204	0	
2275	13048	8346017	0	13048000	233781	0	3265	357	206	0	
2300	13228	8461596	0	13228571	233782	0	3314	359	208	0	
2325	13414	8573946	0	13414879	233785	0	3368	360	209	0	
2350	13591	8686588	0	13591543	233788	0	3417	363	211	0	
2375	13777	8814204	0	13777086	233789	0	3469	367	215	0	
2400	13961	8932448	0	13961563	233792	0	3517	370	217	0	
2425	14195	9071739	0	14195235	233797	0	3563	384	224	0	
2450	14360	9189252	0	14360359	233797	0	3618	384	224	0	
2475	14481	9271149	0	14481898	233797	0	3658	384	224	0	
2500	14626	9377687	0	14626592	233797	0	3708	384	224	0	
2525	14768	9473002	0	14768482	233798	0	3753	385	225	0	
2550	14960	9605186	0	14960898	233799	0	3812	386	226	0	
2575	15131	9708942	0	15131349	233801	0	3862	386	226	0	
2600	15440	9902845	0	15440446	233803	0	3921	404	237	0	
2625	15542	9981873	0	15542687	233803	0	3957	404	237	0	
2650	15689	10087707	0	15689473	233805	0	4006	404	237	0	
2675	15810	10175807	0	15810569	233805	0	4044	404	237	0	
2700	15976	10288831	0	15976063	233807	0	4096	404	237	0	
2725	16140	10399011	0	16140573	233810	0	4142	405	238	0	
2750	16356	10530969	0	16356121	233811	0	4206	406	239	0	
2775	16479	10610633	0	16479198	233813	0	4243	406	239	0	
2800	16685	10745933	0	16685805	233814	0	4299	409	241	0	
2825	16837	10848053	0	16837122	233816	0	4345	409	241	0	
2850	17107	11011019	0	17107944	233820	0	4405	423	245	0	
2875	17250	11108413	0	17250270	233820	0	4446	423	245	0	
2900	17428	11223616	0	17428498	233822	0	4500	423	245	0	
2925	17584	11327147	0	17584509	233823	0	4546	424	246	0	
2950	17900	11517414	0	17900615	233824	0	4605	441	253	0	
2975	18063	11631407	0	18063630	233826	0	4658	441	253	0	
3000	18190	11721758	0	18190261	233826	0	4696	441	253	0	
3025	18409	11845062	0	18409905	233829	0	4746	445	256	0	
3050	18634	11988176	0	18634514	233829	0	4806	445	256	0	
3075	18934	12166996	0	18934537	233833	0	4869	458	262	0	
3100	19095	12267556	0	19095131	233835	0	4913	459	263	0	
3125	19602	12537158	0	19602032	233841	0	4978	497	277	0	
3150	19630	12559515	0	19630685	233841	0	4987	497	277	0	
3175	20050	12800018	0	20050005	233848	0	5057	530	290	0	
3200	20267	12936777	0	20267446	233853	0	5106	537	296	0	
3225	20423	13032801	0	20423248	233856	0	5153	538	297	0	
3250	20535	13118601	0	20535619	233856	0	5193	538	297	0	
3275	20660	13208681	0	20660605	233856	0	5236	538	297	0	
3300	20928	13375769	0	20928173	233859	0	5295	547	306	0	
3325	21062	13468145	0	21062355	233861	0	5338	547	306	0	
3350	21291	13614790	0	21291358	233862	0	5392	556	310	0	
3375	21439	13718387	0	21439367	233862	0	5441	556	310	0	
3400	21625	13838085	0	21625584	233863	0	5491	559	313	0	
3425	22210	14144979	0	22210002	233870	0	5533	626	333	0	
3450	22290	14203941	0	22290354	233870	0	5561	626	333	0	
3475	22463	14324237	0	22463290	233871	0	5617	628	335	0	
3500	22627	14438742	0	22627646	233873	0	5673	628	335	0	
3525	22754	14532885	0	22754971	233873	0	5722	628	335	0	
3550	22970	14676330	0	22970107	233876	0	5778	634	340	0	
3575	23189	14822365	0	23189983	233877	0	5846	638	343	0	
3600	23316	14916342	0	23316635	233877	0	5889	638	343	0	
3625	23511	15037505	0	23511553	233882	0	5950	641	345	0	
3650	23716	15163255	0	23716620	233885	0	6007	645	348	0	
3675	23856	15266422	0	23856305	233885	0	6056	645	348	0	
3700	24069	15404666	0	24069946	233886	0	6124	647	350	0	
3725	24290	15541510	0	24290000	233889	0	6189	649	352	0	
3750	24536	15694976	0	24536403	233893	0	6250	658	356	0	
3775	24881	15894178	0	24881986	233896	0	6312	684	363	0	
3800	25002	15982802	0	25002444	233896	0	6355	684	363	0	
3825	25169	16099259	0	25169470	233896	0	6415	684	363	0	
3850	25315	16200927	0	25315741	233896	0	6466	684	363	0	
3875	25497	16328054	0	25497562	233896	0	6529	684	363	0	
3900	25688	16452713	0	25688306	233896	0	6594	684	363	0	
3925	25823	16556684	0	25823428	233896	0	6643	684	363	0	
3950	26006	16681042	0	26006728	233898	0	6702	684	363	0	
3975	26202	16805341	0	26202071	233899	0	6762	685	364	0	
4000	26428	16950837	0	26428264	233900	0	6835	685	364	0	
4025	26612	17067046	0	26612403	233901	0	6893	686	365	0	
4050	26841	17203622	0	26841564	233903	0	6953	692	369	0	
4075	27117	17371356	0	27117187	233909	0	7016	704	376	0	
4100	27339	17517088	0	27339321	233909	0	7086	704	376	0	
4125	27674	17701705	0	27674143	233915	0	7153	718	387	0	
4150	27863	17832634	0	27863668	233915	0	7215	718	387	0	
4175	28109	17975981	0	28109136	233916	0	7258	740	393	0	
4200	28447	18191168	0	28447408	233917	0	7333	757	399	0	
4225	28576	18281294	0	28576587	233917	0	7380	757	399	0	
4250	28767	18410777	0	28767778	233920	0	7440	759	401	0	
4275	28956	18538874	0	28956416	233920	0	7498	759	401	0	
4300	29282	18736459	0	29282650	233923	0	7571	778	406	0	
4325	29476	18855384	0	29476023	233925	0	7624	778	406	0	
4350	29718	19001480	0	29718854	233929	0	7689	784	409	0	
4375	29895	19127085	0	29895512	233931	0	7750	784	409	0	
4400	30159	19293705	0	30159531	233933	0	7816	793	413	0	
4425	30289	19389930	0	30289245	233933	0	7860	793	413	0	
4450	30478	19518364	0	30478088	233934	0	7916	794	414	0	
4475	30702	19659491	0	30702196	233937	0	7979	797	416	0	
4500	30898	19793902	0	30898360	233938	0	8029	805	420	0	
4525	31109	19943791	0	31109704	233938	0	8098	805	420	0	
4550	31285	20066224	0	31285090	233938	0	8154	805	420	0	
4575	31487	20192661	0	31487534	233941	0	8211	807	422	0	
4600	31664	20311249	0	31664864	233941	0	8264	807	422	0	
4625	31907	20469947	0	31907982	233944	0	8337	810	424	0	
4650	32118	20605530	0	32118733	233945	0	8395	815	427	0	
4675	32320	20741738	0	32320583	233945	0	8459	815	427	0	
4700	32473	20847800	0	32473329	233945	0	8506	815	427	0	
4725	32680	20991542	0	32680328	233945	0	8568	815	427	0	
4750	32886	21129390	0	32886570	233945	0	8630	815	427	0	
4775	33095	21254396	0	33095871	233947	0	8692	817	429	0	
4800	33318	21402248	0	33318186	233947	0	8759	817	429	0	
4825	33517	21541173	0	33517666	233947	0	8814	817	429	0	
4850	33697	21664836	0	33697979	233949	0	8871	817	429	0	
4875	33921	21799710	0	33921210	233950	0	8932	818	430	0	
4900	34201	21965112	0	34201949	233955	0	9001	822	433	0	
4925	34431	22111317	0	34431805	233955	0	9067	822	433	0	
4950	34640	22239918	0	34640059	233956	0	9125	823	434	0	
4975	34865	22384165	0	34865941	233957	0	9181	829	439	0	
5000	35091	22533028	0	35091756	233957	0	9249	829	439	0	
5025	35302	22672352	0	35302375	233957	0	9313	829	439	0	
5050	35567	22833208	0	35567923	233959	0	9383	832	442	0	
5075	35708	22927622	0	35708075	233959	0	9423	832	442	0	
5100	35930	23065892	0	35930471	233959	0	9486	832	442	0	
5125	36201	23237753	0	36201498	233962	0	9559	834	444	0	
