#input	time	ios	pfs	timems	pbo	dbo	ibo	pbu	ndo	
25	24	2733929	269505	24306	341458	0	57180	3274	2841	
50	81	2737023	1952450	81805	341459	0	57187	3280	2844	
75	180	2740436	5606332	180740	341460	0	57197	3288	2849	
100	224	2743276	7364928	224366	341460	0	57207	3288	2849	
125	336	2746938	11302952	336816	341460	0	57220	3299	2854	
150	384	2749901	12878839	384407	341461	0	57233	3299	2854	
175	473	2753171	15856456	473677	341463	0	57254	3299	2856	
200	598	2756980	19559492	598095	341463	0	57265	3312	2862	
225	663	2760221	21715062	663801	341463	0	57286	3312	2862	
250	754	2763541	24900992	754535	341464	0	57310	3312	2863	
275	851	2766937	28119811	851148	341464	0	57334	3313	2865	
300	998	2771028	32505408	998985	341464	0	57351	3327	2872	
325	1061	2774160	34208334	1061044	341464	0	57369	3327	2872	
350	1186	2777950	37845053	1186848	341465	0	57401	3329	2877	
375	1290	2781472	40798320	1290359	341466	0	57431	3329	2878	
400	1448	2785625	45257790	1448430	341467	0	57464	3334	2885	
425	1534	2788947	47756343	1534820	341467	0	57488	3334	2885	
450	1663	2792564	51437543	1663650	341468	0	57521	3334	2886	
475	1839	2796679	56385468	1839181	341469	0	57559	3337	2892	
500	2028	2801225	61545250	2028885	341469	0	57578	3355	2902	
525	2085	2804339	63134408	2085073	341469	0	57596	3355	2902	
550	2276	2808968	68770575	2276562	341470	0	57634	3365	2911	
575	2378	2812538	71534618	2378618	341470	0	57666	3365	2911	
600	2470	2816022	74000936	2470957	341470	0	57695	3365	2911	
625	2597	2819743	77253622	2597719	341471	0	57729	3366	2914	
650	2746	2823684	81291938	2746367	341471	0	57767	3368	2917	
675	2868	2827405	84655516	2868910	341472	0	57802	3368	2918	
700	3089	2832028	91056666	3089582	341473	0	57850	3374	2928	
725	3257	2836107	95419753	3257254	341474	0	57889	3377	2932	
750	3358	2839577	98253635	3358061	341475	0	57917	3377	2933	
775	3549	2843850	103293954	3549444	341477	0	57957	3381	2939	
800	3824	2849184	110530700	3824931	341477	0	58000	3399	2948	
825	3854	2852001	111203988	3854247	341477	0	58009	3399	2948	
850	3966	2855654	113963811	3966993	341477	0	58043	3399	2948	
875	4080	2859389	116715788	4080802	341477	0	58080	3399	2948	
900	4187	2863009	119269763	4187916	341477	0	58113	3399	2948	
925	4315	2866749	122280841	4315502	341477	0	58149	3399	2948	
950	4696	2873137	131168562	4696869	341479	0	58203	3423	2966	
975	4800	2876741	133679569	4800622	341479	0	58236	3423	2966	
1000	4942	2880569	137106552	4942449	341479	0	58270	3425	2969	
1025	5130	2884973	141819989	5130796	341479	0	58312	3430	2973	
1050	5301	2889075	145995969	5301361	341480	0	58357	3431	2976	
1075	5470	2893266	150163470	5470921	341481	0	58396	3435	2982	
1100	5671	2897774	155411228	5671251	341482	0	58435	3442	2989	
1125	5766	2901295	157975027	5766375	341482	0	58465	3442	2989	
1150	5935	2905382	162246818	5935175	341482	0	58512	3442	2989	
1175	6217	2910891	169733542	6217823	341483	0	58558	3460	3000	
1200	6348	2914591	173002865	6348997	341483	0	58594	3460	3000	
1225	6471	2918241	176107748	6471471	341484	0	58628	3460	3001	
1250	6849	2924573	185028145	6849213	341486	0	58685	3485	3019	
1275	7063	2928973	190037502	7063495	341486	0	58729	3489	3024	
1300	7141	2932325	192183023	7141565	341486	0	58754	3489	3024	
1325	7423	2937776	199148869	7423267	341486	0	58794	3510	3034	
1350	7451	2940593	199831756	7451999	341486	0	58803	3510	3034	
1375	7566	2944365	202552355	7566472	341486	0	58840	3510	3034	
1400	7721	2948484	206213356	7721299	341486	0	58884	3511	3036	
1425	7825	2952019	208515637	7825509	341486	0	58915	3511	3036	
1450	7965	2956002	211748121	7965219	341486	0	58959	3511	3036	
1475	8172	2960593	216596594	8172234	341486	0	59008	3516	3040	
1500	8313	2964462	219719795	8313232	341486	0	59049	3516	3040	
1525	8527	2968967	224293040	8527764	341489	0	59100	3519	3046	
1550	8630	2972589	226712959	8630626	341489	0	59134	3519	3046	
1575	8846	2977185	231239506	8846835	341489	0	59192	3520	3048	
1600	9158	2982600	237715541	9158539	341492	0	59241	3537	3058	
1625	9286	2986365	240377434	9286131	341492	0	59278	3537	3058	
1650	9515	2990969	244909129	9515648	341492	0	59324	3543	3066	
1675	9683	2995058	248301869	9683495	341492	0	59366	3545	3069	
1700	9895	2999484	252435820	9895897	341492	0	59423	3545	3069	
1725	10038	3003304	255058972	10038426	341493	0	59461	3545	3070	
1750	10213	3007418	258370040	10213364	341494	0	59507	3546	3073	
1775	10336	3011070	260610477	10336997	341495	0	59541	3546	3074	
1800	10614	3016213	265715072	10614132	341497	0	59598	3555	3081	
1825	10971	3021885	272530283	10971125	341498	0	59645	3573	3094	
1850	11083	3025523	274880129	11083649	341498	0	59679	3573	3094	
1875	11278	3029955	278817150	11278186	341498	0	59713	3582	3101	
1900	11491	3034444	282875766	11491408	341499	0	59772	3582	3101	
1925	11627	3038262	285581539	11627268	341500	0	59811	3582	3102	
1950	11763	3042058	288079002	11763670	341500	0	59849	3582	3102	
1975	11892	3045850	290801921	11892518	341500	0	59888	3582	3102	
2000	12119	3050479	295147063	12119332	341500	0	59932	3588	3110	
2025	12302	3054694	298592013	12302466	341501	0	59982	3588	3111	
2050	12431	3058486	301017708	12431861	341501	0	60020	3588	3111	
2075	12655	3063433	305400799	12655420	341501	0	60043	3610	3122	
2100	12739	3066884	306687394	12739877	341501	0	60071	3610	3122	
2125	13115	3073395	312252316	13115019	341503	0	60124	3635	3139	
2150	13241	3077268	314080275	13241750	341504	0	60165	3635	3140	
2175	13416	3081584	316571273	13416709	341504	0	60217	3636	3142	
2200	13599	3086068	319342190	13599350	341505	0	60254	3647	3147	
2225	13776	3090385	321830542	13776306	341505	0	60308	3647	3147	
2250	14053	3096080	326181445	14053859	341506	0	60350	3670	3157	
2275	14245	3100618	329034667	14245427	341506	0	60400	3674	3162	
2300	14360	3104349	330697561	14360546	341506	0	60436	3674	3162	
2325	14536	3108688	333145023	14536542	341506	0	60483	3676	3165	
2350	14692	3112694	335331321	14692155	341506	0	60528	3676	3165	
2375	14880	3117135	337930336	14880671	341507	0	60578	3679	3169	
2400	15013	3121087	339812576	15013646	341507	0	60619	3680	3171	
2425	15293	3126459	343976648	15293866	341507	0	60673	3692	3180	
2450	15526	3131166	347437532	15526848	341508	0	60719	3699	3187	
2475	15676	3135295	349587385	15676213	341509	0	60766	3700	3190	
2500	15856	3139676	352265339	15856861	341509	0	60813	3703	3193	
2525	16102	3144394	355657062	16102125	341512	0	60868	3707	3200	
2550	16247	3148416	357802080	16247524	341512	0	60914	3707	3200	
2575	16493	3153304	361379552	16493125	341513	0	60966	3714	3205	
2600	16632	3157243	363264167	16632261	341513	0	61009	3714	3205	
2625	16826	3161613	365841484	16826362	341513	0	61065	3714	3205	
2650	16970	3165601	367829555	16970429	341513	0	61109	3714	3205	
2675	17117	3169623	369923496	17117414	341513	0	61154	3714	3205	
2700	17283	3173791	372292143	17283383	341513	0	61202	3715	3207	
2725	17503	3178346	375259957	17503684	341513	0	61261	3716	3209	
2750	17668	3182408	377644587	17668481	341513	0	61307	3716	3209	
2775	17817	3186396	379788327	17817824	341513	0	61352	3716	3209	
2800	18015	3190693	382306802	18015254	341514	0	61404	3716	3210	
2825	18172	3194601	384410986	18172095	341514	0	61446	3716	3210	
2850	18366	3199054	387232089	18366120	341514	0	61504	3716	3210	
2875	18465	3202601	388664760	18465090	341514	0	61534	3716	3210	
2900	18668	3207039	391658847	18668891	341514	0	61590	3717	3212	
2925	18899	3211724	394944955	18899876	341514	0	61646	3720	3215	
2950	19149	3216591	398624537	19149334	341514	0	61700	3725	3221	
2975	19316	3220740	400958498	19316564	341515	0	61746	3726	3224	
3000	19584	3225626	404411135	19584531	341516	0	61803	3731	3231	
3025	19864	3230668	408185276	19864523	341516	0	61861	3737	3237	
3050	20089	3235229	411319338	20089765	341516	0	61912	3740	3241	
3075	20356	3240100	415140298	20356993	341517	0	61979	3742	3245	
3100	20586	3244788	418536684	20586640	341518	0	62025	3748	3253	
3125	20786	3249109	421189333	20786140	341519	0	62079	3748	3254	
3150	21037	3254013	424882502	21037485	341522	0	62123	3758	3264	
3175	21299	3258744	428479812	21299882	341523	0	62184	3759	3267	
3200	21440	3262513	430464718	21440593	341524	0	62222	3759	3267	
3225	21652	3266769	433200259	21652619	341525	0	62274	3759	3268	
3250	22029	3272799	438376589	22029260	341527	0	62334	3778	3280	
3275	22240	3277225	441231640	22240763	341528	0	62391	3778	3281	
3300	22465	3281802	444252869	22465090	341528	0	62438	3784	3285	
3325	22643	3285802	446559826	22643351	341528	0	62483	3784	3285	
3350	22849	3290076	449383579	22849411	341529	0	62536	3784	3286	
3375	23095	3294722	452491677	23095655	341530	0	62600	3784	3287	
3400	23289	3299052	454984279	23289111	341530	0	62648	3786	3290	
3425	23435	3302872	456807733	23435543	341530	0	62687	3786	3290	
3450	23667	3307959	460090629	23667865	341530	0	62706	3811	3302	
3475	23854	3312495	462556679	23854761	341531	0	62752	3818	3307	
3500	24045	3316784	464830583	24045545	341531	0	62804	3818	3307	
3525	24276	3321514	467558307	24276332	341532	0	62860	3822	3313	
3550	24478	3325868	470084984	24478395	341532	0	62907	3825	3317	
3575	24787	3331547	474398482	24787750	341533	0	62964	3838	3329	
3600	24992	3336080	476859883	24992641	341534	0	63020	3839	3332	
3625	25200	3340581	479402042	25200638	341534	0	63080	3839	3332	
3650	25355	3344577	481171996	25355962	341534	0	63124	3839	3332	
3675	25546	3348940	483460857	25546526	341534	0	63178	3840	3334	
3700	25751	3353402	485872034	25751732	341534	0	63236	3840	3334	
3725	25974	3357867	488769647	25974590	341536	0	63288	3842	3339	
3750	26287	3363190	492582660	26287709	341538	0	63351	3851	3346	
3775	26446	3367266	494593945	26446660	341538	0	63399	3851	3346	
3800	26854	3373926	499852871	26854391	341538	0	63468	3874	3357	
3825	27027	3377992	501812250	27027611	341538	0	63515	3874	3357	
3850	27250	3382442	504231178	27250969	341538	0	63572	3874	3357	
3875	27456	3386775	506660177	27456398	341538	0	63627	3874	3357	
3900	27809	3392513	511054651	27809285	341539	0	63702	3883	3363	
3925	28086	3397754	514730650	28086525	341540	0	63752	3894	3373	
3950	28231	3401686	516383022	28231583	341540	0	63794	3894	3373	
3975	28418	3405955	518579165	28418191	341541	0	63843	3896	3378	
4000	28632	3410487	521156640	28632860	341541	0	63903	3896	3378	
4025	28820	3414791	523583109	28820384	341543	0	63950	3898	3383	
4050	29191	3420820	528243818	29191420	341545	0	64011	3912	3401	
4075	29317	3424525	529784745	29317737	341545	0	64047	3912	3401	
4100	29573	3429515	532953030	29573336	341546	0	64114	3915	3405	
4125	29772	3433855	535351476	29772271	341546	0	64165	3916	3407	
4150	30046	3438922	538571542	30046895	341546	0	64228	3920	3414	
4175	30208	3442991	540505243	30208624	341546	0	64275	3920	3414	
4200	30403	3447328	542754588	30403780	341546	0	64329	3920	3414	
4225	30607	3451675	545025121	30607628	341546	0	64382	3921	3416	
4250	30845	3456404	547826734	30845037	341547	0	64446	3922	3421	
4275	31017	3460542	549719189	31017385	341547	0	64494	3922	3421	
4300	31255	3465185	552445756	31255616	341547	0	64558	3922	3421	
4325	31396	3469138	554062980	31396689	341547	0	64601	3922	3421	
4350	31595	3473435	556351480	31595716	341549	0	64652	3923	3425	
4375	31831	3478188	559145734	31831951	341549	0	64714	3925	3429	
4400	32013	3482392	561209436	32013650	341550	0	64765	3925	3430	
4425	32352	3488113	565042338	32352609	341550	0	64839	3936	3435	
4450	32540	3492355	567188863	32540265	341552	0	64884	3938	3440	
4475	32814	3497151	570073877	32814798	341553	0	64946	3940	3444	
4500	33013	3501410	572363689	33013331	341553	0	64999	3940	3444	
4525	33247	3506128	574876332	33247832	341553	0	65064	3940	3444	
4550	33454	3510619	577257915	33454657	341553	0	65117	3944	3447	
4575	33841	3516861	582164500	33841756	341556	0	65175	3967	3460	
4600	34084	3521572	584979649	34084093	341557	0	65233	3970	3464	
4625	34399	3527026	588704752	34399383	341557	0	65302	3977	3469	
4650	34608	3531374	591101730	34608718	341558	0	65351	3979	3472	
4675	34821	3535826	593343797	34821100	341558	0	65409	3979	3472	
4700	35048	3540509	595902167	35048958	341558	0	65459	3984	3478	
4725	35352	3545915	599252026	35352097	341560	0	65521	3994	3485	
4750	35622	3551038	602411539	35622689	341560	0	65570	4004	3494	
4775	35817	3555414	604443959	35817878	341560	0	65624	4005	3496	
4800	36095	3560524	607638734	36095797	341560	0	65680	4013	3503	
4825	36278	3564738	609437936	36278863	341560	0	65730	4013	3503	
4850	36768	3572032	615101812	36768654	341562	0	65799	4043	3522	
4875	36915	3575923	616677381	36915742	341562	0	65840	4043	3522	
4900	37093	3580111	618636567	37093092	341562	0	65889	4044	3524	
4925	37344	3584926	621141916	37344110	341562	0	65956	4044	3526	
4950	37545	3589300	623242223	37545732	341563	0	66011	4044	3527	
4975	37691	3593138	624839927	37691580	341563	0	66051	4044	3527	
5000	37938	3597837	627460073	37938263	341564	0	66111	4046	3531	
5025	38175	3602642	630141253	38175351	341564	0	66167	4051	3535	
5050	38383	3607079	632363247	38383315	341564	0	66226	4051	3535	
5075	38576	3611427	634401165	38576153	341564	0	66282	4051	3535	
5100	38725	3615351	635922559	38725459	341564	0	66324	4051	3535	
5125	38955	3620112	638570305	38955357	341564	0	66385	4053	3538	
