#input	time	ios	pfs	timems	
16	0	241066	4	88	
32	0	242093	7	175	
48	0	243120	7	269	
64	0	244148	7	365	
80	0	245175	7	777	
96	0	246202	7	886	
112	2	247230	7	2261	
128	2	248257	7	2350	
144	2	249284	7	2445	
160	2	250312	7	2538	
176	3	251339	7	3219	
192	3	252366	7	3312	
208	3	253394	7	3555	
224	3	254421	7	3827	
240	4	255448	7	4087	
256	4	256476	7	4751	
272	5	257503	7	5272	
288	5	258530	7	5625	
304	5	259558	8	5718	
320	5	260585	8	5991	
336	6	261612	8	6249	
352	7	262640	9	7108	
368	7	263667	9	7205	
384	7	264694	9	7880	
400	7	265722	9	7973	
416	8	266749	9	8069	
432	8	267776	9	8354	
448	8	268803	9	8975	
464	9	269831	9	9087	
480	9	270858	9	9356	
496	9	271885	9	9934	
512	10	272913	9	10376	
528	10	273940	9	10477	
544	11	274967	9	11108	
560	11	275995	9	11203	
576	12	277022	9	12400	
592	12	278049	9	12504	
608	12	279077	9	12605	
624	13	280104	9	13520	
640	13	281131	10	13810	
656	13	282159	10	13956	
672	14	283186	10	14792	
688	14	284213	10	14895	
704	15	285241	10	15812	
720	15	286268	10	15911	
736	16	287295	10	16517	
752	16	288323	10	16613	
768	17	289351	10	17756	
784	17	290379	10	17861	
800	17	291408	10	17961	
816	18	292436	10	18532	
832	18	293464	10	18635	
848	19	294492	10	19208	
864	19	295521	11	19310	
880	19	296549	11	19922	
896	20	297577	11	20110	
912	20	298606	11	20638	
928	21	299634	11	21015	
944	21	300662	11	21115	
960	21	301691	11	21874	
976	21	302719	11	21970	
992	22	303747	11	22769	
1008	22	304776	11	22874	
1024	23	305804	11	23170	
