#input	time	ios	pfs	timems	
16	0	69887	2	333	
32	0	73986	5	669	
48	1	78085	5	1009	
64	1	82185	5	1353	
80	1	86284	5	1695	
96	2	90383	5	2268	
112	2	94483	5	2804	
128	3	98582	5	3155	
144	3	102681	5	3491	
160	4	106781	5	4151	
176	4	110880	5	4496	
192	4	114979	5	4837	
208	5	119079	5	5179	
224	5	123178	5	5523	
240	5	127277	5	5864	
256	6	131377	5	6205	
272	6	135476	5	6550	
288	7	139575	5	7104	
304	7	143675	6	7444	
320	7	147774	6	7788	
336	8	151873	6	8138	
352	8	155973	6	8475	
368	9	160072	6	9237	
384	9	164171	6	9576	
400	9	168271	6	9920	
416	10	172370	6	10270	
432	10	176469	6	10613	
448	10	180568	6	10962	
464	11	184668	6	11308	
480	11	188767	6	11655	
496	12	192866	6	12133	
512	12	196966	6	12774	
528	13	201065	6	13121	
544	13	205164	6	13886	
560	14	209264	6	14232	
576	14	213363	6	14577	
592	14	217462	6	14925	
608	15	221562	6	15544	
624	15	225661	6	15895	
640	16	229760	6	16710	
656	17	233860	6	17161	
672	17	237959	7	17673	
688	18	242058	7	18021	
704	18	246158	7	18627	
720	18	250257	7	18971	
736	19	254356	7	19984	
752	20	258456	7	20335	
768	20	262556	7	20683	
784	21	266656	7	21288	
800	21	270757	7	21765	
816	22	274857	7	22295	
832	22	278957	7	22848	
848	23	283057	7	23201	
864	23	287158	7	23562	
880	23	291258	7	23909	
896	24	295358	7	24721	
912	25	299459	7	25068	
928	25	303559	7	25418	
944	25	307659	7	25770	
960	26	311760	7	26119	
976	26	315860	7	26466	
992	26	319960	7	26884	
1008	27	324061	7	27232	
1024	27	328161	7	27761	
