#input	time	ios	pfs	timems	
16	0	1024	4096	122	
32	0	2051	8194	244	
48	0	3078	12290	376	
64	0	4106	16386	505	
80	0	5133	20482	925	
96	1	6160	24578	1052	
112	1	7188	28674	1768	
128	1	8215	32770	1900	
144	2	9242	36866	2030	
160	2	10270	40962	2576	
176	2	11297	45059	2795	
192	3	12324	49155	3318	
208	3	13352	53252	3447	
224	3	14379	57348	3841	
240	3	15406	61444	3969	
256	4	16434	65540	4504	
272	4	17461	69636	4637	
288	5	18488	73732	5364	
304	5	19516	77828	5493	
320	5	20543	81924	5624	
336	6	21570	86020	6189	
352	6	22598	90116	6314	
368	7	23625	94212	7098	
384	7	24652	98308	7225	
400	7	25680	102404	7359	
416	8	26707	106500	8087	
432	8	27734	110596	8226	
448	8	28761	114692	8361	
464	8	29789	118789	8714	
480	8	30816	122885	8855	
496	9	31843	126981	9379	
512	9	32871	131077	9520	
528	10	33898	135173	10041	
544	10	34925	139269	10529	
560	10	35953	143365	10872	
576	11	36980	147461	11013	
592	11	38007	151557	11417	
608	11	39035	155653	11555	
624	12	40062	159749	12235	
640	12	41089	163845	12380	
656	12	42117	167941	12523	
672	13	43145	172037	13044	
688	13	44173	176134	13215	
704	13	45202	180230	13742	
720	13	46230	184326	13885	
736	14	47258	188422	14263	
752	14	48287	192518	14406	
768	14	49315	196614	14923	
784	15	50343	200710	15073	
800	15	51372	204806	15756	
816	15	52400	208902	15899	
832	16	53428	212998	16046	
848	16	54456	217094	16594	
864	16	55485	221190	16735	
880	17	56513	225286	17499	
896	17	57541	229382	17639	
912	17	58570	233478	17786	
928	18	59598	237574	18484	
944	18	60626	241670	18625	
960	18	61655	245766	18771	
976	19	62683	249862	19330	
992	19	63711	253958	19472	
1008	19	64740	258054	19866	
1024	20	65768	262150	20010	
