#input	time	ios	pfs	timems	pbo	dbo	ibo	pbu	ndo	
25	84	1426230	20265222	84650	0	0	0	0	0	
50	130	2048890	31266570	130214	0	0	0	0	0	
75	191	2873970	36714491	191984	0	0	0	0	0	
100	233	3924648	40643561	233890	1	0	1	0	0	
125	263	4532720	39742907	263046	0	0	0	0	0	
150	285	4874110	41636563	285484	0	0	0	0	0	
175	312	4928770	49763531	312616	1	0	1	0	0	
200	319	5126660	32718737	319626	0	0	0	0	0	
225	351	5898134	15752042	351244	1	0	1	0	0	
250	381	6334924	10984585	381138	0	0	0	0	0	
275	406	6889163	12179968	406170	1	0	1	0	0	
300	398	7459351	9083345	398868	0	0	0	0	0	
325	438	7757434	9678851	438904	0	0	0	0	0	
350	462	7958355	10225629	462430	1	0	1	2	1	
375	509	8760418	11702225	509686	2	0	2	2	2	
400	526	9411280	10293645	526766	0	0	0	0	0	
425	523	9091694	8795545	523721	0	0	0	0	0	
450	593	9907957	9384039	593209	1	0	1	0	0	
475	654	10475140	10934770	654847	0	0	0	0	0	
500	642	10233260	8577364	642406	0	0	0	0	0	
525	794	10466197	8291877	794211	0	0	0	0	0	
550	828	11017320	9618217	828996	0	0	0	0	0	
575	878	11389280	10951929	878658	0	0	0	0	0	
600	910	11967039	10313295	910008	1	0	1	1	1	
625	914	12259270	10969062	914870	0	0	0	0	0	
650	927	12139532	9530356	927807	1	0	1	1	1	
675	1030	12955586	8885209	1030789	1	0	1	0	0	
700	1143	14462357	6328416	1143485	1	0	1	5	2	
725	1081	14656450	5835016	1081010	0	0	0	0	0	
750	1158	15199980	5666545	1158026	0	0	0	0	0	
775	1202	15474411	6387102	1202290	0	0	1	0	0	
800	1015	16625376	6379469	1015180	0	0	0	0	0	
825	1040	16975070	6701557	1040112	0	0	0	0	0	
850	1049	17481540	7058635	1049080	0	0	0	0	0	
875	1160	18306651	7678253	1160904	2	0	2	7	4	
900	1137	18524020	7422212	1137077	0	0	0	0	0	
925	1170	19019830	5126603	1170410	0	0	0	0	0	
950	1119	18903400	5008979	1119795	0	0	0	0	0	
975	1168	19737224	5546493	1168488	1	0	1	0	0	
1000	1296	20086340	5413111	1296478	0	0	0	0	0	
