#input	time	ios	pfs	timems	
16	0	281068	3	33	
32	0	282095	3	64	
48	0	283122	4	94	
64	0	284150	4	125	
80	0	285177	4	155	
96	0	286204	4	186	
112	0	287232	4	216	
128	0	288259	4	247	
144	0	289286	4	426	
160	0	290314	4	476	
176	0	291341	4	844	
192	0	292368	4	893	
208	1	293396	4	1289	
224	1	294423	4	1338	
240	1	295450	4	1733	
256	1	296478	4	1783	
272	2	297505	4	2235	
288	2	298532	4	2715	
304	4	299560	4	4547	
320	4	300587	4	4596	
336	4	301614	4	4638	
352	4	302642	4	4674	
368	4	303669	5	4706	
384	4	304696	6	4737	
400	4	305724	6	4768	
416	4	306751	6	4798	
432	4	307778	6	4829	
448	4	308805	6	4860	
464	5	309833	6	5282	
480	5	310860	6	5726	
496	5	311887	6	5816	
512	5	312915	6	5866	
528	6	313942	6	6320	
544	6	314969	6	6780	
560	6	315997	6	6831	
576	6	317024	6	6872	
592	7	318051	6	7660	
608	8	319079	6	8112	
624	9	320106	6	9563	
640	9	321133	6	9612	
656	9	322161	6	9654	
672	9	323188	6	9691	
688	9	324215	6	9724	
704	9	325243	7	9755	
720	9	326270	7	9785	
736	9	327297	7	9816	
752	9	328325	7	9850	
768	9	329352	7	9881	
784	10	330379	7	10388	
800	10	331408	7	10439	
816	10	332436	7	10916	
832	10	333464	7	10965	
848	11	334492	7	11359	
864	11	335521	7	11408	
880	11	336549	7	11800	
896	11	337577	8	11850	
912	12	338606	8	12324	
928	12	339634	8	12375	
944	12	340662	8	12795	
960	13	341691	8	13400	
976	15	342719	8	15091	
992	15	343747	8	15141	
1008	15	344776	8	15183	
1024	15	345804	8	15220	
