#input	time	ios	pfs	timems	
16	0	69889	1	96	
32	0	73988	1	192	
48	0	78087	1	288	
64	0	82187	1	383	
80	0	86286	1	479	
96	0	90385	1	575	
112	0	94485	1	670	
128	0	98584	1	766	
144	0	102683	1	864	
160	0	106783	1	960	
176	1	110882	2	1366	
192	1	114981	2	1468	
208	1	119081	2	1807	
224	1	123180	2	1909	
240	2	127279	2	2745	
256	2	131379	2	2865	
272	2	135478	2	2962	
288	3	139577	2	3513	
304	5	143677	2	5263	
320	5	147776	2	5366	
336	5	151875	2	5462	
352	5	155975	3	5557	
368	5	160074	3	5653	
384	5	164173	3	5749	
400	5	168273	3	5845	
416	5	172372	3	5940	
432	6	176471	3	6037	
448	6	180570	3	6133	
464	6	184670	3	6584	
480	6	188769	3	6688	
496	7	192868	3	7531	
512	7	196968	4	7664	
528	7	201067	4	7762	
544	7	205166	4	7859	
560	8	209266	4	8367	
576	8	213365	4	8909	
592	9	217464	4	9294	
608	10	221564	4	10784	
624	10	225663	4	10887	
640	10	229762	4	10983	
656	11	233862	4	11079	
672	11	237961	4	11175	
688	11	242060	4	11272	
704	11	246160	5	11368	
720	11	250259	5	11464	
736	11	254358	5	11563	
752	11	258458	5	11659	
768	12	262557	5	12282	
784	12	266657	5	12399	
800	12	270758	5	12705	
816	12	274858	5	12809	
832	13	278958	5	13300	
848	13	283058	5	13399	
864	13	287159	5	13931	
880	14	291259	5	14478	
896	14	295359	5	14920	
912	16	299460	5	16356	
928	16	303560	5	16459	
944	16	307660	5	16555	
960	16	311761	5	16652	
976	16	315861	5	16748	
992	16	319961	6	16844	
1008	16	324062	6	16940	
1024	17	328162	6	17037	
