#input	time	ios	pfs	timems	
16	0	1024	4096	43	
32	0	2051	8194	81	
48	0	3078	12290	117	
64	0	4106	16388	152	
80	0	5133	20484	188	
96	0	6160	24580	223	
112	0	7188	28676	259	
128	0	8215	32772	295	
144	0	9242	36868	658	
160	0	10270	40964	715	
176	0	11297	45060	856	
192	1	12324	49156	1244	
208	2	13352	53252	2325	
224	3	14379	57349	3261	
240	3	15406	61445	3315	
256	3	16434	65541	3361	
272	3	17461	69637	3401	
288	3	18488	73733	3436	
304	3	19516	77829	3472	
320	3	20543	81925	3507	
336	3	21570	86021	3544	
352	3	22598	90117	3580	
368	4	23625	94213	4331	
384	4	24652	98311	4746	
400	4	25680	102407	4814	
416	4	26707	106503	4866	
432	4	27734	110599	4910	
448	5	28761	114695	5256	
464	5	29789	118791	5326	
480	5	30816	122887	5756	
496	5	31843	126983	5810	
512	6	32871	131079	6529	
528	6	33898	135175	6763	
544	7	34925	139271	7265	
560	8	35953	143367	8900	
576	8	36980	147464	8955	
592	9	38007	151560	9003	
608	9	39035	155656	9043	
624	9	40062	159752	9080	
640	9	41089	163848	9118	
656	9	42117	167944	9155	
672	9	43144	172040	9193	
688	9	44171	176137	9231	
704	9	45200	180233	9269	
720	10	46228	184329	10025	
736	10	47256	188425	10083	
752	10	48285	192521	10129	
768	10	49313	196617	10505	
784	10	50341	200713	10607	
800	11	51370	204809	11065	
816	11	52398	208905	11470	
832	11	53426	213001	11526	
848	12	54454	217097	12940	
864	13	55483	221193	13022	
880	13	56511	225290	13894	
896	13	57539	229386	13950	
912	13	58568	233482	13996	
928	14	59596	237578	14037	
944	14	60624	241674	14073	
960	14	61653	245770	14110	
976	14	62681	249866	14146	
992	14	63709	253962	14185	
1008	14	64738	258058	14221	
1024	14	65766	262154	14645	
