#input	time	ios	pfs	timems	
16	0	241066	1	284	
32	0	242093	3	564	
48	0	243120	3	847	
64	1	244148	3	1127	
80	1	245175	3	1410	
96	1	246202	3	1691	
112	1	247230	3	1974	
128	2	248257	3	2254	
144	2	249284	3	2629	
160	2	250312	3	2910	
176	3	251339	4	3193	
192	3	252366	5	3474	
208	3	253394	5	3756	
224	4	254421	5	4036	
240	4	255448	5	4320	
256	4	256476	5	4600	
272	4	257503	5	4883	
288	5	258530	5	5163	
304	5	259558	5	5446	
320	5	260585	5	5727	
336	6	261612	5	6010	
352	6	262640	5	6290	
368	6	263667	5	6573	
384	6	264694	5	6854	
400	7	265722	5	7137	
416	7	266749	5	7526	
432	7	267776	5	7808	
448	8	268803	5	8089	
464	8	269831	5	8372	
480	8	270858	5	8653	
496	8	271885	5	8936	
512	9	272913	5	9216	
528	9	273940	5	9499	
544	9	274967	6	9780	
560	10	275995	6	10071	
576	10	277022	6	10352	
592	10	278049	6	10634	
608	10	279077	6	10915	
624	11	280104	6	11198	
640	11	281131	6	11477	
656	11	282159	6	11767	
672	12	283186	6	12049	
688	12	284213	6	12330	
704	12	285241	6	12613	
720	12	286268	7	12977	
736	13	287295	7	13268	
752	13	288323	7	13548	
768	13	289351	7	13831	
784	14	290379	7	14112	
800	14	291408	7	14396	
816	14	292436	7	14676	
832	14	293464	7	14958	
848	15	294492	7	15239	
864	15	295521	7	15522	
880	15	296549	7	15803	
896	16	297577	7	16086	
912	16	298606	7	16366	
928	16	299634	7	16649	
944	16	300662	7	16929	
960	17	301691	7	17213	
976	17	302719	7	17492	
992	17	303747	7	17773	
1008	18	304776	7	18140	
1024	18	305804	7	18420	
