#input	time	ios	pfs	timems	
16	0	4345	2	383	
32	0	8444	4	733	
48	1	12543	4	1081	
64	1	16643	4	1429	
80	1	20742	4	1778	
96	2	24841	4	2126	
112	2	28941	4	2537	
128	2	33040	4	2888	
144	3	37139	4	3237	
160	3	41239	4	3586	
176	3	45338	4	3934	
192	4	49437	4	4283	
208	4	53537	4	4632	
224	5	57636	5	5109	
240	5	61735	5	5457	
256	5	65835	5	5806	
272	6	69934	5	6155	
288	6	74033	5	6503	
304	6	78133	6	6853	
320	7	82232	6	7201	
336	7	86331	6	7549	
352	7	90431	6	7899	
368	8	94530	6	8247	
384	8	98629	6	8595	
400	8	102729	6	8945	
416	9	106828	6	9294	
432	9	110927	6	9642	
448	10	115026	6	10072	
464	10	119126	6	10421	
480	10	123225	6	10771	
496	11	127324	6	11120	
512	11	131424	6	11469	
528	11	135523	6	11817	
544	12	139622	6	12167	
560	12	143722	6	12516	
576	12	147821	6	12867	
592	13	151920	6	13216	
608	13	156020	6	13565	
624	13	160119	6	13914	
640	14	164218	7	14266	
656	14	168318	7	14655	
672	15	172417	7	15082	
688	15	176516	7	15431	
704	15	180616	7	15856	
720	16	184715	7	16205	
736	16	188814	7	16553	
752	16	192914	7	16904	
768	17	197013	7	17252	
784	17	201113	7	17712	
800	18	205214	7	18061	
816	18	209314	7	18409	
832	18	213414	7	18760	
848	19	217514	7	19109	
864	19	221615	8	19458	
880	19	225715	8	19806	
896	20	229815	8	20260	
912	20	233916	8	20609	
928	20	238016	8	20959	
944	21	242116	8	21308	
960	21	246217	8	21657	
976	22	250317	8	22007	
992	22	254417	8	22356	
1008	22	258518	8	22706	
1024	23	262618	8	23056	
