#input	time	ios	pfs	timems	
16	0	1	386	306	
32	0	4	772	587	
48	0	7	1156	911	
64	1	11	1540	1192	
80	1	14	1924	1475	
96	1	17	2308	1756	
112	2	21	2692	2038	
128	2	24	3076	2318	
144	2	27	3460	2602	
160	2	31	3844	2882	
176	3	34	4228	3165	
192	3	37	4613	3445	
208	3	41	4997	3728	
224	4	44	5382	4009	
240	4	47	5766	4292	
256	4	51	6150	4573	
272	4	54	6534	4855	
288	5	57	6918	5136	
304	5	61	7302	5502	
320	5	64	7686	5783	
336	6	67	8070	6066	
352	6	71	8454	6346	
368	6	74	8838	6629	
384	6	77	9222	6910	
400	7	81	9606	7193	
416	7	84	9990	7498	
432	7	87	10378	7848	
448	8	90	10762	8128	
464	8	94	11147	8420	
480	8	97	11531	8701	
496	8	100	11915	8983	
512	9	104	12299	9263	
528	9	107	12683	9547	
544	9	110	13067	9827	
560	10	114	13451	10110	
576	10	117	13835	10390	
592	10	120	14219	10757	
608	11	124	14603	11038	
624	11	127	14987	11321	
640	11	130	15371	11601	
656	11	134	15755	11890	
672	12	137	16139	12172	
688	12	140	16524	12452	
704	12	144	16908	12736	
720	13	147	17292	13016	
736	13	150	17676	13298	
752	13	154	18060	13579	
768	13	157	18444	13862	
784	14	161	18828	14143	
800	14	166	19212	14427	
816	14	170	19596	14706	
832	14	174	19980	14989	
848	15	178	20364	15270	
864	15	183	20751	15603	
880	15	187	21135	15976	
896	16	191	21519	16258	
912	16	196	21903	16538	
928	16	200	22287	16822	
944	17	204	22671	17102	
960	17	209	23055	17385	
976	17	213	23439	17665	
992	17	217	23823	17946	
1008	18	222	24207	18229	
1024	18	226	24591	18510	
