#input	time	ios	pfs	timems	
16	2	4500133	2	2755	
32	5	8694440	4	5505	
48	8	12888747	4	8255	
64	11	17083055	4	11008	
80	13	21277362	4	13759	
96	16	25471669	4	16527	
112	19	29665977	4	19278	
128	22	33860284	4	22030	
144	24	38054591	4	24778	
160	27	42248899	4	27537	
176	30	46443206	5	30299	
192	33	50637513	5	33056	
208	35	54831821	5	35812	
224	38	59026128	5	38577	
240	41	63220435	6	41328	
256	44	67414743	6	44086	
272	46	71609050	6	46837	
288	49	75803357	6	49588	
304	52	79997665	6	52341	
320	55	84191972	6	55116	
336	57	88386279	6	57873	
352	60	92580587	6	60624	
368	63	96774894	6	63375	
384	66	100969201	6	66141	
400	68	105163509	6	68893	
416	71	109357816	6	71642	
432	74	113552123	6	74397	
448	77	117746430	6	77176	
464	79	121940738	6	79948	
480	82	126135045	6	82706	
496	85	130329352	6	85455	
512	88	134523660	7	88231	
528	90	138717967	7	90981	
544	93	142912274	7	93734	
560	96	147106582	7	96499	
576	99	151300889	7	99250	
592	102	155495196	7	102004	
608	104	159689504	7	104753	
624	107	163883811	7	107510	
640	110	168078118	7	110271	
656	113	172272427	7	113033	
672	115	176466735	7	115794	
688	118	180661043	7	118543	
704	121	184855352	7	121294	
720	124	189049660	7	124068	
736	126	193243968	7	126827	
752	129	197438277	8	129576	
768	132	201632585	8	132338	
784	135	205826893	8	135088	
800	137	210021202	8	137837	
816	140	214215510	8	140589	
832	143	218409818	8	143345	
848	146	222604126	8	146097	
864	148	226798435	8	148847	
880	151	230992743	8	151597	
896	154	235187051	8	154349	
912	157	239381360	8	157112	
928	160	243575668	8	160061	
944	162	247769976	8	162809	
960	165	251964285	8	165571	
976	168	256158593	8	168322	
992	171	260352901	8	171087	
1008	173	264547210	8	173836	
1024	176	268741518	8	176590	
