#input	time	ios	pfs	timems	pbo	dbo	ibo	pbu	ndo	
1	0	3898	0	746	0	0	0	0	0	
2	3	20623	0	3624	0	0	0	0	0	
3	3	20879	0	3745	0	0	0	0	0	
4	11	50905	0	11109	0	0	0	0	0	
5	10	51161	0	10261	0	0	0	0	0	
6	14	66127	0	14187	0	0	0	0	0	
7	17	86767	0	17761	0	0	0	0	0	
8	16	87023	0	16360	0	0	0	0	0	
9	20	97254	0	20199	0	0	0	0	0	
10	19	97510	0	19593	0	0	0	0	0	
11	24	117952	0	24581	0	0	0	0	0	
12	26	130023	0	26785	0	0	0	0	0	
13	26	130278	0	26783	0	0	0	0	0	
14	25	130534	0	25288	0	0	0	0	0	
15	31	153914	0	31661	0	0	0	0	0	
16	31	154170	0	31188	0	0	0	0	0	
17	29	154426	0	29561	0	0	0	0	0	
18	32	162455	0	32740	0	0	0	0	0	
19	32	163559	0	32898	0	0	0	0	0	
20	32	163815	0	32390	0	0	0	0	0	
21	36	173525	0	36232	0	0	0	0	0	
22	35	173269	0	35697	0	0	0	0	0	
23	35	173525	0	35240	0	0	0	0	0	
24	42	201382	0	42365	0	0	0	0	0	
25	50	220027	0	50904	0	0	0	0	0	
26	50	220283	0	50045	0	0	0	0	0	
27	49	220539	0	49458	0	0	0	0	0	
28	49	220795	0	49603	0	0	0	0	0	
29	50	221051	0	50150	0	0	0	0	0	
30	52	232238	0	52102	0	0	0	0	0	
31	52	232494	0	52890	0	0	0	0	0	
32	52	232750	0	52072	0	0	0	0	0	
33	52	233006	0	52821	0	0	0	0	0	
34	50	233262	0	50451	0	0	0	0	0	
35	52	233518	0	52280	0	0	0	0	0	
36	53	233774	0	53105	0	0	0	0	0	
37	52	234030	0	52833	0	0	0	0	0	
38	53	234286	0	53265	0	0	0	0	0	
39	55	243605	0	55083	0	0	0	0	0	
40	57	252195	0	57854	0	0	0	0	0	
41	59	255847	0	59867	0	0	0	0	0	
42	59	256103	0	59935	0	0	0	0	0	
43	61	262054	0	61896	0	0	0	0	0	
44	63	264498	0	63147	0	0	0	0	0	
45	62	264754	0	62396	0	0	0	0	0	
46	62	265009	0	62913	0	0	0	0	0	
47	64	265265	0	64983	0	0	0	0	0	
48	64	265521	0	64247	0	0	0	0	0	
49	61	265777	0	61237	0	0	0	0	0	
50	63	266033	0	63006	0	0	0	0	0	
