#input	time	ios	pfs	timems	pbo	dbo	ibo	pbu	ndo	
1	21	256	53	21560	0	0	0	0	0	
2	7	512	1	7137	0	0	0	0	0	
3	7	768	0	7429	0	0	0	0	0	
4	7	1024	0	7759	0	0	0	0	0	
5	8	1280	0	8059	0	0	0	0	0	
6	8	1536	0	8416	0	0	0	0	0	
7	8	1792	0	8747	0	0	0	0	0	
8	9	2048	0	9076	0	0	0	0	0	
9	9	2304	0	9390	0	0	0	0	0	
10	9	2560	0	9735	0	0	0	0	0	
11	10	2816	0	10044	0	0	0	0	0	
12	10	3072	0	10380	0	0	0	0	0	
13	10	3328	0	10679	0	0	0	0	0	
14	11	3584	0	11038	0	0	0	0	0	
15	11	3840	0	11321	0	0	0	0	0	
16	11	4096	0	11630	0	0	0	0	0	
17	12	4352	0	12041	0	0	0	0	0	
18	12	4608	0	12284	0	0	0	0	0	
19	12	4864	0	12610	0	0	0	0	0	
20	12	5120	0	12968	0	0	0	0	0	
21	13	5376	0	13239	0	0	0	0	0	
22	13	5632	0	13608	0	0	0	0	0	
23	13	5888	0	13942	0	0	0	0	0	
24	14	6144	0	14199	0	0	0	0	0	
25	14	6400	0	14577	0	0	0	0	0	
26	14	6656	0	14899	0	0	0	0	0	
27	15	6912	0	15142	0	0	0	0	0	
28	15	7168	0	15488	0	0	0	0	0	
29	15	7424	0	15792	0	0	0	0	0	
30	16	7680	0	16109	0	0	0	0	0	
31	16	7936	0	16472	0	0	0	0	0	
32	16	8192	0	16757	0	0	0	0	0	
33	17	8448	0	17178	0	0	0	0	0	
34	17	8704	0	17413	0	0	0	0	0	
35	17	8960	0	17694	0	0	0	0	0	
36	17	9216	0	17997	0	0	0	0	0	
37	18	9472	0	18298	0	0	0	0	0	
38	18	9728	0	18643	0	0	0	0	0	
39	19	9984	0	19024	0	0	0	0	0	
40	19	10240	0	19223	0	0	0	0	0	
41	19	10496	0	19585	0	0	0	0	0	
42	19	10752	0	19889	0	0	0	0	0	
43	20	11008	0	20424	0	0	0	0	0	
44	20	11264	0	20614	0	0	0	0	0	
45	21	11520	0	21119	0	0	0	0	0	
46	21	11776	0	21236	0	0	0	0	0	
47	21	12032	0	21985	0	0	0	0	0	
48	23	12288	0	23205	0	0	0	0	0	
49	24	12544	0	24878	0	0	0	0	0	
50	24	12800	0	24269	0	0	0	0	0	
