#input	time	ios	pfs	timems	pbo	dbo	ibo	pbu	ndo	
1	41	256	31435	42053	0	0	0	0	0	
2	57	512	51423	57922	0	0	0	0	0	
3	84	768	60286	84397	0	0	0	0	0	
4	90	1024	61203	90773	0	0	0	0	0	
5	93	1280	62469	93986	0	0	0	0	0	
6	98	1536	61975	98826	0	0	0	0	0	
7	105	1792	64521	105887	0	0	0	0	0	
8	102	2048	64645	102486	0	0	0	0	0	
9	103	2304	64330	103688	0	0	0	0	0	
10	108	2560	64661	108468	0	0	0	0	0	
11	110	2816	63653	110773	0	0	0	0	0	
12	114	3072	64311	114648	0	0	0	0	0	
13	113	3328	63959	113711	0	0	0	0	0	
14	110	3584	63951	110715	0	0	0	0	0	
15	113	3840	64318	113218	0	0	0	0	0	
16	112	4096	64522	112500	0	0	0	0	0	
17	110	4352	64070	110545	0	0	0	0	0	
18	112	4608	63978	112108	0	0	0	0	0	
19	113	4864	64283	113495	0	0	0	0	0	
20	117	5120	64905	117759	0	0	0	0	0	
21	111	5376	63371	111273	0	0	0	0	0	
22	117	5632	64954	117969	0	0	0	0	0	
23	113	5888	64037	113569	0	0	0	0	0	
24	121	6144	65070	121390	0	0	0	0	0	
25	118	6400	64822	118243	0	0	0	0	0	
26	117	6656	64573	117916	0	0	0	0	0	
27	115	6912	64399	115932	0	0	0	0	0	
28	114	7168	64019	114679	0	0	0	0	0	
29	118	7424	64784	118501	0	0	0	0	0	
30	119	7680	64701	119144	0	0	0	0	0	
31	119	7936	64605	119149	0	0	0	0	0	
32	118	8192	64820	118399	0	0	0	0	0	
33	118	8448	64938	118451	0	0	0	0	0	
34	118	8704	64418	118113	0	0	0	0	0	
35	115	8960	63993	115791	0	0	0	0	0	
36	117	9216	64471	117960	0	0	0	0	0	
37	112	9472	63716	112457	0	0	0	0	0	
38	115	9728	63598	115566	0	0	0	0	0	
39	112	9984	63688	112377	0	0	0	0	0	
40	120	10240	64713	120358	0	0	0	0	0	
41	118	10496	64261	118207	0	0	0	0	0	
42	116	10752	63472	116339	0	0	0	0	0	
43	112	11008	63332	112611	0	0	0	0	0	
44	120	11264	64487	120416	0	0	0	0	0	
45	120	11520	64782	120865	0	0	0	0	0	
46	122	11776	64991	122801	0	0	0	0	0	
47	115	12032	63959	115548	0	0	0	0	0	
48	118	12288	64657	118321	0	0	0	0	0	
49	114	12544	63712	114766	0	0	0	0	0	
50	119	12800	64155	119628	0	0	0	0	0	
