#input	time	ios	pfs	timems	
64	0	4097	4	914	
128	1	8197	8	1845	
192	2	12297	9	2810	
256	3	16398	10	3696	
320	4	20498	10	4582	
384	5	24598	10	5556	
448	6	28698	10	6443	
512	7	32799	10	7329	
576	8	36899	10	8214	
640	9	40999	10	9102	
704	9	45100	10	9998	
768	10	49200	10	10884	
832	11	53300	10	11923	
896	12	57400	11	12808	
960	13	61501	11	13694	
1024	14	65601	11	14581	
1088	15	69701	11	15467	
1152	16	73802	11	16464	
1216	17	77902	11	17349	
1280	18	82002	11	18237	
1344	19	86102	11	19123	
1408	20	90203	11	20008	
1472	20	94303	11	20895	
1536	21	98403	11	21781	
1600	22	102504	12	22822	
1664	23	106604	12	23707	
1728	24	110704	12	24595	
1792	25	114804	12	25480	
1856	26	118905	12	26378	
1920	27	123005	12	27263	
1984	28	127105	12	28238	
2048	29	131205	12	29125	
2112	30	135306	12	30011	
2176	30	139406	12	30896	
2240	31	143506	12	31782	
2304	32	147607	12	32669	
2368	33	151707	12	33644	
2432	34	155807	13	34529	
2496	35	159907	13	35615	
2560	36	164008	13	36502	
2624	37	168108	13	37388	
2688	38	172208	13	38273	
2752	39	176309	13	39257	
2816	40	180410	13	40143	
2880	41	184511	13	41030	
2944	41	188612	14	41916	
3008	42	192714	14	42801	
3072	43	196815	14	43687	
3136	44	200916	14	44663	
3200	45	205018	14	45549	
3264	46	209119	14	46434	
3328	47	213220	14	47320	
3392	48	217321	14	48207	
3456	49	221423	14	49093	
3520	50	225524	14	50067	
3584	50	229625	14	50988	
3648	51	233726	14	51873	
3712	52	237828	14	52759	
3776	53	241929	15	53645	
3840	54	246030	15	54610	
3904	55	250132	15	55495	
3968	56	254233	15	56381	
4032	57	258334	15	57266	
4096	58	262435	15	58154	
4160	59	266537	15	59039	
4224	59	270638	15	59925	
4288	60	274739	15	60923	
4352	61	278841	15	61809	
4416	62	282942	15	62694	
4480	63	287043	15	63580	
4544	64	291144	15	64467	
4608	65	295246	16	65442	
4672	66	299347	16	66332	
4736	67	303448	16	67218	
4800	68	307550	17	68105	
4864	68	311651	17	68991	
4928	69	315752	17	69876	
4992	70	319853	17	70762	
5056	71	323955	17	71738	
5120	72	328056	17	72623	
