#input	time	ios	pfs	timems	
64	1	344488	5	1043	
128	2	360876	7	2051	
192	3	377264	7	3161	
256	4	393653	7	4046	
320	4	410041	7	4932	
384	5	426429	7	5917	
448	6	442817	7	6804	
512	7	459206	7	7690	
576	8	475594	7	8576	
640	9	491982	7	9461	
704	10	508371	7	10438	
768	11	524759	7	11323	
832	12	541147	8	12218	
896	13	557535	8	13103	
960	13	573924	8	13989	
1024	14	590312	8	14876	
1088	15	606700	8	15762	
1152	16	623089	8	16769	
1216	17	639477	8	17655	
1280	18	655865	8	18543	
1344	19	672253	8	19428	
1408	20	688642	9	20314	
1472	21	705030	9	21199	
1536	22	721418	9	22198	
1600	23	737807	9	23083	
1664	23	754195	9	23969	
1728	24	770583	9	24856	
1792	25	786971	9	25742	
1856	26	803360	9	26728	
1920	27	819748	9	27613	
1984	28	836136	9	28499	
2048	29	852524	9	29384	
2112	30	868913	9	30272	
2176	31	885301	9	31158	
2240	32	901689	9	32043	
2304	33	918078	9	33040	
2368	33	934466	9	33927	
2432	34	950854	9	34813	
2496	35	967242	9	35698	
2560	36	983631	9	36586	
2624	37	1000019	9	37549	
2688	38	1016407	10	38435	
2752	39	1032796	10	39330	
2816	40	1049185	10	40215	
2880	41	1065574	10	41102	
2944	41	1081963	10	41988	
3008	42	1098353	10	42874	
3072	43	1114742	10	43848	
3136	44	1131131	10	44736	
3200	45	1147521	10	45621	
3264	46	1163910	10	46507	
3328	47	1180299	10	47393	
3392	48	1196688	10	48280	
3456	49	1213078	11	49254	
3520	50	1229467	12	50140	
3584	51	1245856	12	51025	
3648	51	1262245	12	51913	
3712	52	1278635	12	52799	
3776	53	1295024	12	53684	
3840	54	1311413	12	54672	
3904	55	1327803	12	55557	
3968	56	1344192	12	56443	
4032	57	1360581	12	57328	
4096	58	1376970	12	58216	
4160	59	1393360	12	59101	
4224	60	1409749	12	60064	
4288	60	1426138	12	60950	
4352	61	1442528	13	61859	
4416	62	1458917	13	62745	
4480	63	1475306	13	63631	
4544	64	1491695	13	64594	
4608	65	1508085	13	65481	
4672	66	1524474	13	66372	
4736	67	1540863	14	67257	
4800	68	1557253	14	68143	
4864	69	1573642	14	69030	
4928	69	1590031	14	69916	
4992	70	1606420	14	70879	
5056	71	1622810	14	71766	
5120	72	1639199	14	72652	
