#input	time	ios	pfs	timems	
64	0	280065	3	952	
128	1	280069	5	1894	
192	2	280073	5	2779	
256	3	280078	7	3667	
320	4	280082	7	4552	
384	5	280086	7	5493	
448	6	280090	7	6479	
512	7	280095	7	7366	
576	8	280099	7	8252	
640	9	280103	7	9137	
704	10	280108	7	10025	
768	10	280112	7	10988	
832	11	280116	7	11882	
896	12	280120	7	12768	
960	13	280125	7	13654	
1024	14	280129	7	14539	
1088	15	280133	7	15427	
1152	16	280138	7	16312	
1216	17	280142	7	17276	
1280	18	280146	7	18163	
1344	19	280150	7	19049	
1408	19	280155	7	19934	
1472	20	280159	7	20820	
1536	21	280163	7	21707	
1600	22	280168	8	22881	
1664	23	280172	8	23767	
1728	24	280176	8	24652	
1792	25	280180	8	25540	
1856	26	280185	8	26435	
1920	27	280189	8	27400	
1984	28	280193	8	28286	
2048	29	280197	8	29171	
2112	30	280202	8	30059	
2176	30	280206	8	30945	
2240	31	280210	8	31830	
2304	32	280215	8	32716	
2368	33	280219	8	33692	
2432	34	280223	8	34578	
2496	35	280227	8	35463	
2560	36	280232	9	36349	
2624	37	280236	9	37236	
2688	38	280240	9	38222	
2752	39	280245	9	39117	
2816	40	280249	9	40013	
2880	40	280254	9	40910	
2944	42	280259	9	42019	
3008	43	280265	9	43049	
3072	44	280270	9	44112	
3136	44	280275	9	44998	
3200	46	280281	9	46052	
3264	46	280286	9	46937	
3328	48	280291	9	48000	
3392	49	280296	9	49077	
3456	50	280302	9	50106	
3520	51	280307	9	51014	
3584	51	280312	9	51900	
3648	52	280317	9	52964	
3712	54	280323	10	54006	
3776	55	280328	11	55046	
3840	56	280333	11	56098	
3904	56	280339	11	56986	
3968	58	280344	11	58060	
4032	59	280349	11	59223	
4096	60	280354	11	60109	
4160	61	280360	11	61284	
4224	62	280365	11	62403	
4288	63	280370	11	63477	
4352	64	280376	11	64364	
4416	65	280381	11	65549	
4480	66	280386	11	66624	
4544	67	280391	11	67975	
4608	68	280397	11	68863	
4672	69	280402	12	69964	
4736	71	280407	12	71171	
4800	72	280413	12	72345	
4864	73	280418	13	73598	
4928	74	280423	13	74806	
4992	75	280428	13	75924	
5056	77	280434	13	77187	
5120	78	280439	13	78684	
