#input	time	ios	pfs	timems	pbo	dbo	ibo	pbu	ndo	ars	
1	0	98	1	511	0	0	0	0	0	0	
2	1	196	1	1150	0	0	0	0	0	0	
3	1	294	1	1767	0	0	0	0	0	0	
4	2	392	1	2532	0	0	0	0	0	0	
5	2	490	1	2927	0	0	0	0	0	0	
6	3	588	1	3916	0	0	0	0	0	0	
7	4	686	1	4332	0	0	0	0	0	0	
8	4	784	1	4773	0	0	0	0	0	0	
9	6	882	1	6109	0	0	0	0	0	0	
10	6	980	1	6558	0	0	0	0	0	0	
11	7	1078	1	7015	0	0	0	0	0	0	
12	7	1176	1	7483	0	0	0	0	0	0	
13	9	1274	1	9307	0	0	0	0	0	0	
14	9	1372	1	9748	0	0	0	0	0	0	
15	10	1470	1	10211	0	0	0	0	0	0	
16	10	1568	1	10694	0	0	0	0	0	0	
17	11	1666	1	11180	0	0	0	0	0	0	
18	11	1764	1	11674	0	0	0	0	0	0	
19	14	1862	1	14299	0	0	0	0	0	0	
20	14	1960	1	14778	0	0	0	0	0	0	
21	15	2058	1	15279	0	0	0	0	0	0	
22	15	2156	1	15786	0	0	0	0	0	0	
23	16	2254	1	16298	0	0	0	0	0	0	
24	16	2352	1	16818	0	0	0	0	0	0	
25	17	2450	1	17340	0	0	0	0	0	0	
26	17	2548	1	17866	0	0	0	0	0	0	
27	18	2646	1	18398	0	0	0	0	0	0	
28	22	2744	1	22111	0	0	0	0	0	0	
29	22	2842	1	22618	0	0	0	0	0	0	
30	23	2941	1	23132	0	0	0	0	0	0	
31	23	3039	1	23649	0	0	0	0	0	0	
32	24	3137	1	24171	0	0	0	0	0	0	
33	24	3235	1	24700	0	0	0	0	0	0	
34	25	3333	1	25228	0	0	0	0	0	0	
35	25	3431	1	25760	0	0	0	0	0	0	
36	26	3529	1	26297	0	0	0	0	0	0	
37	26	3627	1	26839	0	0	0	0	0	0	
38	27	3725	1	27382	0	0	0	0	0	0	
39	27	3823	1	27931	0	0	0	0	0	0	
40	28	3921	1	28488	0	0	0	0	0	0	
41	47	4019	7313	47461	0	0	0	0	0	0	
42	48	4117	7315	48082	0	0	0	0	0	0	
43	48	4215	7315	48623	0	0	0	0	0	0	
44	49	4313	7315	49162	0	0	0	0	0	0	
45	49	4411	7317	49756	0	0	0	0	0	0	
46	69	4509	11067	69497	0	0	0	0	0	0	
47	106	4607	17717	106174	0	0	0	0	0	0	
48	178	4705	29767	178526	0	0	0	0	0	0	
49	278	4803	46374	278876	0	0	0	0	0	0	
50	411	4901	67816	411931	0	0	0	0	0	0	
51	583	4999	94042	583262	0	0	0	0	0	0	
52	798	5097	125987	798694	0	0	0	0	0	0	
53	1061	5195	163757	1061901	0	0	0	0	0	0	
54	1363	5293	206181	1363528	0	0	0	0	0	0	
55	1704	5391	253462	1704804	0	0	0	0	0	0	
56	2093	5489	306456	2093768	0	0	0	0	0	0	
57	2530	5587	364834	2530090	0	0	0	0	0	0	
58	3023	5685	429655	3023649	0	0	0	0	0	0	
59	3552	5784	498861	3552703	0	0	0	0	0	0	
60	4137	5882	574410	4137116	0	0	0	0	0	0	
61	6531	5980	1013825	6531703	0	0	0	0	0	0	
62	6933	6078	1065662	6933167	0	0	0	0	0	0	
63	7329	6176	1120540	7329564	0	0	0	0	0	0	
64	7759	6274	1179961	7759603	0	0	0	0	0	0	
65	8245	6372	1244603	8245404	0	0	0	0	0	0	
66	8767	6470	1312634	8767506	0	0	0	0	0	0	
67	9336	6568	1384539	9336468	0	0	0	0	0	0	
68	9946	6666	1461108	9946515	0	0	0	0	0	0	
69	10598	6764	1542046	10598799	0	0	0	0	0	0	
70	11289	6862	1627566	11289892	0	0	0	0	0	0	
71	12026	6960	1717857	12026665	0	0	0	0	0	0	
72	12807	7058	1812774	12807420	0	0	0	0	0	0	
73	13620	7156	1911594	13620790	0	0	0	0	0	0	
74	14505	7254	2016572	14505572	0	0	0	0	0	0	
75	15407	7352	2124386	15408099	0	0	0	0	0	0	
76	16341	7450	2236224	16341279	0	0	0	0	0	0	
77	17325	7548	2353853	17326032	0	0	0	0	0	0	
78	18355	7646	2476239	18355596	0	0	0	0	0	0	
79	19422	7744	2603058	19423126	0	0	0	0	0	0	
80	20532	7842	2734305	20532535	0	0	0	0	0	0	
81	21683	7940	2870006	21683188	0	0	0	0	0	0	
82	22874	8038	3009729	22875068	0	0	0	0	0	0	
83	24113	8136	3154035	24113224	0	0	0	0	0	0	
84	25396	8234	3303302	25396240	0	0	0	0	0	0	
85	26719	8332	3457091	26719939	0	0	0	0	0	0	
86	28085	8430	3614885	28085913	0	0	0	0	0	0	
87	29492	8528	3777855	29492500	0	0	0	0	0	0	
88	30946	8627	3945351	30947070	0	0	0	0	0	0	
89	32433	8725	4116440	32433215	0	0	0	0	0	0	
90	33972	8823	4292752	33972628	0	0	0	0	0	0	
91	35552	8921	4473595	35552787	0	0	0	0	0	0	
92	40750	9019	5383475	40750700	0	0	0	0	0	0	
93	41737	9117	5504701	41737396	0	0	0	0	0	0	
94	42745	9215	5629868	42746014	0	0	0	0	0	0	
95	43788	9313	5759420	43789010	0	0	0	0	0	0	
96	44878	9411	5892135	44878841	0	0	0	0	0	0	
97	46025	9509	6028750	46025745	0	0	0	0	0	0	
98	47237	9607	6169912	47237454	0	0	0	0	0	0	
99	48493	9705	6314681	48493255	0	0	0	0	0	0	
100	49791	9803	6463762	49791545	0	0	0	0	0	0	
101	51127	9901	6616750	51128076	0	0	0	0	0	0	
102	52496	9999	6773371	52496623	0	0	0	0	0	0	
103	53908	10097	6934207	53908480	0	0	0	0	0	0	
104	55367	10195	7099625	55367415	0	0	0	0	0	0	
105	56857	10293	7268227	56858130	0	0	0	0	0	0	
106	58392	10391	7441311	58392738	0	0	0	0	0	0	
107	59959	10489	7618129	59959590	0	0	0	0	0	0	
108	61551	10587	7797955	61551175	0	0	0	0	0	0	
109	63194	10685	7981799	63195107	0	0	0	0	0	0	
110	64872	10783	8169697	64873145	0	0	0	0	0	0	
111	66581	10881	8360952	66582290	0	0	0	0	0	0	
112	68324	10979	8555993	68324821	0	0	0	0	0	0	
113	70106	11077	8754698	70106892	0	0	0	0	0	0	
114	71927	11175	8957299	71927779	0	0	0	0	0	0	
115	73815	11273	9164370	73815901	0	0	0	0	0	0	
116	75927	11371	9384532	75927285	0	0	0	0	0	0	
117	77840	11470	9597622	77840476	0	0	0	0	0	0	
118	79777	11568	9812788	79778073	0	0	0	0	0	0	
119	81757	11666	10032140	81758143	0	0	0	0	0	0	
120	83772	11764	10254590	83772553	0	0	0	0	0	0	
121	86401	11889	10545138	86401067	0	0	0	0	0	0	
