#input	time	ios	pfs	timems	pbo	dbo	ibo	pbu	ndo	ars	
1	1	98	1	1756	0	0	0	0	0	0	
2	3	196	1	3916	0	0	0	0	0	0	
3	6	294	1	6329	0	0	0	0	0	0	
4	8	392	1	8847	0	0	0	0	0	0	
5	11	490	1	11633	0	0	0	0	0	0	
6	14	588	1	14576	0	0	0	0	0	0	
7	17	686	1	17616	0	0	0	0	0	0	
8	20	784	1	20722	0	0	0	0	0	0	
9	23	882	1	23887	0	0	0	0	0	0	
10	27	980	1	27093	0	0	0	0	0	0	
11	30	1078	1	30339	0	0	0	0	0	0	
12	33	1176	1	33595	0	0	0	0	0	0	
13	37	1274	1	37436	0	0	0	0	0	0	
14	40	1372	1	40745	0	0	0	0	0	0	
15	44	1470	1	44070	0	0	0	0	0	0	
16	47	1568	1	47425	0	0	0	0	0	0	
17	50	1666	1	50787	0	0	0	0	0	0	
18	54	1764	1	54203	0	0	0	0	0	0	
19	58	1862	1	58416	0	0	0	0	0	0	
20	62	1960	1	62221	0	0	0	0	0	0	
21	67	2058	1	67350	0	0	0	0	0	0	
22	73	2156	1	73651	0	0	0	0	0	0	
23	79	2254	1	79534	0	0	0	0	0	0	
24	85	2352	1	85166	0	0	0	0	0	0	
25	91	2450	1	91273	0	0	0	0	0	0	
26	98	2548	1	98135	0	0	0	0	0	0	
27	104	2646	1	104236	0	0	0	0	0	0	
28	110	2744	1	110494	0	0	0	0	0	0	
29	116	2842	1	116866	0	0	0	0	0	0	
30	124	2941	1	124997	0	0	0	0	0	0	
31	131	3039	1	131350	0	0	0	0	0	0	
32	138	3137	1	138231	0	0	0	0	0	0	
33	144	3235	1	144996	0	0	0	0	0	0	
34	152	3333	1	152814	0	0	0	0	0	0	
35	159	3431	1	159973	0	0	0	0	0	0	
36	167	3529	1	167794	0	0	0	0	0	0	
37	174	3627	1	174644	0	0	0	0	0	0	
38	182	3725	1	182403	0	0	0	0	0	0	
39	190	3823	1	190679	0	0	0	0	0	0	
40	199	3921	1	199290	0	0	0	0	0	0	
41	207	4019	1	207168	0	0	0	0	0	0	
42	215	4117	1	215987	0	0	0	0	0	0	
43	224	4215	1	224595	0	0	0	0	0	0	
44	233	4313	1	233919	0	0	0	0	0	0	
45	244	4411	1	244031	0	0	0	0	0	0	
46	254	4509	1	254059	0	0	0	0	0	0	
47	264	4607	1	264107	0	0	0	0	0	0	
48	274	4705	1	274043	0	0	0	0	0	0	
49	284	4803	1	284967	0	0	0	0	0	0	
50	296	4901	1	296147	0	0	0	0	0	0	
51	307	4999	1	307895	0	0	0	0	0	0	
52	320	5097	1	320041	0	0	0	0	0	0	
53	332	5195	1	332051	0	0	0	0	0	0	
54	345	5293	1	345031	0	0	0	0	0	0	
55	359	5391	1	359504	0	0	0	0	0	0	
56	372	5489	1	372679	0	0	0	0	0	0	
57	387	5587	1	387711	0	0	0	0	0	0	
58	402	5685	1	402179	0	0	0	0	0	0	
59	417	5784	1	417807	0	0	0	0	0	0	
60	433	5882	1	433155	0	0	0	0	0	0	
61	449	5980	1	449796	0	0	0	0	0	0	
62	467	6078	1	467939	0	0	0	0	0	0	
63	488	6176	1	488099	0	0	0	0	0	0	
64	509	6274	1	509392	0	0	0	0	0	0	
65	531	6372	1	531219	0	0	0	0	0	0	
66	553	6470	1	553508	0	0	0	0	0	0	
67	576	6568	1	576904	0	0	0	0	0	0	
68	600	6666	1	600831	0	0	0	0	0	0	
69	622	6764	1	622978	0	0	0	0	0	0	
70	648	6862	1	648563	0	0	0	0	0	0	
71	675	6960	1	675203	0	0	0	0	0	0	
72	703	7058	1	703923	0	0	0	0	0	0	
73	729	7156	1	729783	0	0	0	0	0	0	
74	756	7254	1	756415	0	0	0	0	0	0	
75	786	7352	1	786243	0	0	0	0	0	0	
76	813	7450	1	813619	0	0	0	0	0	0	
77	842	7548	1	842608	0	0	0	0	0	0	
78	868	7646	1	868139	0	0	0	0	0	0	
79	895	7744	1	895071	0	0	0	0	0	0	
80	922	7842	1	922947	0	0	0	0	0	0	
81	953	7940	1	953087	0	0	0	0	0	0	
82	983	8038	1	983066	0	0	0	0	0	0	
83	1018	8136	1	1018319	0	0	0	0	0	0	
84	1049	8234	1	1049659	0	0	0	0	0	0	
85	1084	8332	1	1084443	0	0	0	0	0	0	
86	1119	8430	1	1119171	0	0	0	0	0	0	
87	1155	8528	1	1155849	0	0	0	0	0	0	
88	1185	8627	1	1185510	0	0	0	0	0	0	
89	1218	8725	1	1218221	0	0	0	0	0	0	
90	1258	8823	1	1258407	0	0	0	0	0	0	
91	1292	8921	1	1292603	0	0	0	0	0	0	
92	1335	9019	1	1335154	0	0	0	0	0	0	
93	1368	9117	1	1368286	0	0	0	0	0	0	
94	1406	9215	1	1406002	0	0	0	0	0	0	
95	1451	9313	1	1451163	0	0	0	0	0	0	
96	1492	9411	1	1492099	0	0	0	0	0	0	
97	1529	9509	1	1529485	0	0	0	0	0	0	
98	1566	9607	1	1566035	0	0	0	0	0	0	
99	1605	9705	1	1605303	0	0	0	0	0	0	
100	1643	9803	1	1643091	0	0	0	0	0	0	
101	1680	9901	1	1680179	0	0	0	0	0	0	
102	1718	9999	1	1718231	0	0	0	0	0	0	
103	1758	10097	1	1758487	0	0	0	0	0	0	
104	1798	10195	1	1798091	0	0	0	0	0	0	
105	1841	10293	1	1841031	0	0	0	0	0	0	
106	1882	10391	1	1882298	0	0	0	0	0	0	
107	1930	10489	1	1930923	0	0	0	0	0	0	
108	1975	10587	1	1975236	0	0	0	0	0	0	
109	2022	10685	1	2022125	0	0	0	0	0	0	
110	2065	10783	1	2065602	0	0	0	0	0	0	
111	2115	10881	1	2115715	0	0	0	0	0	0	
112	2160	10979	1	2160886	0	0	0	0	0	0	
113	2207	11077	1	2207867	0	0	0	0	0	0	
114	2252	11175	1	2252750	0	0	0	0	0	0	
115	2299	11273	1	2299646	0	0	0	0	0	0	
116	2350	11371	1	2350290	0	0	0	0	0	0	
117	2398	11470	1	2398283	0	0	0	0	0	0	
118	2447	11568	1	2447063	0	0	0	0	0	0	
119	2499	11666	1	2499050	0	0	0	0	0	0	
120	2546	11764	1	2546454	0	0	0	0	0	0	
121	2594	11862	1	2594470	0	0	0	0	0	0	
122	2648	11960	1	2648034	0	0	0	0	0	0	
123	2696	12058	1	2696222	0	0	0	0	0	0	
124	2740	12156	1	2740982	0	0	0	0	0	0	
125	2785	12254	1	2785786	0	0	0	0	0	0	
126	2831	12352	1	2831274	0	0	0	0	0	0	
127	2879	12450	1	2879330	0	0	0	0	0	0	
128	2928	12548	1	2928962	0	0	0	0	0	0	
129	2982	12646	1	2982960	0	0	0	0	0	0	
130	3042	12744	1	3042227	0	0	0	0	0	0	
131	3104	12842	1	3104676	0	0	0	0	0	0	
132	3170	12940	1	3170715	0	0	0	0	0	0	
133	3242	13038	1	3242431	0	0	0	0	0	0	
134	3296	13136	1	3296413	0	0	0	0	0	0	
135	3360	13234	1	3360512	0	0	0	0	0	0	
136	3415	13332	1	3415956	0	0	0	0	0	0	
137	3470	13430	1	3470052	0	0	0	0	0	0	
138	3534	13528	1	3534592	0	0	0	0	0	0	
139	3596	13626	1	3596648	0	0	0	0	0	0	
140	3652	13724	1	3652788	0	0	0	0	0	0	
141	3709	13822	1	3709177	0	0	0	0	0	0	
142	3769	13920	1	3769115	0	0	0	0	0	0	
143	3827	14018	1	3827637	0	0	0	0	0	0	
144	3884	14116	1	3884072	0	0	0	0	0	0	
145	3945	14214	1	3945671	0	0	0	0	0	0	
146	4009	14313	1	4009876	0	0	0	0	0	0	
147	4079	14411	1	4079204	0	0	0	0	0	0	
148	4143	14509	1	4143667	0	0	0	0	0	0	
149	4211	14607	1	4211716	0	0	0	0	0	0	
150	4280	14705	1	4280322	0	0	0	0	0	0	
151	4346	14803	1	4346837	0	0	0	0	0	0	
152	4407	14901	1	4407259	0	0	0	0	0	0	
153	4469	14999	1	4469887	0	0	0	0	0	0	
154	4533	15097	1	4533428	0	0	0	0	0	0	
155	4598	15195	1	4598835	0	0	0	0	0	0	
156	4668	15293	1	4668757	0	0	0	0	0	0	
157	4732	15391	1	4732852	0	0	0	0	0	0	
158	4807	15489	1	4807275	0	0	0	0	0	0	
159	4881	15587	1	4881231	0	0	0	0	0	0	
160	4951	15685	1	4951149	0	0	0	0	0	0	
161	5018	15783	1	5018246	0	0	0	0	0	0	
162	5092	15881	1	5092620	0	0	0	0	0	0	
163	5157	15979	1	5157075	0	0	0	0	0	0	
164	5230	16077	1	5230171	0	0	0	0	0	0	
165	5293	16175	1	5293221	0	0	0	0	0	0	
166	5360	16273	1	5360500	0	0	0	0	0	0	
167	5429	16371	1	5429539	0	0	0	0	0	0	
168	5503	16469	1	5503679	0	0	0	0	0	0	
169	5571	16567	1	5571775	0	0	0	0	0	0	
170	5647	16665	1	5647099	0	0	0	0	0	0	
171	5720	16763	1	5720579	0	0	0	0	0	0	
172	5790	16861	1	5790931	0	0	0	0	0	0	
173	5859	16959	1	5859131	0	0	0	0	0	0	
174	5928	17057	1	5928503	0	0	0	0	0	0	
175	6000	17156	1	6000615	0	0	0	0	0	0	
176	6074	17254	1	6074365	0	0	0	0	0	0	
177	6142	17352	1	6142201	0	0	0	0	0	0	
178	6209	17450	1	6209283	0	0	0	0	0	0	
179	6279	17548	1	6279936	0	0	0	0	0	0	
180	6351	17646	1	6351891	0	0	0	0	0	0	
181	6421	17744	1	6421771	0	0	0	0	0	0	
182	6496	17842	1	6496151	0	0	0	0	0	0	
183	6583	17940	1	6583607	0	0	0	0	0	0	
184	6656	18038	1	6656575	0	0	0	0	0	0	
185	6729	18136	1	6729639	0	0	0	0	0	0	
186	6817	18234	1	6817251	0	0	0	0	0	0	
187	6892	18332	1	6892771	0	0	0	0	0	0	
188	6966	18430	1	6966979	0	0	0	0	0	0	
189	7042	18528	1	7042315	0	0	0	0	0	0	
190	7133	18626	1	7133082	0	0	0	0	0	0	
191	7215	18724	1	7215245	0	0	0	0	0	0	
192	7302	18822	1	7302171	0	0	0	0	0	0	
193	7388	18920	1	7388558	0	0	0	0	0	0	
194	7473	19018	1	7473407	0	0	0	0	0	0	
195	7558	19116	1	7558106	0	0	0	0	0	0	
196	7643	19214	1	7643067	0	0	0	0	0	0	
197	7736	19312	1	7736707	0	0	0	0	0	0	
198	7837	19410	1	7837026	0	0	0	0	0	0	
199	7949	19508	1	7949282	0	0	0	0	0	0	
200	8050	19606	1	8050880	0	0	0	0	0	0	
201	8170	19704	1	8170228	0	0	0	0	0	0	
202	8271	19802	1	8271897	0	0	0	0	0	0	
203	8375	19900	1	8375477	0	0	0	0	0	0	
204	8483	19999	1	8483416	0	0	0	0	0	0	
205	8596	20097	1	8596749	0	0	0	0	0	0	
206	8703	20195	1	8703057	0	0	0	0	0	0	
207	8813	20293	1	8813480	0	0	0	0	0	0	
208	8943	20391	1	8943123	0	0	0	0	0	0	
209	9064	20489	1	9064815	0	0	0	0	0	0	
210	9208	20587	1	9208164	0	0	0	0	0	0	
211	9335	20685	1	9335092	0	0	0	0	0	0	
212	9458	20783	1	9458936	0	0	0	0	0	0	
213	9573	20881	1	9573715	0	0	0	0	0	0	
214	9691	20979	1	9691791	0	0	0	0	0	0	
215	9824	21077	1	9824359	0	0	0	0	0	0	
216	9950	21175	1	9950849	0	0	0	0	0	0	
217	10070	21273	1	10070851	0	0	0	0	0	0	
218	10196	21371	1	10196028	0	0	0	0	0	0	
219	10342	21469	1	10342951	0	0	0	0	0	0	
220	10490	21567	1	10490698	0	0	0	0	0	0	
221	10640	21665	1	10640900	0	0	0	0	0	0	
222	10779	21763	1	10779762	0	0	0	0	0	0	
223	10939	21861	1	10939438	0	0	0	0	0	0	
224	11089	21959	1	11089490	0	0	0	0	0	0	
225	11230	22057	1	11230771	0	0	0	0	0	0	
226	11403	22155	1	11403642	0	0	0	0	0	0	
227	11605	22253	1	11605502	0	0	0	0	0	0	
228	11804	22351	1	11804884	0	0	0	0	0	0	
229	11984	22449	1	11984261	0	0	0	0	0	0	
230	12164	22547	1	12164772	0	0	0	0	0	0	
231	12335	22645	1	12335373	0	0	0	0	0	0	
232	12510	22743	1	12510314	0	0	0	0	0	0	
233	12700	22842	1	12700040	0	0	0	0	0	0	
234	12886	22940	1	12886813	0	0	0	0	0	0	
235	13074	23038	1	13074227	0	0	0	0	0	0	
236	13253	23136	1	13253204	0	0	0	0	0	0	
237	13450	23234	1	13450867	0	0	0	0	0	0	
238	13653	23332	1	13653140	0	0	0	0	0	0	
239	13856	23430	1	13856762	0	0	0	0	0	0	
240	14060	23528	1	14060053	0	0	0	0	0	0	
241	14271	23626	1	14271359	0	0	0	0	0	0	
242	14500	23724	1	14500593	0	0	0	0	0	0	
243	14711	23822	1	14711075	0	0	0	0	0	0	
244	14956	23920	1	14956852	0	0	0	0	0	0	
245	15212	24018	1	15212372	0	0	0	0	0	0	
246	15489	24116	1	15489265	0	0	0	0	0	0	
247	15755	24214	1	15755454	0	0	0	0	0	0	
248	16006	24312	1	16006769	0	0	0	0	0	0	
249	16274	24410	1	16274631	0	0	0	0	0	0	
250	16563	24508	1	16563029	0	0	0	0	0	0	
251	16833	24606	1	16833046	0	0	0	0	0	0	
252	17122	24704	1	17122250	0	0	0	0	0	0	
253	17407	24802	1	17407595	0	0	0	0	0	0	
254	17721	24900	1	17721778	0	0	0	0	0	0	
255	18052	24998	1	18052063	0	0	0	0	0	0	
256	18373	25096	1	18373460	0	0	0	0	0	0	
257	18711	25194	1	18711520	0	0	0	0	0	0	
258	19044	25292	1	19044625	0	0	0	0	0	0	
259	19400	25390	1	19400614	0	0	0	0	0	0	
260	19744	25488	1	19744022	0	0	0	0	0	0	
261	20101	25586	1	20101004	0	0	0	0	0	0	
262	20436	25685	1	20436272	0	0	0	0	0	0	
263	20796	25783	1	20796540	0	0	0	0	0	0	
264	21153	25881	1	21153122	0	0	0	0	0	0	
265	21534	25979	1	21534725	0	0	0	0	0	0	
266	21928	26077	1	21928122	0	0	0	0	0	0	
267	22311	26175	1	22311957	0	0	0	0	0	0	
268	22691	26273	1	22691514	0	0	0	0	0	0	
269	23061	26371	1	23061782	0	0	0	0	0	0	
270	23451	26469	1	23451744	0	0	0	0	0	0	
271	23832	26567	1	23832921	0	0	0	0	0	0	
272	24212	26665	1	24212445	0	0	0	0	0	0	
273	24612	26763	1	24612856	0	0	0	0	0	0	
274	25016	26861	1	25016389	0	0	0	0	0	0	
275	25432	26959	1	25432252	0	0	0	0	0	0	
276	25845	27057	1	25845907	0	0	0	0	0	0	
277	26258	27155	1	26258286	0	0	0	0	0	0	
278	26674	27253	1	26674013	0	0	0	0	0	0	
279	27106	27351	1	27106624	0	0	0	0	0	0	
280	27535	27449	1	27535322	0	0	0	0	0	0	
281	27967	27547	1	27967701	0	0	0	0	0	0	
282	28406	27645	1	28406028	0	0	0	0	0	0	
283	28850	27743	1	28850915	0	0	0	0	0	0	
284	29295	27841	1	29295498	0	0	0	0	0	0	
285	29746	27939	1	29746919	0	0	0	0	0	0	
286	30184	28037	1	30184724	0	0	0	0	0	0	
287	30633	28135	1	30633688	0	0	0	0	0	0	
288	31107	28233	1	31107028	0	0	0	0	0	0	
289	31573	28331	1	31573520	0	0	0	0	0	0	
290	32042	28429	1	32042171	0	0	0	0	0	0	
291	32519	28528	1	32519685	0	0	0	0	0	0	
292	32986	28626	1	32986062	0	0	0	0	0	0	
293	33452	28724	1	33452755	0	0	0	0	0	0	
294	33931	28822	1	33931623	0	0	0	0	0	0	
295	34425	28920	1	34425320	0	0	0	0	0	0	
296	34922	29018	1	34922790	0	0	0	0	0	0	
297	35424	29116	1	35424995	0	0	0	0	0	0	
298	35919	29214	1	35919003	0	0	0	0	0	0	
299	36414	29312	1	36414768	0	0	0	0	0	0	
300	36941	29410	1	36941122	0	0	0	0	0	0	
301	37453	29508	1	37453643	0	0	0	0	0	0	
302	37968	29606	1	37968985	0	0	0	0	0	0	
303	38497	29704	1	38497778	0	0	0	0	0	0	
304	39014	29802	1	39014252	0	0	0	0	0	0	
305	39544	29900	1	39544504	0	0	0	0	0	0	
306	40063	29998	1	40063730	0	0	0	0	0	0	
307	40594	30096	1	40594646	0	0	0	0	0	0	
308	41139	30194	1	41139125	0	0	0	0	0	0	
309	41696	30292	1	41696942	0	0	0	0	0	0	
310	42218	30390	1	42218888	0	0	0	0	0	0	
311	42772	30488	5	42772692	0	0	0	0	0	0	
312	43316	30586	6	43316271	0	0	0	0	0	0	
313	43859	30684	6	43859484	0	0	0	0	0	0	
314	44424	30782	8	44424837	0	0	0	0	0	0	
315	44994	30880	9	44994389	0	0	0	0	0	0	
316	45553	30978	13	45553086	0	0	0	0	0	0	
317	46114	31076	16	46115052	0	0	0	0	0	0	
318	46703	31174	17	46703070	0	0	0	0	0	0	
319	47292	31272	21	47292118	0	0	0	0	0	0	
320	47882	31371	25	47882424	0	0	0	0	0	0	
321	48457	31469	30	48457493	0	0	0	0	0	0	
322	49056	31567	34	49056110	0	0	0	0	0	0	
323	49643	31665	42	49643866	0	0	0	0	0	0	
324	50257	31763	46	50257337	0	0	0	0	0	0	
325	50842	31861	48	50842019	0	0	0	0	0	0	
326	51442	31959	58	51442735	0	0	0	0	0	0	
327	52042	32057	60	52042325	0	0	0	0	0	0	
328	52651	32155	70	52651685	0	0	0	0	0	0	
329	53241	32253	72	53241913	0	0	0	0	0	0	
330	53865	32351	81	53865250	0	0	0	0	0	0	
331	54477	32449	83	54477754	0	0	0	0	0	0	
332	55072	32547	92	55072972	0	0	0	0	0	0	
333	55686	32645	95	55686427	0	0	0	0	0	0	
334	56306	32743	104	56306239	0	0	0	0	0	0	
335	56927	32841	107	56927443	0	0	0	0	0	0	
336	57557	32939	110	57557657	0	0	0	0	0	0	
337	58169	33037	113	58169371	0	0	0	0	0	0	
338	58807	33135	113	58807538	0	0	0	0	0	0	
339	59449	33233	114	59449491	0	0	0	0	0	0	
340	60067	33331	114	60067653	0	0	0	0	0	0	
341	60706	33429	121	60706528	0	0	0	0	0	0	
342	61354	33527	124	61354111	0	0	0	0	0	0	
343	61986	33625	128	61986852	0	0	0	0	0	0	
344	62642	33723	129	62642681	0	0	0	0	0	0	
345	63294	33821	129	63294158	0	0	0	0	0	0	
346	63929	33919	132	63929983	0	0	0	0	0	0	
347	64590	34017	135	64590078	0	0	0	0	0	0	
348	65249	34115	136	65249533	0	0	0	0	0	0	
349	65896	34214	140	65896715	0	0	0	0	0	0	
350	66561	34312	143	66561749	0	0	0	0	0	0	
351	67232	34410	146	67232403	0	0	0	0	0	0	
352	67881	34508	147	67881644	0	0	0	0	0	0	
353	68559	34606	148	68559018	0	0	0	0	0	0	
354	69242	34704	151	69242036	0	0	0	0	0	0	
355	69902	34802	154	69902192	0	0	0	0	0	0	
356	70578	34900	154	70578487	0	0	0	0	0	0	
357	71260	34998	159	71260183	0	0	0	0	0	0	
358	71927	35096	162	71927724	0	0	0	0	0	0	
359	72625	35194	165	72625143	0	0	0	0	0	0	
360	73339	35292	165	73339666	0	0	0	0	0	0	
361	74042	35390	169	74042393	0	0	0	0	0	0	
362	74767	35488	172	74767409	0	0	0	0	0	0	
363	75826	35586	176	75826911	0	0	0	0	0	0	
364	76567	35684	178	76567511	0	0	0	0	0	0	
365	77258	35782	178	77258589	0	0	0	0	0	0	
366	77973	35880	185	77973121	0	0	0	0	0	0	
367	78697	35978	187	78697230	0	0	0	0	0	0	
368	79394	36076	187	79394900	0	0	0	0	0	0	
369	80118	36174	191	80118721	0	0	0	0	0	0	
370	80845	36272	195	80845213	0	0	0	0	0	0	
371	81572	36370	196	81572189	0	0	0	0	0	0	
372	82304	36468	199	82304669	0	0	0	0	0	0	
373	83032	36566	202	83032322	0	0	0	0	0	0	
374	83763	36664	204	83763201	0	0	0	0	0	0	
375	84507	36762	208	84507489	0	0	0	0	0	0	
376	85262	36860	210	85262760	0	0	0	0	0	0	
377	86402	37010	211	86402286	0	0	0	0	0	0	
