#input	time	ios	pfs	timems	pbo	dbo	ibo	pbu	ndo	ars	
1	39	98	3	39485	0	0	0	0	0	0	
2	88	196	3	88033	0	0	0	0	0	0	
3	142	294	3	142787	0	0	0	0	0	0	
4	202	392	3	202621	0	0	0	0	0	0	
5	265	490	3	265054	0	0	0	0	0	0	
6	332	588	3	332820	0	0	0	0	0	0	
7	403	686	3	403168	0	0	0	0	0	0	
8	480	784	3	480052	0	0	0	0	0	0	
9	567	882	3	567447	0	0	0	0	0	0	
10	647	980	3	647674	0	0	0	0	0	0	
11	732	1078	3	732557	0	0	0	0	0	0	
12	818	1176	3	818537	0	0	0	0	0	0	
13	916	1274	3	916244	0	0	0	0	0	0	
14	1001	1372	3	1001140	0	0	0	0	0	0	
15	1100	1470	3	1100286	0	0	0	0	0	0	
16	1190	1568	3	1190350	0	0	0	0	0	0	
17	1282	1666	3	1282729	0	0	0	0	0	0	
18	1380	1764	3	1380694	0	0	0	0	0	0	
19	1487	1862	3	1487730	0	0	0	0	0	0	
20	1600	1960	3	1600986	0	0	0	0	0	0	
21	1709	2058	3	1709765	0	0	0	0	0	0	
22	1836	2156	3	1836986	0	0	0	0	0	0	
23	1938	2254	3	1938104	0	0	0	0	0	0	
24	2050	2352	3	2050095	0	0	0	0	0	0	
25	2170	2450	3	2170509	0	0	0	0	0	0	
26	2290	2548	3	2290934	0	0	0	0	0	0	
27	2422	2646	3	2422097	0	0	0	0	0	0	
28	2543	2744	3	2543083	0	0	0	0	0	0	
29	2676	2842	3	2676454	0	0	0	0	0	0	
30	2809	2941	3	2809038	0	0	0	0	0	0	
31	2932	3039	3	2932384	0	0	0	0	0	0	
32	3059	3137	3	3059339	0	0	0	0	0	0	
33	3186	3235	3	3186496	0	0	0	0	0	0	
34	3303	3333	3	3303507	0	0	0	0	0	0	
35	3432	3431	3	3432141	0	0	0	0	0	0	
36	3568	3529	3	3568979	0	0	0	0	0	0	
37	3707	3627	3	3707563	0	0	0	0	0	0	
38	3840	3725	3	3840585	0	0	0	0	0	0	
39	3988	3823	3	3988571	0	0	0	0	0	0	
40	4135	3921	3	4135700	0	0	0	0	0	0	
41	4277	4019	3	4277090	0	0	0	0	0	0	
42	4428	4117	3	4428467	0	0	0	0	0	0	
43	4587	4215	3	4587332	0	0	0	0	0	0	
44	4731	4313	3	4731168	0	0	0	0	0	0	
45	4879	4411	3	4879202	0	0	0	0	0	0	
46	5023	4509	3	5023664	0	0	0	0	0	0	
47	5178	4607	3	5178332	0	0	0	0	0	0	
48	5340	4705	3	5340428	0	0	0	0	0	0	
49	5509	4803	3	5509172	0	0	0	0	0	0	
50	5685	4901	3	5685825	0	0	0	0	0	0	
51	5835	4999	3	5835402	0	0	0	0	0	0	
52	6008	5097	3	6008795	0	0	0	0	0	0	
53	6185	5195	3	6185927	0	0	0	0	0	0	
54	6442	5293	3	6442858	0	0	0	0	0	0	
55	6741	5391	3	6741771	0	0	0	0	0	0	
56	7090	5489	3	7090180	0	0	0	0	0	0	
57	7484	5587	3	7484119	0	0	0	0	0	0	
58	7925	5685	5	7925210	0	0	0	0	0	0	
59	8397	5784	9	8397845	0	0	0	0	0	0	
60	8904	5882	18	8904530	0	0	0	0	0	0	
61	9455	5980	24	9455156	0	0	0	0	0	0	
62	10189	6078	34	10189154	0	0	0	0	0	0	
63	10867	6176	41	10867067	0	0	0	0	0	0	
64	11557	6274	49	11557751	0	0	0	0	0	0	
65	12273	6372	55	12273786	0	0	0	0	0	0	
66	13020	6470	68	13020666	0	0	0	0	0	0	
67	13790	6568	80	13790224	0	0	0	0	0	0	
68	14607	6666	87	14607987	0	0	0	0	0	0	
69	15419	6764	100	15419755	0	0	0	0	0	0	
70	16283	6862	114	16283300	0	0	0	0	0	0	
71	17156	6960	124	17156604	0	0	0	0	0	0	
72	18085	7058	137	18085591	0	0	0	0	0	0	
73	19016	7156	145	19016323	0	0	0	0	0	0	
74	19969	7254	153	19969963	0	0	0	0	0	0	
75	20954	7352	166	20954459	0	0	0	0	0	0	
76	21958	7450	173	21958022	0	0	0	0	0	0	
77	22979	7548	186	22979859	0	0	0	0	0	0	
78	24031	7646	197	24031692	0	0	0	0	0	0	
79	25090	7744	206	25090889	0	0	0	0	0	0	
80	26180	7842	214	26180983	0	0	0	0	0	0	
81	27282	7940	220	27282831	0	0	0	0	0	0	
82	28416	8038	233	28416194	0	0	0	0	0	0	
83	29554	8136	240	29554867	0	0	0	0	0	0	
84	30704	8234	247	30704225	0	0	0	0	0	0	
85	31880	8332	261	31880674	0	0	0	0	0	0	
86	33086	8430	269	33086593	0	0	0	0	0	0	
87	34294	8528	275	34294724	0	0	0	0	0	0	
88	35510	8627	287	35510085	0	0	0	0	0	0	
89	36753	8725	293	36753120	0	0	0	0	0	0	
90	38021	8823	299	38021776	0	0	0	0	0	0	
91	39284	8921	311	39284105	0	0	0	0	0	0	
92	40567	9019	317	40567763	0	0	0	0	0	0	
93	41856	9117	325	41856256	0	0	0	0	0	0	
94	43164	9215	336	43164734	0	0	0	0	0	0	
95	44489	9313	345	44489741	0	0	0	0	0	0	
96	45837	9411	353	45837432	0	0	0	0	0	0	
97	47190	9509	365	47190590	0	0	0	0	0	0	
98	48554	9607	377	48554660	0	0	0	0	0	0	
99	49917	9705	384	49917719	0	0	0	0	0	0	
100	51305	9803	391	51305740	0	0	0	0	0	0	
101	52703	9901	397	52703763	0	0	0	0	0	0	
102	54121	9999	410	54121771	0	0	0	0	0	0	
103	55537	10097	424	55537717	0	0	0	0	0	0	
104	56974	10195	436	56974534	0	0	0	0	0	0	
105	58424	10293	447	58424033	0	0	0	0	0	0	
106	59886	10391	454	59886588	0	0	0	0	0	0	
107	61355	10489	467	61355755	0	0	0	0	0	0	
108	62845	10587	473	62845033	0	0	0	0	0	0	
109	64328	10685	486	64328851	0	0	0	0	0	0	
110	65831	10783	493	65831470	0	0	0	0	0	0	
111	67341	10881	500	67341068	0	0	0	0	0	0	
112	68859	10979	512	68859299	0	0	0	0	0	0	
113	70388	11077	524	70388590	0	0	0	0	0	0	
114	71938	11175	536	71938394	0	0	0	0	0	0	
115	73501	11273	543	73501889	0	0	0	0	0	0	
116	75236	11371	545	75236817	0	0	0	0	0	0	
117	76805	11470	554	76805831	0	0	0	0	0	0	
118	78387	11568	561	78387308	0	0	0	0	0	0	
119	79984	11666	573	79984347	0	0	0	0	0	0	
120	81589	11764	579	81589609	0	0	0	0	0	0	
121	83193	11862	590	83193018	0	0	0	0	0	0	
122	86401	12056	612	86401021	0	0	0	0	0	0	
