#input	time	ios	pfs	timems	pbo	dbo	ibo	pbu	ndo	
25	75	623650	23533889	75921	0	0	0	0	0	
50	136	871680	42396097	136774	0	0	0	0	0	
75	221	2717010	40788220	221330	0	0	0	0	0	
100	271	2833570	46388166	271810	0	0	0	0	0	
125	275	3242320	44345148	275346	0	0	0	0	0	
150	357	3813590	54244824	357061	0	0	0	0	0	
175	411	4123220	50709165	411275	0	0	0	0	0	
200	458	4600970	50880010	458111	0	0	0	0	0	
225	505	5078320	45869610	505503	0	0	0	0	0	
250	545	5119430	52586968	545040	0	0	0	0	0	
275	549	5465752	47446753	549900	0	0	0	0	0	
300	547	5983340	48160650	547411	0	0	0	0	0	
325	665	6382740	48083378	665045	0	0	0	0	0	
350	724	6717860	46791923	724567	0	0	0	0	0	
375	733	7080150	44468288	733985	0	0	0	0	0	
400	805	7368930	42017440	805181	0	0	0	0	0	
425	840	7783490	38930250	840633	0	0	0	0	0	
450	833	8246040	35285126	833103	0	0	0	0	0	
475	859	8839320	35335246	859507	0	0	0	0	0	
500	855	8606750	36452692	855493	0	0	0	0	0	
525	870	9009650	32112925	870723	0	0	0	0	0	
550	836	9362970	27181751	836975	0	0	0	0	0	
575	865	9566547	19949976	865065	0	0	0	0	0	
600	871	10043410	20004567	871643	0	0	0	0	0	
625	912	10238080	20198244	912660	0	0	0	0	0	
650	972	10225600	19916634	972900	0	0	0	0	0	
675	991	10764555	20339648	991821	1	0	1	0	0	
700	1062	11436547	22324629	1062814	1	0	1	0	0	
725	1581	13015041	106537268	1581855	0	0	0	0	0	
750	1658	13238089	131111074	1658674	0	0	0	0	0	
775	1737	13832814	134220380	1737382	0	0	0	0	0	
800	1743	14478350	119730740	1743011	1	0	1	0	0	
825	1820	14517480	102167001	1820851	0	0	0	0	0	
850	1928	14784992	107011983	1928069	0	0	0	0	0	
875	2085	15561727	110833063	2085215	1	0	1	0	0	
900	2115	15539210	109447571	2115030	0	0	0	0	0	
925	2078	15319780	108073785	2078026	0	0	0	0	0	
950	2229	15985860	112024294	2229522	0	0	0	0	0	
975	2326	16540770	115334306	2326389	0	0	0	0	0	
1000	2468	16498664	120584938	2468120	0	0	0	0	0	
