#input	time	ios	pfs	timems	pbo	dbo	ibo	pbu	ndo	
25	87	1426230	22966563	87015	0	0	0	0	0	
50	135	2048890	31085776	135553	0	0	0	0	0	
75	183	2873970	36444650	183570	0	0	0	0	0	
100	231	3924648	33746680	231111	1	0	1	0	0	
125	256	4532720	34931376	256943	0	0	0	0	0	
150	268	4874110	32329210	268038	0	0	0	0	0	
175	310	4928770	34521326	310398	1	0	1	0	0	
200	307	5126660	28557909	307209	0	0	0	0	0	
225	359	5898134	24206325	359599	1	0	1	0	0	
250	391	6334924	12421267	391812	0	0	0	0	0	
275	411	6889163	12278030	411099	1	0	1	0	0	
300	410	7459351	8921726	410735	0	0	0	0	0	
325	442	7757434	10308863	442332	0	0	0	0	0	
350	471	7958355	9898619	471498	1	0	1	2	1	
375	524	8760418	12733111	524962	2	0	2	2	2	
400	550	9411280	14026178	550913	0	0	0	0	0	
425	527	9091694	11654895	527659	0	0	0	0	0	
450	603	9907957	14249186	603927	1	0	1	0	0	
475	674	10475140	13834081	674017	0	0	0	0	0	
500	631	10233260	7972453	631592	0	0	0	0	0	
525	796	10466197	7222756	796037	0	0	0	0	0	
550	817	11017320	8565559	817733	0	0	0	0	0	
575	866	11389280	8725875	866656	0	0	0	0	0	
600	942	11967039	8476118	942822	1	0	1	1	1	
625	917	12259270	9749481	917334	0	0	0	0	0	
650	933	12139532	8701501	933063	1	0	1	1	1	
675	1025	12955586	10191304	1025817	1	0	1	0	0	
700	1173	14462357	11942957	1173013	1	0	1	5	2	
725	1113	14656450	10934880	1113080	0	0	0	0	0	
750	1168	15199980	11053127	1168908	0	0	0	0	0	
775	1237	15474411	11280136	1237718	0	0	1	0	0	
800	1054	16625376	9239625	1054675	0	0	0	0	0	
825	1050	16975070	8414813	1050107	0	0	0	0	0	
850	1115	17481540	6386659	1115960	0	0	0	0	0	
875	1220	18306651	7280832	1220489	2	0	2	7	4	
900	1174	18524020	4231323	1174928	0	0	0	0	0	
925	1151	19019830	4107845	1151734	0	0	0	0	0	
950	1173	18903400	4197266	1173990	0	0	0	0	0	
975	1264	19737224	4603390	1264526	1	0	1	0	0	
1000	1238	20086340	4703746	1238513	0	0	0	0	0	
1025	1297	20236930	4323453	1297139	0	0	0	0	0	
1050	1246	20338160	4417781	1246182	0	0	0	0	0	
1075	1176	19459960	5471041	1176116	0	0	0	0	0	
1100	1164	19685950	4935727	1164815	0	0	0	0	0	
1125	1195	20035740	5269272	1195046	0	0	0	0	0	
1150	1242	20665760	5214282	1242620	0	0	0	0	0	
1175	1248	20430830	5090189	1248169	0	0	0	0	0	
1200	1292	20675840	5558819	1292804	0	0	0	0	0	
1225	1258	21437117	6049925	1258991	0	0	0	0	0	
1250	1285	21803738	5984897	1285486	0	0	0	0	0	
1275	1402	21930061	5780603	1402986	0	0	0	0	0	
1300	1385	22160979	5517569	1385747	0	0	1	0	0	
1325	1507	21915665	6400979	1507237	2	0	2	3	2	
1350	1504	21783279	4298573	1504436	1	0	1	0	0	
1375	1740	22588480	4017072	1740429	0	0	0	0	0	
1400	1848	23072350	4126027	1848572	0	0	0	0	0	
1425	1862	23334130	3603271	1862379	0	0	0	0	0	
1450	2232	24175289	4406453	2232787	1	0	1	10	4	
1475	2219	23979699	4399335	2219147	1	0	1	2	1	
1500	2189	24160140	4521875	2189211	0	0	0	0	0	
1525	2316	25035186	4207493	2316047	2	0	2	3	2	
1550	2301	25370303	4086267	2301261	0	0	0	0	0	
1575	2485	25695684	4560806	2485726	0	0	0	0	0	
1600	2563	26034320	4077786	2563225	0	0	0	0	0	
1625	2607	26774776	4570009	2607923	0	0	1	0	0	
1650	2606	26766968	4233141	2606817	1	0	1	0	0	
1675	2650	27240305	4883325	2650338	1	0	1	0	0	
1700	2668	27636320	4619820	2668752	0	0	0	0	0	
1725	2734	28285826	5102339	2734426	0	0	0	0	0	
1750	2761	29025352	4948188	2761590	1	0	1	0	0	
1775	2895	29837613	4547840	2895282	1	0	1	1	1	
1800	2906	30150419	5427827	2906982	1	0	1	0	0	
1825	2917	30398070	4898552	2917472	0	0	0	0	0	
1850	3011	31013866	5549611	3011112	1	0	2	0	0	
1875	3087	30827132	5025988	3087487	0	0	0	0	0	
1900	3231	31383131	5132669	3231169	1	0	1	1	1	
1925	3524	31925742	5285821	3524748	1	0	1	3	2	
1950	3443	32223565	5442925	3443222	0	0	0	0	0	
1975	3444	32639326	5308243	3444242	1	0	1	1	1	
2000	3430	33216680	5404458	3430034	0	0	0	0	0	
2025	3438	33671600	5499796	3438611	0	0	0	0	0	
2050	3473	33839790	6347691	3473018	0	0	0	0	0	
2075	3531	34027874	5992497	3531495	2	0	2	2	2	
2100	3640	33960436	5504861	3640462	1	0	1	0	0	
2125	3632	34423540	5412524	3632388	0	0	0	0	0	
2150	3835	34998080	6210032	3835517	1	0	1	0	0	
2175	3864	35226510	6368495	3864038	0	0	0	0	0	
2200	3706	35975890	6324247	3706593	0	0	0	0	0	
2225	3766	36355954	5655756	3766466	1	0	1	0	0	
2250	4039	37087970	5744935	4039554	0	0	0	0	0	
2275	3994	36938120	6821762	3994888	0	0	0	0	0	
2300	3875	37997009	7508646	3875358	0	0	0	0	0	
2325	3900	37839850	7442723	3900906	0	0	0	0	0	
2350	4196	38958896	8369065	4196613	2	0	2	10	5	
2375	4096	38719774	7729595	4096229	1	0	1	0	0	
2400	4033	39201760	7668566	4033057	0	0	0	0	0	
2425	4130	39027380	7678037	4130279	0	0	0	0	0	
2450	4183	38949420	7737427	4183252	0	0	0	0	0	
2475	4149	39215840	7779321	4149955	0	0	0	0	0	
2500	4105	39671520	7726501	4105150	0	0	0	0	0	
2525	4123	39950034	7797459	4123724	1	0	1	1	1	
2550	4343	40686635	7931187	4343693	1	0	1	0	0	
2575	4251	40958962	7937905	4251754	0	0	0	0	0	
2600	4404	41330839	8102127	4404068	1	0	1	2	1	
2625	4483	41752164	8062909	4483419	0	0	0	0	0	
2650	4440	42096020	8138521	4440023	0	0	0	0	0	
2675	4448	43046000	8106573	4448294	0	0	0	0	0	
2700	4699	43254310	8097434	4699390	0	0	0	0	0	
2725	4559	43442110	8079749	4559042	0	0	0	0	0	
2750	4687	44215505	8634356	4687431	2	0	2	0	0	
