#input	time	ios	pfs	timems	pbo	dbo	ibo	pbu	ndo	
25	65	625890	13385506	65931	0	0	0	0	0	
50	120	869140	24883392	120592	0	0	0	0	0	
75	155	1245270	28526866	155195	0	0	0	0	0	
100	306	2904642	59293646	306001	0	0	0	0	0	
125	373	3220010	72975008	373271	0	0	0	0	0	
150	448	3842430	87583772	448196	0	0	0	0	0	
175	571	4267470	110763221	571906	0	0	0	0	0	
200	567	4487010	110427736	567638	0	0	0	0	0	
225	629	4747458	131273946	629285	0	0	0	0	0	
250	729	5393920	149773145	729085	0	0	0	0	0	
275	762	5502740	156311476	762963	0	0	0	0	0	
300	822	6060800	169412200	822303	0	0	0	0	0	
325	872	6344570	179264133	872859	0	0	0	0	0	
350	948	6594090	185177521	948856	0	0	0	0	0	
375	1004	6939640	194795679	1004848	0	0	0	0	0	
400	993	7295550	194733272	993655	0	0	0	0	0	
425	1033	7618620	192336677	1033794	0	0	0	0	0	
450	1071	7568180	211945591	1071690	0	0	0	0	0	
475	1104	7961110	218546834	1104228	0	0	0	0	0	
500	1185	8508970	216858769	1185971	0	0	0	0	0	
525	1215	8915570	224827605	1215748	0	0	0	0	0	
550	1267	9379030	229602444	1267725	0	0	0	0	0	
575	1265	9504600	234402996	1265737	0	0	0	0	0	
600	1443	10057150	261318784	1443361	0	0	0	0	0	
625	1463	10469750	257900423	1463285	0	0	0	0	0	
650	1512	10736200	266284389	1512711	0	0	0	0	0	
675	1661	11238080	288163465	1661784	0	0	0	0	0	
700	1753	11537650	310854906	1753291	0	0	0	0	0	
725	1766	11907760	302627468	1766420	0	0	0	0	0	
750	1778	12316170	293671547	1778850	0	0	0	0	0	
775	1804	12777030	299646932	1804494	0	0	0	0	0	
800	1718	12813640	287633799	1718690	0	0	0	0	0	
825	1730	13163250	279850724	1730062	0	0	0	0	0	
850	1721	13535560	275277320	1721630	0	0	0	0	0	
875	1768	13900190	278780353	1768405	0	0	0	0	0	
900	1804	14544620	293196536	1804203	0	0	0	0	0	
925	1830	14587750	303990046	1830398	0	0	0	0	0	
950	1840	14779890	303823089	1840922	0	0	0	0	0	
975	1870	14936690	312148683	1870874	0	0	0	0	0	
1000	1866	15346860	313188053	1866898	0	0	0	0	0	
