#input	time	ios	pfs	timems	pbo	dbo	ibo	pbu	ndo	
25	105	1853690	21024998	105690	0	0	0	0	0	
50	173	3003580	34228824	173965	0	0	0	0	0	
75	231	4418540	29967969	231990	0	0	0	0	0	
100	301	5248950	39021011	301089	0	0	0	0	0	
125	391	6918181	46299367	391507	1	0	1	0	0	
150	401	7461310	31074893	401172	0	0	0	0	0	
175	404	7675500	25415265	404206	0	0	0	0	0	
200	455	8530206	19026041	455375	3	0	2	1	1	
225	499	9989120	21321419	499224	0	0	0	0	0	
250	525	9850240	18000838	525113	0	0	0	0	0	
275	564	10416690	16951598	564397	0	0	0	0	0	
300	544	9995950	12582603	544579	0	0	0	0	0	
325	573	10766570	13096433	573350	0	0	0	0	0	
350	645	11417170	10778505	645596	2	0	1	0	0	
375	659	11872200	10107318	659195	0	0	0	0	0	
400	713	12592904	5197773	713616	1	0	2	1	1	
425	719	13874600	4080581	719575	0	0	0	0	0	
450	716	13601396	3125272	716079	0	0	0	0	0	
475	724	13583340	3302386	724140	0	0	0	0	0	
500	842	13962810	3221828	842758	0	0	0	0	0	
525	828	14210430	3538654	828916	0	0	0	0	0	
550	897	14961615	3761746	897762	0	0	0	0	0	
575	905	15370770	4067369	905249	0	0	0	0	0	
600	967	15873790	4127363	967272	0	0	0	0	0	
625	1034	17158360	4327102	1034766	0	0	0	0	0	
650	1153	18686023	7387457	1153816	4	0	3	17	5	
675	1052	18672890	5616825	1052610	0	0	0	0	0	
700	1041	18551110	3105458	1041949	0	0	0	0	0	
725	1172	19160447	2785242	1172405	1	0	2	15	5	
750	1093	19096710	2497825	1093008	0	0	0	0	0	
775	1100	20072737	8426733	1100057	0	0	0	0	0	
800	1254	22039470	3660713	1254281	0	0	0	0	0	
825	1336	22441360	3654957	1336809	0	0	0	0	0	
850	1307	23011490	3667457	1307888	0	0	0	0	0	
875	1314	23171610	3583479	1314257	0	0	0	0	0	
900	1383	23730840	3554623	1383983	0	0	0	0	0	
925	1379	24328450	3516718	1379346	0	0	0	0	0	
950	1428	24940800	3497166	1428524	0	0	0	0	0	
975	1426	25265680	3476421	1426168	0	0	0	0	0	
1000	1501	25342530	3486138	1501101	0	0	0	0	0	
