#input	time	ios	pfs	timems	pbo	dbo	ibo	pbu	ndo	
25	66	620130	14086692	66148	0	0	0	0	0	
50	138	2347720	22786344	138768	0	0	0	0	0	
75	170	2331546	29877235	170361	0	0	0	0	0	
100	231	2951910	38029317	231361	0	0	0	0	0	
125	261	3467231	29998380	261591	0	0	0	0	0	
150	304	3371531	20291830	304921	0	0	0	0	0	
175	301	3577730	20647061	301291	0	0	0	0	0	
200	347	4143320	22438043	347315	0	0	0	0	0	
225	356	4527740	17251912	356606	0	0	0	0	0	
250	392	4932800	14173328	392193	0	0	0	0	0	
275	512	6190760	51539266	512150	0	0	0	0	0	
300	554	6432800	57004476	554721	0	0	0	0	0	
325	612	6825392	53778546	612349	1	0	1	0	0	
350	669	7841310	56298846	669607	0	0	0	0	0	
375	657	8071140	57873971	657773	0	0	0	0	0	
400	698	8280763	60155194	698548	1	0	1	1	1	
425	709	8428690	61739605	709903	1	0	1	0	0	
450	719	8798310	65365996	719146	0	0	0	0	0	
475	772	9151490	70243184	772593	0	0	0	0	0	
500	837	9817826	72593384	837884	0	0	0	0	0	
525	869	10140410	75803054	869618	0	0	0	0	0	
550	902	10367390	81215077	902641	0	0	0	0	0	
575	973	10703200	75107951	973797	0	0	0	0	0	
600	999	11151490	70782603	999808	0	0	0	0	0	
625	1043	11846420	70188010	1043978	0	0	0	0	0	
650	1054	11543170	70765067	1054356	0	0	0	0	0	
675	1132	12188700	70759960	1132951	0	0	0	0	0	
700	1162	12667350	61041292	1162307	0	0	0	0	0	
725	1180	13208100	62590698	1180646	0	0	0	0	0	
750	1238	13534010	59711463	1238855	1	0	1	4	2	
775	1212	13726040	58346796	1212694	0	0	0	0	0	
800	1230	14205020	49948614	1230285	0	0	0	0	0	
825	1238	14422900	48281978	1238068	0	0	0	0	0	
850	1253	14757790	48134212	1253414	0	0	0	0	0	
875	1250	14912590	44522358	1250697	0	0	0	0	0	
900	1307	15214686	47830637	1307557	0	0	0	0	0	
925	1248	15102450	46467281	1248617	0	0	0	0	0	
950	1320	15530784	45670403	1320166	0	0	0	0	0	
975	1308	15907640	42067695	1308969	0	0	0	0	0	
1000	1370	16755510	45016295	1370668	0	0	0	0	0	
