#input	time	ios	pfs	timems	pbo	dbo	ibo	pbu	ndo	
25	7	62589	2770867	7812	0	0	0	0	0	
50	15	86914	5189913	15147	0	0	0	0	0	
75	19	124527	6640618	19255	0	0	0	0	0	
100	37	290736	9714484	37033	0	0	0	0	0	
125	41	322001	11387105	41716	0	0	0	0	0	
150	51	384243	12962600	51076	0	0	0	0	0	
175	63	426747	16417612	63234	0	0	0	0	0	
200	64	448701	16742670	64352	0	0	0	0	0	
225	71	474798	19583133	71174	0	0	0	0	0	
250	78	539392	21637816	78767	0	0	0	0	0	
275	81	550274	22423126	81316	0	0	0	0	0	
300	86	606080	23432299	86791	0	0	0	0	0	
325	98	634457	24819966	98582	0	0	0	0	0	
350	108	659463	27270324	108692	0	0	0	0	0	
375	109	693964	28482648	109009	0	0	0	0	0	
400	107	729555	26407110	107444	0	0	0	0	0	
425	114	761862	26400558	114915	0	0	0	0	0	
450	128	756881	29882203	128982	0	0	0	0	0	
475	120	796111	30388901	120205	0	0	0	0	0	
500	127	850897	30086308	127836	0	0	0	0	0	
525	129	891557	31458562	129138	0	0	0	0	0	
550	133	937903	31916921	133936	0	0	0	0	0	
575	134	950460	32704949	134280	0	0	0	0	0	
600	150	1005715	35200467	150579	0	0	0	0	0	
625	159	1046975	34934350	159019	0	0	0	0	0	
650	166	1073620	35059499	166390	0	0	0	0	0	
675	172	1123808	36280041	172513	0	0	0	0	0	
700	188	1153765	39091646	188438	0	0	0	0	0	
725	183	1190776	38145118	183912	0	0	0	0	0	
750	180	1231617	37816084	180531	0	0	0	0	0	
775	193	1277703	38465068	193238	0	0	0	0	0	
800	201	1281364	37017544	201117	0	0	0	0	0	
825	176	1316325	37801993	176921	0	0	0	0	0	
850	196	1353556	35460376	196365	0	0	0	0	0	
875	181	1390019	34528721	181888	0	0	0	0	0	
900	210	1454462	36304117	210530	0	0	0	0	0	
925	205	1458775	37963346	205189	0	0	0	0	0	
950	193	1477989	38061574	193385	0	0	0	0	0	
975	198	1493669	39143037	198923	0	0	0	0	0	
1000	203	1534686	39269218	203411	0	0	0	0	0	
1025	203	1591893	39429649	203440	0	0	0	0	0	
1050	217	1615700	39764275	217135	0	0	0	0	0	
1075	216	1658211	40257056	216016	0	0	0	0	0	
1100	255	1674621	39521609	255129	0	0	0	0	0	
1125	234	1698436	40031532	234715	0	0	0	0	0	
1150	241	1749189	39673275	241615	0	0	0	0	0	
1175	280	1784699	42566668	280368	0	0	0	0	0	
1200	291	1836760	43243062	291075	0	0	0	0	0	
1225	293	1866100	43837733	293771	0	0	0	0	0	
1250	296	1923784	43299672	296250	0	0	0	0	0	
1275	306	1884570	43994818	306671	0	0	0	0	0	
1300	308	1920406	44582832	308342	0	0	0	0	0	
1325	319	1953808	45956085	319235	0	0	0	0	0	
1350	331	2010542	48205385	331950	0	0	0	0	0	
1375	347	2012296	50993064	347168	0	0	0	0	0	
1400	356	2057284	52271020	356987	0	0	0	0	0	
1425	361	2083005	52765593	361336	0	0	0	0	0	
1450	365	2134054	52915053	365645	0	0	0	0	0	
1475	366	2184585	51928462	366993	0	0	0	0	0	
1500	382	2207209	52893381	382921	0	0	0	0	0	
1525	380	2252364	53795766	380091	0	0	0	0	0	
1550	383	2292898	53236533	383738	0	0	0	0	0	
1575	386	2332276	52786417	386285	0	0	0	0	0	
1600	385	2343535	53776839	385398	0	0	0	0	0	
1625	385	2349362	53097296	385702	0	0	0	0	0	
1650	389	2395932	52629150	389932	0	0	0	0	0	
1675	383	2424322	52051050	383770	0	0	0	0	0	
1700	384	2426635	53439465	384751	0	0	0	0	0	
1725	386	2483516	53060886	386528	0	0	0	0	0	
1750	388	2509008	54171339	388844	0	0	0	0	0	
1775	390	2553344	52852325	390064	0	0	0	0	0	
1800	395	2602295	54088678	395136	0	0	0	0	0	
1825	409	2638144	54537380	409963	0	0	0	0	0	
1850	399	2671196	54337330	399445	0	0	0	0	0	
1875	413	2707510	56700531	413627	0	0	0	0	0	
1900	412	2752731	55714397	412472	0	0	0	0	0	
1925	407	2772000	55786451	407830	0	0	0	0	0	
1950	408	2790822	54890001	408417	0	0	0	0	0	
1975	410	2841604	51270834	410139	0	0	0	0	0	
2000	404	2874702	49315004	404656	0	0	0	0	0	
2025	412	2900442	50055209	412543	0	0	0	0	0	
2050	417	2948058	49871099	417450	0	0	0	0	0	
2075	423	2980316	50131094	423402	0	0	0	0	0	
2100	417	2999767	50620921	417631	0	0	0	0	0	
2125	428	3042941	50451759	428139	0	0	0	0	0	
2150	417	3068803	50332822	417137	0	0	0	0	0	
2175	419	3091248	45016854	419395	0	0	0	0	0	
2200	449	3130058	48212909	449139	0	0	0	0	0	
2225	458	3181362	49026608	458491	0	0	0	0	0	
2250	446	3219817	49899098	446795	0	0	0	0	0	
2275	468	3269146	51011359	468785	0	0	0	0	0	
2300	981	3398251	87183375	981590	0	0	0	0	0	
2325	1035	3446851	89423653	1035864	0	0	0	0	0	
2350	1018	3474502	90362274	1018752	0	0	0	0	0	
2375	1026	3528062	91129451	1026388	0	0	0	0	0	
2400	1039	3586494	91074450	1039546	0	0	0	0	0	
2425	1088	3641227	89810406	1088737	0	0	0	0	0	
2450	1086	3700774	90836312	1086492	0	0	0	0	0	
2475	1108	3701639	93256832	1108413	0	0	0	0	0	
2500	1097	3729821	93932807	1097127	0	0	0	0	0	
2525	1100	3724798	95308504	1100795	0	0	0	0	0	
2550	1075	3748569	95959850	1075351	0	0	0	0	0	
2575	1131	3780066	98429964	1131491	0	0	0	0	0	
2600	1149	3830664	99433567	1149131	0	0	0	0	0	
2625	1131	3868076	99834031	1131552	0	0	0	0	0	
2650	1209	3914727	100484283	1209058	0	0	0	0	0	
2675	1245	3951217	103302878	1245091	0	0	0	0	0	
2700	1239	3989131	104848242	1239540	0	0	0	0	0	
2725	1244	4056019	107274403	1244164	0	0	0	0	0	
2750	1259	4095793	110380547	1259769	0	0	0	0	0	
2775	1308	4093615	108315943	1308645	0	0	0	0	0	
2800	1316	4149362	117919845	1316607	0	0	0	0	0	
2825	1342	4211141	118356981	1342878	0	0	0	0	0	
2850	1341	4232811	117918055	1341036	0	0	0	0	0	
2875	1333	4282595	119544944	1333115	0	0	0	0	0	
2900	1341	4344413	120152009	1341652	0	0	0	0	0	
2925	1355	4337978	121009396	1355733	0	0	0	0	0	
2950	1374	4374639	121454238	1374327	0	0	0	0	0	
2975	1385	4430057	123625141	1385687	0	0	0	0	0	
3000	1420	4438413	131722042	1420908	0	0	0	0	0	
3025	1418	4487949	132328543	1418369	0	0	0	0	0	
3050	1432	4572761	133057024	1432701	0	0	0	0	0	
