#input	time	ios	pfs	timems	pbo	dbo	ibo	pbu	ndo	
1	946	6555004	0	946439	0	0	0	0	0	
2	2023	13217510	0	2023178	0	0	0	0	0	
3	3202	19202893	0	3202169	0	0	0	0	0	
4	4369	26542354	0	4369480	0	0	0	0	0	
5	5630	32217483	0	5630092	0	0	0	0	0	
6	6969	38518196	0	6969609	0	0	0	0	0	
7	8227	45606076	0	8227797	0	0	0	0	0	
8	9490	53185639	0	9490058	0	0	0	0	0	
9	10834	58944194	0	10834730	0	0	0	0	0	
10	12231	64552909	0	12231412	0	0	0	0	0	
11	13695	70740407	0	13695813	0	0	0	0	0	
12	15186	77160100	0	15186195	0	0	0	0	0	
13	16533	84111021	0	16533602	0	0	0	0	0	
14	17912	91339091	0	17912740	0	0	0	0	0	
15	19309	99052071	0	19309735	0	0	0	0	0	
16	20732	106429283	0	20732311	0	0	0	0	0	
17	21795	112460183	0	21795695	0	0	0	0	0	
18	22853	117999548	0	22853979	0	0	0	0	0	
19	23947	123521879	0	23947890	0	0	0	0	0	
20	25045	129237427	0	25045883	0	0	0	0	0	
21	26164	135330580	0	26164736	0	0	0	0	0	
22	27291	141593260	0	27291151	0	0	0	0	0	
23	28436	147921851	0	28436562	0	0	0	0	0	
24	29603	154457318	0	29603175	0	0	0	0	0	
25	30778	161309208	0	30778213	0	0	0	0	0	
26	31950	168339665	0	31950294	0	0	0	0	0	
27	33159	175476764	0	33159939	0	0	0	0	0	
28	34372	182822411	0	34372195	0	0	0	0	0	
29	35825	191951268	0	35825858	0	0	0	0	0	
30	37994	207119826	0	37994504	0	0	0	0	0	
31	40193	222352258	0	40193701	0	0	0	0	0	
32	42470	236967538	0	42470293	0	0	0	0	0	
33	44763	250959342	0	44763462	0	0	0	0	0	
34	47075	264366712	0	47075563	0	0	0	0	0	
35	49407	277538103	0	49407420	0	0	0	0	0	
36	51752	290640105	0	51752334	0	0	0	0	0	
37	54102	303763973	0	54102328	0	0	0	0	0	
38	56453	316952194	0	56453205	0	0	0	0	0	
39	58819	330255842	0	58819675	0	0	0	0	0	
40	61197	343773678	0	61197240	0	0	0	0	0	
41	63579	357513140	0	63579861	0	0	0	0	0	
42	65978	371435412	0	65978351	0	0	0	0	0	
43	68396	385479591	0	68396604	0	0	0	0	0	
44	70822	399599019	0	70822193	0	0	0	0	0	
45	73279	413782134	0	73279008	0	0	0	0	0	
46	75728	428055168	0	75728857	0	0	0	0	0	
47	78178	442462493	0	78178101	0	0	0	0	0	
48	80639	457077880	0	80639738	0	0	0	0	0	
49	83116	472050250	0	83116767	0	0	0	0	0	
50	85631	487252284	0	85631430	0	0	0	0	0	
