#input	time	ios	pfs	timems	pbo	dbo	ibo	pbu	ndo	
1	3	18939	0	3769	850	0	137	42	16	
2	10	52603	0	10601	874	0	411	88	42	
3	18	90264	0	18120	897	0	771	108	58	
4	25	130898	0	25863	906	0	1140	147	79	
5	36	180038	0	36538	930	0	1553	208	112	
6	45	226148	0	45687	940	0	1925	283	141	
7	53	270684	0	53328	952	0	2380	296	151	
8	62	320882	0	62168	971	0	2813	362	184	
9	70	370666	0	70814	982	0	3299	389	203	
10	79	423342	0	79615	1002	0	3799	428	225	
11	88	476637	0	88818	1022	0	4334	443	238	
12	100	543018	0	100965	1048	0	4863	540	279	
13	110	594205	0	110638	1059	0	5378	568	298	
14	123	658864	0	123136	1086	0	6024	611	328	
15	135	724719	0	135717	1106	0	6624	687	360	
16	147	783083	0	147377	1116	0	7188	735	380	
17	158	844048	0	158611	1137	0	7796	767	397	
18	168	901335	0	168994	1152	0	8384	784	407	
19	183	969815	0	183239	1170	0	9026	834	433	
20	195	1036662	0	195022	1189	0	9621	907	466	
21	207	1103119	0	207134	1198	0	10232	984	495	
22	222	1174463	0	222437	1217	0	10954	1036	520	
23	236	1245555	0	236091	1242	0	11673	1081	540	
24	250	1313179	0	250073	1255	0	12400	1100	552	
25	263	1388430	0	263934	1269	0	13159	1135	573	
26	277	1458226	0	277099	1288	0	13882	1159	593	
27	291	1526931	0	291484	1302	0	14559	1202	617	
28	308	1608651	0	308579	1318	0	15315	1286	655	
29	325	1682415	0	325647	1337	0	16031	1342	685	
30	341	1756275	0	341839	1359	0	16786	1373	707	
31	354	1825243	0	354959	1371	0	17515	1383	716	
32	371	1903742	0	371784	1399	0	18268	1428	753	
33	385	1976178	0	385201	1425	0	18951	1492	786	
34	400	2049491	0	400768	1439	0	19730	1516	798	
35	414	2130244	0	414736	1464	0	20526	1565	826	
36	431	2202374	0	431155	1471	0	21317	1576	834	
37	445	2276683	0	445564	1481	0	22083	1595	853	
38	463	2357954	0	463914	1501	0	22896	1645	878	
39	478	2432893	0	478964	1522	0	23680	1665	888	
40	494	2513419	0	494176	1539	0	24497	1698	906	
41	513	2590276	0	513991	1558	0	25287	1716	922	
42	531	2671810	0	531123	1586	0	26113	1749	943	
43	551	2757899	0	551529	1609	0	26961	1794	967	
44	568	2840624	0	568968	1635	0	27768	1833	996	
45	587	2920237	0	587988	1648	0	28538	1876	1023	
46	602	2992736	0	602646	1668	0	29260	1902	1044	
47	621	3074817	0	621942	1685	0	30019	1974	1076	
48	641	3165421	0	641292	1707	0	30838	2061	1121	
49	661	3237582	0	661995	1720	0	31603	2072	1131	
50	678	3321326	0	678301	1743	0	32419	2118	1157	
