#input	time	ios	pfs	timems	pbo	dbo	ibo	pbu	ndo	ars	
1	44	30897	0	44553	0	0	0	0	0	0	
2	36	30976	0	36991	0	0	0	0	0	0	
3	34	31060	0	34088	0	0	0	0	0	0	
4	30	31127	0	30455	0	0	0	0	0	0	
5	35	31224	0	35643	0	0	0	0	0	0	
6	34	31287	0	34758	0	0	0	0	0	0	
7	35	31362	0	35275	0	0	0	0	0	0	
8	31	31423	0	31397	0	0	0	0	0	0	
9	32	31579	0	32590	0	0	0	0	0	0	
10	34	31616	0	34121	0	0	0	0	0	0	
11	30	31712	0	30965	0	0	0	0	0	0	
12	32	31772	0	32910	0	0	0	0	0	0	
13	34	31804	0	34986	0	0	0	0	0	0	
14	34	31838	0	34650	0	0	0	0	0	0	
15	31	31887	0	31499	0	0	0	0	0	0	
16	33	32020	0	33743	0	0	0	0	0	0	
17	35	32348	0	35512	0	0	0	0	0	0	
18	33	32423	0	33264	0	0	0	0	0	0	
19	36	32467	0	36541	0	0	0	0	0	0	
20	34	32499	0	34742	0	0	0	0	0	0	
21	32	32531	0	32399	0	0	0	0	0	0	
22	34	32563	0	34951	0	0	0	0	0	0	
23	36	32595	0	36217	0	0	0	0	0	0	
24	33	32627	0	33461	0	0	0	0	0	0	
25	34	32659	0	34357	0	0	0	0	0	0	
26	32	32692	0	32585	0	0	0	0	0	0	
27	32	32743	0	32546	0	0	0	0	0	0	
28	33	33136	0	33794	0	0	0	0	0	0	
29	36	34251	0	36488	0	0	0	0	0	0	
30	34	35366	0	34221	0	0	0	0	0	0	
31	40	38723	0	40376	0	0	0	0	0	0	
32	44	45310	0	44924	0	0	0	0	0	0	
33	61	58604	0	61651	0	0	0	0	0	0	
34	71	65552	0	71201	0	0	0	0	0	0	
35	75	68662	0	75992	0	0	0	0	0	0	
36	76	70062	0	76717	0	0	0	0	0	0	
37	75	71196	0	75076	0	0	0	0	0	0	
38	78	71703	0	78591	0	0	0	0	0	0	
39	78	71811	0	78502	0	0	0	0	0	0	
40	75	71938	0	75041	0	0	0	0	0	0	
41	78	72046	0	78201	0	0	0	0	0	0	
42	76	72078	0	76898	0	0	0	0	0	0	
43	75	72110	0	75887	0	0	0	0	0	0	
44	75	72142	0	75729	0	0	0	0	0	0	
45	77	72174	0	77835	0	0	0	0	0	0	
46	73	72206	0	73661	0	0	0	0	0	0	
47	75	72238	0	75009	0	0	0	0	0	0	
48	77	72270	0	77760	0	0	0	0	0	0	
49	77	72302	0	77786	0	0	0	0	0	0	
50	80	72334	0	80161	0	0	0	0	0	0	
