#input	time	ios	pfs	timems	pbo	dbo	ibo	pbu	ndo	ars	
0	0	10	0	24	0	0	0	0	0	0	
1	0	108	0	429	0	0	0	0	0	0	
2	1	458	0	1517	0	1	1	1	0	0	
3	0	98	0	385	0	0	0	0	0	0	
4	0	98	0	379	0	0	0	0	0	0	
5	8	2201	0	8947	1	1	0	2	0	0	
6	0	564	0	995	0	1	0	0	0	0	
7	0	472	0	936	0	1	0	0	0	0	
8	1	1792	0	1745	0	2	0	0	0	0	
9	0	98	0	334	0	0	0	0	0	0	
10	18	9255	0	18524	2	1	3	6	1	0	
11	2	2291	0	2206	0	3	0	0	0	0	
12	1	1441	0	1462	0	2	0	0	0	0	
13	1	1698	0	1720	0	2	0	0	0	0	
14	2	2517	0	2178	0	3	0	0	0	0	
15	0	693	0	975	0	1	0	0	0	0	
16	5	3749	0	5752	0	4	0	2	0	0	
17	1	1525	0	1447	0	2	0	0	0	0	
18	4	3256	0	4892	0	3	0	2	0	0	
19	1	2216	0	1588	0	2	0	0	0	0	
20	0	98	0	307	0	0	0	0	0	0	
21	53	30601	0	53847	5	2	10	14	3	0	
22	5	3979	0	5622	0	5	0	1	0	0	
23	0	916	0	918	0	1	0	0	0	0	
24	5	3099	0	5040	0	4	0	1	0	0	
25	2	3251	0	2669	0	4	0	0	0	0	
26	2	3336	0	2544	0	3	0	0	0	0	
27	2	3866	0	2655	0	4	0	0	0	0	
28	1	1457	0	1412	0	2	0	0	0	0	
29	5	5857	0	5846	0	6	0	1	0	0	
30	1	2045	0	1759	0	2	0	0	0	0	
31	3	4659	0	3178	0	5	0	0	0	0	
32	5	3198	0	5775	1	4	1	1	0	0	
33	12	8608	0	12544	0	7	1	4	0	0	
34	0	1100	0	884	0	1	0	0	0	0	
35	2	3552	0	2474	0	4	0	0	0	0	
36	2	3894	0	2904	0	5	0	0	0	0	
37	1	2378	0	1591	0	2	0	0	0	0	
38	2	3913	0	2801	0	5	0	0	0	0	
39	0	1373	0	964	0	1	0	0	0	0	
40	2	4030	0	2586	0	3	0	0	0	0	
41	1	1591	0	1019	0	1	0	0	0	0	
42	164	90091	0	164723	11	2	32	50	10	0	
43	4	4845	0	4363	0	6	0	0	0	0	
44	2	3039	0	2542	0	4	0	0	0	0	
45	3	4274	0	3478	0	6	0	0	0	0	
46	12	7749	0	12695	0	6	1	4	0	0	
47	2	3672	0	2650	0	4	0	0	0	0	
48	3	5134	0	3647	0	6	0	0	0	0	
49	2	2935	0	2487	0	3	0	0	0	0	
50	12	10756	0	12569	0	9	1	3	0	0	
51	4	5404	0	4482	0	8	0	0	0	0	
52	0	1187	0	956	0	1	0	0	0	0	
53	3	4496	0	3256	0	5	0	0	0	0	
54	4	5692	0	4275	0	7	0	0	0	0	
55	2	3617	0	2637	0	4	0	0	0	0	
56	3	5321	0	3610	0	6	0	0	0	0	
57	8	6200	0	8389	0	6	0	2	0	0	
58	3	4966	0	3770	0	6	0	0	0	0	
59	3	3944	0	3244	0	5	0	0	0	0	
60	3	4691	0	3557	0	5	0	0	0	0	
61	3	5092	0	3974	0	6	0	0	0	0	
62	1	1981	0	1682	0	2	0	0	0	0	
63	3	4637	0	3536	0	5	0	0	0	0	
64	7	6797	0	7038	0	8	0	1	0	0	
65	3	5310	0	3771	0	6	0	0	0	0	
66	1	2215	0	1652	0	2	0	0	0	0	
67	24	15802	0	24318	0	8	0	8	0	0	
68	5	7899	0	5494	0	8	0	0	0	0	
69	2	3570	0	2405	0	3	0	0	0	0	
70	4	6241	0	4888	0	6	0	0	0	0	
71	6	7463	0	6054	0	8	1	1	0	0	
72	3	5547	0	3800	0	6	0	0	0	0	
73	1	1466	0	1512	0	1	0	0	0	0	
74	4	7349	0	4504	0	7	0	0	0	0	
75	4	6444	0	4057	0	6	0	0	0	0	
76	8	6005	0	8988	0	4	0	5	0	0	
77	16	9850	0	16237	0	7	0	4	0	0	
78	3	5211	0	3388	0	5	0	0	0	0	
79	1	2655	0	1764	0	2	0	0	0	0	
80	3	6211	0	3829	0	6	0	0	0	0	
81	2	4474	0	2705	0	4	0	0	0	0	
82	2	3540	0	2275	0	3	0	0	0	0	
83	0	1359	0	971	0	1	0	0	0	0	
84	335	206284	0	335773	18	3	99	77	17	0	
85	3	4726	0	3051	0	5	0	0	0	0	
86	3	5179	0	3847	0	7	0	0	0	0	
87	18	11305	0	18192	1	10	2	6	0	0	
88	6	7015	0	6970	0	9	0	1	0	0	
89	5	7357	0	5610	0	9	0	0	0	0	
90	2	2542	0	2144	0	3	0	0	0	0	
91	4	4389	0	4287	0	5	0	0	0	0	
92	7	8314	0	7235	0	11	0	0	0	0	
93	6	5930	0	6342	0	5	0	1	0	0	
94	18	10458	0	18044	0	7	0	5	0	0	
95	5	7208	0	5387	0	9	0	0	0	0	
96	4	5527	0	4189	0	7	0	0	0	0	
97	5	7857	0	5824	0	11	0	0	0	0	
98	12	10429	0	12611	1	12	1	1	0	0	
99	3	4293	0	3396	0	5	0	0	0	0	
100	7	8000	0	7188	0	7	0	1	0	0	
101	6	9245	0	6867	0	11	0	0	0	0	
102	3	4517	0	3071	0	5	0	0	0	0	
103	2	1610	0	2084	0	2	0	0	0	0	
104	15	12949	0	15240	0	9	0	3	0	0	
105	5	7852	0	5761	0	10	0	0	0	0	
106	3	3991	0	3340	0	4	0	0	0	0	
107	8	9375	0	8507	0	12	1	1	0	0	
108	9	9905	0	9321	0	13	0	2	0	0	
109	4	5488	0	4907	0	6	0	0	0	0	
110	3	5304	0	3765	0	6	0	0	0	0	
111	6	9006	0	6271	0	11	0	0	0	0	
112	5	7476	0	5828	0	10	0	0	0	0	
113	4	4793	0	4521	0	5	0	0	0	0	
114	7	8620	0	7546	0	11	0	0	0	0	
115	6	6403	0	6164	0	8	0	0	0	0	
116	3	5167	0	3820	0	6	0	0	0	0	
117	11	11660	0	11507	0	12	1	3	0	0	
118	3	4503	0	3134	0	5	0	0	0	0	
119	5	6229	0	5178	0	7	0	0	0	0	
120	13	9071	0	13442	0	8	0	3	0	0	
121	7	9010	0	7807	0	11	0	0	0	0	
122	3	4700	0	3874	0	5	0	0	0	0	
123	5	7672	0	5024	0	9	0	0	0	0	
124	3	4385	0	3343	0	5	0	0	0	0	
125	7	9344	0	7486	0	12	1	1	0	0	
126	4	6010	0	4469	0	7	0	0	0	0	
127	8	10195	0	8229	0	12	0	0	0	0	
128	5	6584	0	5800	0	8	0	1	0	0	
129	4	6242	0	4200	0	7	0	0	0	0	
130	4	6397	0	4502	0	8	0	0	0	0	
131	5	8309	0	5833	0	9	0	0	0	0	
132	6	9045	0	6659	0	10	0	0	0	0	
133	2	3185	0	2002	0	3	0	0	0	0	
134	6	9929	0	6799	0	11	0	0	0	0	
135	4	6608	0	4309	0	8	0	0	0	0	
136	40	22946	0	40409	0	7	0	12	0	0	
137	3	5734	0	3419	0	5	0	0	0	0	
138	6	10187	0	6448	0	11	0	0	0	0	
139	2	4450	0	2643	0	4	0	0	0	0	
140	21	17923	0	21586	0	14	0	5	0	0	
141	8	10688	0	8197	0	11	0	0	0	0	
142	5	9708	0	5844	0	10	0	0	0	0	
143	5	7009	0	5574	0	6	0	0	0	0	
144	7	9848	0	7228	0	10	0	0	0	0	
145	3	4411	0	3572	0	5	0	0	0	0	
146	4	7095	0	4877	0	7	0	0	0	0	
147	3	6591	0	3912	0	7	0	0	0	0	
148	6	10062	0	6388	0	10	0	0	0	0	
149	3	5652	0	3637	0	5	0	0	0	0	
150	7	10607	0	7176	0	11	0	0	0	0	
151	3	5691	0	3505	0	5	0	0	0	0	
152	5	9594	0	5212	0	10	0	0	0	0	
153	4	8589	0	4789	0	8	0	0	0	0	
154	5	10125	0	5717	0	11	0	0	0	0	
155	1	2773	0	1531	0	2	0	0	0	0	
156	19	14998	0	19416	0	10	2	6	0	0	
157	3	6544	0	3980	0	6	0	0	0	0	
158	4	8144	0	4284	0	8	0	0	0	0	
159	2	3952	0	2882	0	3	0	0	0	0	
160	3	6591	0	3399	0	6	0	0	0	0	
161	51	27758	0	51511	1	10	1	20	0	0	
162	29	19376	0	29708	1	9	1	11	0	0	
163	2	4530	0	2305	0	4	0	0	0	0	
164	2	5368	0	2777	0	5	0	0	0	0	
165	2	5314	0	2765	0	5	0	0	0	0	
166	0	1350	0	853	0	1	0	0	0	0	
167	1	3629	0	1907	0	3	0	0	0	0	
168	0	1376	0	808	0	1	0	0	0	0	
169	791	513698	0	791880	33	15	317	163	32	0	
170	2	3696	0	2370	0	4	0	0	0	0	
171	4	6456	0	4858	0	8	0	0	0	0	
172	13	12349	0	13157	0	12	0	3	0	0	
173	3	5228	0	3614	0	7	0	0	0	0	
174	36	19323	0	36487	0	7	0	11	0	0	
175	9	10637	0	9732	0	14	0	1	0	0	
176	7	8141	0	7164	0	10	0	0	0	0	
177	3	5084	0	3375	0	6	0	0	0	0	
178	8	10691	0	8435	0	14	0	0	0	0	
179	7	9958	0	7638	0	13	0	0	0	0	
180	7	8824	0	7244	0	11	0	0	0	0	
181	1	2547	0	1674	0	2	0	0	0	0	
182	6	9274	0	6957	0	12	0	0	0	0	
183	7	10185	0	7634	0	13	0	0	0	0	
184	6	8995	0	6607	0	11	0	0	0	0	
185	5	6968	0	5443	0	9	0	1	0	0	
186	33	21957	0	33282	0	16	2	10	0	0	
187	6	9724	0	6835	0	13	1	1	0	0	
188	2	4436	0	2894	0	5	0	0	0	0	
189	8	8912	0	8394	0	12	0	0	0	0	
190	8	10993	0	8280	0	14	0	0	0	0	
191	3	6066	0	3796	0	7	0	0	0	0	
192	4	5804	0	4231	0	7	0	0	0	0	
193	7	9709	0	7788	0	13	0	0	0	0	
194	5	6788	0	5745	0	8	0	0	0	0	
195	7	10382	0	7847	0	13	0	0	0	0	
196	3	4617	0	3047	0	5	0	0	0	0	
197	9	12409	0	9810	0	17	0	1	0	0	
198	7	10376	0	7785	0	13	0	0	0	0	
199	7	9052	0	7743	0	11	0	0	0	0	
200	2	3713	0	2491	0	4	0	0	0	0	
201	2	3463	0	2198	0	4	0	0	0	0	
202	6	8227	0	6077	0	10	0	0	0	0	
203	8	10844	0	8195	0	14	0	0	0	0	
204	5	4366	0	5022	0	5	0	0	0	0	
205	3	5821	0	3943	0	7	0	0	0	0	
206	8	9801	0	8814	0	12	0	0	0	0	
207	7	8757	0	7018	0	11	0	0	0	0	
208	17	11314	0	17834	0	9	1	4	0	0	
209	7	11750	0	7709	0	15	0	0	0	0	
210	8	11852	0	8416	0	14	0	0	0	0	
211	5	6073	0	5496	0	7	0	0	0	0	
212	7	10134	0	7412	0	12	0	0	0	0	
213	13	11926	0	13350	0	16	0	1	0	0	
214	8	10443	0	8483	0	13	0	0	0	0	
215	7	7727	0	7559	0	8	0	1	0	0	
216	7	10289	0	7970	0	12	0	0	0	0	
217	4	7289	0	4910	0	8	0	0	0	0	
218	7	9849	0	7158	0	12	0	0	0	0	
219	3	4616	0	3184	0	5	0	0	0	0	
220	8	9123	0	8006	0	11	0	1	0	0	
221	7	9542	0	7693	0	12	0	0	0	0	
222	6	10101	0	6984	0	11	0	0	0	0	
223	4	5000	0	4140	0	5	0	0	0	0	
224	9	11030	0	9577	0	14	0	0	0	0	
225	8	11949	0	8234	0	14	0	0	0	0	
226	4	6994	0	4418	0	8	0	0	0	0	
227	5	8075	0	5820	0	9	0	0	0	0	
228	22	17441	0	22683	1	16	1	5	0	0	
229	9	12743	0	9117	0	14	0	0	0	0	
230	3	2216	0	3583	0	2	0	0	0	0	
231	7	11494	0	7707	0	13	0	0	0	0	
232	9	10800	0	9596	0	12	0	0	0	0	
233	7	9970	0	7259	0	11	0	0	0	0	
234	5	6384	0	5377	0	7	0	0	0	0	
235	10	12343	0	10234	0	14	0	0	0	0	
236	6	9428	0	6382	0	11	0	0	0	0	
237	51	32083	0	51075	1	17	2	16	0	0	
238	5	7836	0	5869	0	9	0	1	0	0	
239	7	10385	0	7567	0	12	0	0	0	0	
240	10	13166	0	10001	0	16	0	0	0	0	
241	6	8356	0	6325	0	9	0	0	0	0	
242	5	5949	0	5360	0	8	0	0	0	0	
243	4	6561	0	4577	0	8	0	0	0	0	
244	9	12241	0	9598	0	14	0	0	0	0	
245	7	9493	0	7329	0	11	0	0	0	0	
246	2	3598	0	2391	0	4	0	0	0	0	
247	7	9904	0	7427	0	12	0	0	0	0	
248	8	9974	0	8268	0	11	0	0	0	0	
249	6	7035	0	6053	0	8	0	0	0	0	
250	9	11274	0	9198	0	13	0	2	0	0	
251	5	8443	0	5704	0	10	0	0	0	0	
252	10	12564	0	10833	0	14	0	0	0	0	
253	6	7390	0	6464	0	8	0	0	0	0	
254	8	9534	0	8101	0	10	0	1	0	0	
255	7	8759	0	7092	0	10	0	0	0	0	
256	4	6120	0	4705	0	6	0	0	0	0	
257	3	6353	0	3959	0	7	0	0	0	0	
258	7	10101	0	7230	0	11	0	0	0	0	
259	18	18146	0	18908	0	16	2	4	0	0	
260	5	5938	0	5559	0	7	0	0	0	0	
261	8	11222	0	8254	0	13	0	0	0	0	
262	10	13689	0	10635	0	16	0	0	0	0	
263	7	12036	0	7752	0	13	0	0	0	0	
264	6	7969	0	6616	0	9	0	1	0	0	
265	8	12401	0	8655	0	14	0	0	0	0	
266	14	15376	0	14275	0	13	0	2	0	0	
267	8	12119	0	8447	0	14	0	0	0	0	
268	1	2244	0	1435	0	2	0	0	0	0	
269	20	16269	0	20694	0	14	1	8	0	0	
270	9	12377	0	9546	0	14	0	0	0	0	
271	5	7408	0	5624	0	8	0	0	0	0	
272	5	8089	0	5054	0	9	0	0	0	0	
273	6	10048	0	6732	0	11	0	0	0	0	
274	14	15170	0	14326	0	17	1	3	0	0	
275	10	8362	0	10958	1	9	1	1	0	0	
276	5	8077	0	5252	0	9	0	0	0	0	
277	6	9873	0	6681	0	11	0	0	0	0	
278	5	9835	0	5734	0	11	0	0	0	0	
279	3	6116	0	3674	0	7	0	0	0	0	
280	7	8117	0	7240	0	9	0	0	0	0	
281	48	32552	0	48966	0	9	2	17	0	0	
282	9	11802	0	9964	0	13	0	1	0	0	
283	7	8548	0	7615	0	8	0	1	0	0	
284	20	18521	0	20253	0	14	0	4	0	0	
285	10	12372	0	10372	0	14	0	0	0	0	
286	3	4964	0	3489	0	5	0	0	0	0	
287	18	15938	0	18231	0	14	0	3	0	0	
288	6	7094	0	6954	0	8	0	0	0	0	
289	8	12031	0	8366	0	14	0	0	0	0	
290	8	11275	0	8954	0	12	0	0	0	0	
291	10	11165	0	10082	0	12	0	0	0	0	
292	3	6606	0	3816	0	7	0	0	0	0	
293	12	12628	0	12008	0	12	0	3	0	0	
294	6	7606	0	6119	0	8	0	0	0	0	
295	9	11464	0	9195	0	13	0	0	0	0	
296	3	6489	0	3595	0	7	0	0	0	0	
297	7	9750	0	7103	0	10	0	0	0	0	
298	7	11419	0	7299	0	12	0	0	0	0	
299	11	13395	0	11551	0	15	0	3	0	0	
300	6	11613	0	6780	0	13	0	0	0	0	
301	4	7299	0	4993	0	8	0	0	0	0	
302	7	10201	0	7000	0	10	0	0	0	0	
303	6	10935	0	6830	0	12	0	0	0	0	
304	7	11888	0	7402	0	13	0	0	0	0	
305	5	7011	0	5457	0	8	0	0	0	0	
306	6	8895	0	6198	0	10	0	0	0	0	
307	4	7519	0	4882	0	8	0	0	0	0	
308	6	10986	0	6422	0	12	0	0	0	0	
309	8	13608	0	8098	0	14	0	0	0	0	
310	2	5300	0	2857	0	5	0	0	0	0	
311	7	10801	0	7291	0	12	0	0	0	0	
312	7	12341	0	7564	0	13	0	0	0	0	
313	6	10853	0	6016	0	12	0	0	0	0	
314	3	7592	0	3902	0	7	0	0	0	0	
315	4	8762	0	4746	0	10	0	0	0	0	
316	26	21097	0	26916	2	13	1	7	2	0	
317	6	9704	0	6677	0	10	0	0	0	0	
318	3	6919	0	3664	0	7	0	0	0	0	
319	4	6970	0	4873	0	7	0	0	0	0	
320	15	14874	0	15681	0	12	0	3	0	0	
321	30	20363	0	30269	0	11	1	12	0	0	
322	5	8640	0	5623	0	8	0	0	0	0	
323	5	6545	0	5112	0	7	0	0	0	0	
324	20	16365	0	20721	0	9	0	6	0	0	
325	5	9188	0	5276	0	9	0	0	0	0	
326	6	10792	0	6022	0	11	0	0	0	0	
327	3	3781	0	3346	0	3	0	0	0	0	
328	3	5999	0	3444	0	6	0	0	0	0	
329	4	7357	0	4813	0	7	0	0	0	0	
330	42	28134	0	42001	0	8	2	15	0	0	
331	4	9218	0	4454	0	9	0	0	0	0	
332	1	2686	0	1392	0	2	0	0	0	0	
333	30	18054	0	30323	1	7	1	12	0	0	
334	3	7288	0	3427	0	7	0	0	0	0	
335	1	3515	0	1817	0	3	0	0	0	0	
336	1	3497	0	1941	0	3	0	0	0	0	
337	0	1326	0	822	0	1	0	0	0	0	
338	1766	1120914	0	1766046	76	7	788	304	75	0	
339	4	8744	0	4890	0	10	0	0	0	0	
340	4	7098	0	4258	0	8	0	0	0	0	
341	4	7669	0	4192	0	8	0	0	0	0	
342	31	24872	0	31127	0	17	3	11	0	0	
343	20	15659	0	20335	0	12	0	7	0	0	
344	7	12254	0	7749	0	14	0	0	0	0	
345	5	7353	0	5457	0	9	0	0	0	0	
346	3	5129	0	3390	0	5	0	0	0	0	
347	5	8202	0	5036	0	9	0	0	0	0	
348	6	8190	0	6034	0	9	0	0	0	0	
349	134	70061	0	134544	1	18	1	46	0	0	
350	6	6314	0	6257	0	9	0	1	0	0	
351	6	10891	0	6667	0	15	0	0	0	0	
352	5	8799	0	5295	0	12	0	0	0	0	
353	10	12117	0	10698	0	16	0	0	0	0	
354	3	5833	0	3909	0	8	0	0	0	0	
355	5	10294	0	5520	0	14	0	0	0	0	
356	4	8177	0	4403	0	11	0	0	0	0	
357	5	9472	0	5569	0	13	0	0	0	0	
358	5	8193	0	5622	0	11	0	0	0	0	
359	3	5425	0	3497	0	7	0	0	0	0	
360	4	7609	0	4097	0	10	0	0	0	0	
361	8	11113	0	8402	0	15	0	1	0	0	
362	6	9794	0	6401	0	14	0	0	0	0	
363	1	2211	0	1223	0	2	0	0	0	0	
364	4	7627	0	4623	0	11	0	0	0	0	
365	4	8232	0	4512	0	11	0	0	0	0	
366	5	10558	0	5984	0	14	0	0	0	0	
367	4	6740	0	4757	0	9	0	0	0	0	
368	5	9071	0	5945	0	13	0	0	0	0	
369	11	10876	0	11755	0	11	0	3	0	0	
370	6	9559	0	6043	0	13	0	0	0	0	
371	5	9594	0	5659	0	13	0	0	0	0	
372	4	6007	0	4300	0	8	0	0	0	0	
373	6	10037	0	6438	0	14	0	0	0	0	
374	6	9722	0	6375	0	13	0	0	0	0	
375	4	7554	0	4233	0	10	0	0	0	0	
376	3	6185	0	3488	0	8	0	0	0	0	
377	4	5518	0	4077	0	8	0	0	0	0	
378	5	8863	0	5559	0	12	0	0	0	0	
379	6	9974	0	6522	0	14	0	0	0	0	
380	2	5596	0	2954	0	7	0	0	0	0	
381	3	7203	0	3688	0	9	0	0	0	0	
382	4	8450	0	4698	0	12	0	0	0	0	
383	3	7498	0	3921	0	10	0	0	0	0	
384	5	8819	0	5312	0	12	0	0	0	0	
385	3	4661	0	3045	0	6	0	0	0	0	
386	4	8057	0	4682	0	11	0	0	0	0	
387	2	5522	0	2874	0	7	0	0	0	0	
388	4	6959	0	4297	0	10	0	0	0	0	
389	2	5562	0	2902	0	7	0	0	0	0	
390	4	7880	0	4100	0	11	0	0	0	0	
391	3	6342	0	3668	0	9	0	0	0	0	
392	3	7325	0	3823	0	10	0	0	0	0	
393	2	5486	0	2877	0	7	0	0	0	0	
394	2	3946	0	2261	0	5	0	0	0	0	
395	3	5883	0	3205	0	8	0	0	0	0	
396	2	5230	0	2737	0	7	0	0	0	0	
397	1	3182	0	1725	0	4	0	0	0	0	
398	1	1994	0	1103	0	2	0	0	0	0	
399	0	99	0	275	0	0	0	0	0	0	
