#input	time	ios	pfs	timems	
16	0	241066	1	284	
32	0	242093	3	564	
48	0	243120	3	847	
64	1	244148	3	1127	
80	1	245175	3	1410	
96	1	246202	3	1699	
112	1	247230	3	1983	
128	2	248257	3	2262	
144	2	249284	3	2679	
160	2	250312	3	2960	
176	3	251339	4	3243	
192	3	252366	5	3524	
208	3	253394	5	3806	
224	4	254421	5	4087	
240	4	255448	5	4370	
256	4	256476	5	4650	
272	4	257503	5	4934	
288	5	258530	5	5213	
304	5	259558	5	5496	
320	5	260585	5	5777	
336	6	261612	5	6060	
352	6	262640	5	6340	
368	6	263667	5	6623	
384	6	264694	5	6904	
400	7	265722	5	7188	
416	7	266749	5	7468	
432	7	267776	5	7833	
448	8	268803	5	8114	
464	8	269831	5	8397	
480	8	270858	5	8678	
496	8	271885	5	8961	
512	9	272913	5	9241	
528	9	273940	5	9524	
544	9	274967	6	9805	
560	10	275995	6	10088	
576	10	277022	6	10369	
592	10	278049	6	10651	
608	10	279077	6	10931	
624	11	280104	6	11215	
640	11	281131	6	11494	
656	11	282159	6	11783	
672	12	283186	6	12066	
688	12	284213	6	12346	
704	12	285241	6	12630	
720	13	286268	7	13002	
736	13	287295	7	13285	
752	13	288323	7	13565	
768	13	289351	7	13848	
784	14	290379	7	14129	
800	14	291408	7	14412	
816	14	292436	7	14693	
832	14	293464	7	14975	
848	15	294492	7	15256	
864	15	295521	7	15539	
880	15	296549	7	15819	
896	16	297577	7	16103	
912	16	298606	7	16382	
928	16	299634	7	16665	
944	16	300662	7	16946	
960	17	301691	7	17229	
976	17	302719	7	17509	
992	17	303747	7	17790	
1008	18	304776	7	18156	
1024	18	305804	7	18437	
