#input	time	ios	pfs	timems	
16	0	241066	4	89	
32	0	242093	6	198	
48	0	243120	6	299	
64	0	244148	6	403	
80	1	245175	6	1426	
96	1	246202	6	1519	
112	1	247230	6	1613	
128	1	248257	6	1830	
144	2	249284	6	2062	
160	2	250312	6	2887	
176	2	251339	7	2981	
192	3	252366	8	3081	
208	3	253394	8	3242	
224	3	254421	8	3923	
240	4	255448	8	4021	
256	4	256476	8	4186	
272	4	257503	8	4867	
288	5	258530	8	5062	
304	5	259558	8	5759	
320	5	260585	8	5860	
336	5	261612	8	5957	
352	6	262640	8	6554	
368	6	263667	8	6660	
384	7	264694	8	7250	
400	7	265722	8	7351	
416	8	266749	8	8128	
432	8	267776	8	8227	
448	8	268803	8	8729	
464	8	269831	8	8833	
480	9	270858	8	9622	
496	9	271885	8	9722	
512	10	272913	8	10242	
528	10	273940	8	10342	
544	11	274967	9	11162	
560	11	275995	9	11258	
576	11	277022	9	11998	
592	12	278049	9	12097	
608	12	279077	9	12567	
624	12	280104	9	12667	
640	13	281131	9	13454	
656	13	282159	9	13560	
672	14	283186	9	14360	
688	14	284213	9	14461	
704	14	285241	9	14895	
720	14	286268	10	14996	
736	15	287295	10	15524	
752	15	288323	10	15629	
768	16	289351	10	16891	
784	16	290379	10	16986	
800	17	291408	10	17325	
816	17	292436	10	17424	
832	17	293464	10	17983	
848	18	294492	10	18086	
864	18	295521	10	18834	
880	18	296549	10	18933	
896	19	297577	10	19417	
912	19	298606	10	19518	
928	20	299634	10	20051	
944	20	300662	10	20154	
960	20	301691	10	20901	
976	21	302719	10	21001	
992	21	303747	10	21572	
1008	21	304776	10	21669	
1024	22	305804	10	22314	
