#input	time	ios	pfs	timems	
16	0	69886	3	336	
32	0	73985	5	671	
48	1	78084	5	1023	
64	1	82184	5	1367	
80	1	86283	5	1710	
96	2	90382	5	2055	
112	2	94482	5	2399	
128	2	98581	5	2740	
144	3	102680	5	3256	
160	3	106780	5	3789	
176	4	110879	5	4127	
192	4	114978	5	4666	
208	5	119078	5	5009	
224	5	123177	5	5355	
240	5	127276	5	5697	
256	6	131376	5	6039	
272	6	135475	6	6386	
288	6	139574	6	6728	
304	7	143674	7	7070	
320	7	147773	7	7416	
336	7	151872	7	7764	
352	8	155972	7	8155	
368	8	160071	7	8574	
384	8	164170	7	8930	
400	9	168270	7	9275	
416	9	172369	7	9975	
432	10	176468	7	10325	
448	10	180567	7	10673	
464	11	184667	7	11026	
480	11	188766	7	11374	
496	11	192865	7	11938	
512	12	196965	7	12292	
528	12	201064	7	12641	
544	13	205163	7	13239	
560	13	209263	7	13622	
576	13	213362	7	13977	
592	14	217461	7	14324	
608	14	221561	7	14951	
624	15	225660	7	15299	
640	15	229759	8	15652	
656	16	233859	8	16002	
672	16	237958	8	16542	
688	16	242057	8	16898	
704	17	246157	8	17250	
720	17	250256	8	17599	
736	18	254355	8	18089	
752	18	258455	8	18441	
768	18	262555	8	18789	
784	19	266655	8	19603	
800	19	270756	8	19946	
816	20	274856	8	20296	
832	20	278956	8	20650	
848	20	283056	8	20998	
864	21	287157	9	21348	
880	21	291257	9	21782	
896	22	295357	9	22131	
912	22	299458	9	22482	
928	23	303558	9	23090	
944	23	307658	9	23437	
960	23	311759	9	23787	
976	24	315859	9	24148	
992	24	319959	9	24497	
1008	25	324060	9	25189	
1024	25	328160	9	25540	
