#input	time	ios	pfs	timems	
16	0	1024	4095	121	
32	0	2051	8193	242	
48	0	3078	12289	375	
64	0	4106	16385	626	
80	1	5133	20481	1058	
96	1	6160	24577	1229	
112	1	7188	28673	1732	
128	1	8215	32769	1863	
144	2	9242	36865	2231	
160	2	10270	40961	2433	
176	2	11297	45058	2884	
192	3	12324	49154	3021	
208	3	13352	53251	3564	
224	3	14379	57347	3696	
240	4	15406	61443	4052	
256	4	16434	65539	4256	
272	4	17461	69635	4696	
288	4	18488	73731	4832	
304	5	19516	77827	5367	
320	5	20543	81923	5497	
336	6	21570	86019	6052	
352	6	22598	90115	6272	
368	6	23625	94211	6633	
384	6	24652	98307	6767	
400	7	25680	102403	7261	
416	7	26707	106499	7401	
432	7	27734	110595	7941	
448	8	28761	114691	8076	
464	8	29789	118788	8565	
480	8	30816	122884	8708	
496	9	31843	126980	9108	
512	9	32871	131076	9254	
528	9	33898	135172	9790	
544	9	34925	139268	9934	
560	10	35953	143364	10312	
576	10	36980	147460	10556	
592	11	38007	151556	11242	
608	11	39035	155652	11389	
624	11	40062	159748	11746	
640	12	41089	163844	12089	
656	12	42117	167940	12236	
672	12	43144	172036	12761	
688	12	44172	176133	12901	
704	13	45201	180229	13266	
720	13	46229	184325	13408	
736	13	47257	188421	13896	
752	14	48286	192517	14059	
768	14	49314	196613	14569	
784	14	50342	200709	14712	
800	15	51371	204805	15073	
816	15	52399	208901	15409	
832	15	53427	212997	15544	
848	16	54455	217093	16216	
864	16	55484	221189	16358	
880	16	56512	225285	16734	
896	16	57540	229381	16880	
912	17	58569	233477	17391	
928	17	59597	237573	17532	
944	17	60625	241669	17879	
960	18	61654	245765	18021	
976	18	62682	249861	18507	
992	18	63710	253957	18655	
1008	19	64739	258053	19176	
1024	19	65767	262149	19318	
