#input	time	ios	pfs	timems	pbo	dbo	ibo	pbu	ndo	ars	
1	0	98	0	188	0	0	0	0	0	0	
2	0	196	0	418	0	0	0	0	0	0	
3	0	294	0	630	0	0	0	0	0	0	
4	0	392	0	898	0	0	0	0	0	0	
5	1	490	0	1020	0	0	0	0	0	0	
6	1	588	0	1371	0	0	0	0	0	0	
7	1	686	0	1505	0	0	0	0	0	0	
8	1	784	0	1648	0	0	0	0	0	0	
9	2	882	0	2111	0	0	0	0	0	0	
10	2	980	0	2251	0	0	0	0	0	0	
11	2	1078	0	2399	0	0	0	0	0	0	
12	2	1176	0	2551	0	0	0	0	0	0	
13	3	1274	0	3191	0	0	0	0	0	0	
14	3	1372	0	3327	0	0	0	0	0	0	
15	3	1470	0	3469	0	0	0	0	0	0	
16	3	1568	0	3616	0	0	0	0	0	0	
17	3	1666	0	3770	0	0	0	0	0	0	
18	3	1764	0	3926	0	0	0	0	0	0	
19	4	1862	0	4842	0	0	0	0	0	0	
20	4	1960	0	4989	0	0	0	0	0	0	
21	5	2058	0	5135	0	0	0	0	0	0	
22	5	2156	0	5286	0	0	0	0	0	0	
23	5	2254	0	5444	0	0	0	0	0	0	
24	5	2352	0	5605	0	0	0	0	0	0	
25	5	2450	0	5769	0	0	0	0	0	0	
26	5	2548	0	5935	0	0	0	0	0	0	
27	6	2646	0	6103	0	0	0	0	0	0	
28	7	2744	0	7402	0	0	0	0	0	0	
29	7	2842	0	7556	0	0	0	0	0	0	
30	7	2941	0	7710	0	0	0	0	0	0	
31	7	3039	0	7865	0	0	0	0	0	0	
32	8	3137	0	8023	0	0	0	0	0	0	
33	8	3235	0	8190	0	0	0	0	0	0	
34	8	3333	0	8358	0	0	0	0	0	0	
35	8	3431	0	8528	0	0	0	0	0	0	
36	8	3529	0	8700	0	0	0	0	0	0	
37	8	3627	0	8873	0	0	0	0	0	0	
38	9	3725	0	9047	0	0	0	0	0	0	
39	9	3823	0	9223	0	0	0	0	0	0	
40	9	3921	0	9400	0	0	0	0	0	0	
41	11	4019	0	11342	0	0	0	0	0	0	
42	11	4117	0	11501	0	0	0	0	0	0	
43	11	4215	0	11662	0	0	0	0	0	0	
44	11	4313	0	11823	0	0	0	0	0	0	
45	11	4411	0	11985	0	0	0	0	0	0	
46	12	4509	0	12157	0	0	0	0	0	0	
47	12	4607	0	12332	0	0	0	0	0	0	
48	12	4705	0	12507	0	0	0	0	0	0	
49	12	4803	0	12683	0	0	0	0	0	0	
50	12	4901	0	12861	0	0	0	0	0	0	
51	13	4999	0	13039	0	0	0	0	0	0	
52	13	5097	0	13219	0	0	0	0	0	0	
53	13	5195	0	13400	0	0	0	0	0	0	
54	13	5293	0	13582	0	0	0	0	0	0	
55	13	5391	0	13765	0	0	0	0	0	0	
56	13	5489	0	13949	0	0	0	0	0	0	
57	14	5587	0	14134	0	0	0	0	0	0	
58	14	5685	0	14321	0	0	0	0	0	0	
59	14	5784	0	14508	0	0	0	0	0	0	
60	14	5882	0	14696	0	0	0	0	0	0	
61	17	5980	0	17636	0	0	0	0	0	0	
62	17	6078	0	17812	0	0	0	0	0	0	
63	17	6176	0	17984	0	0	0	0	0	0	
64	18	6274	0	18155	0	0	0	0	0	0	
65	18	6372	0	18330	0	0	0	0	0	0	
66	18	6470	0	18512	0	0	0	0	0	0	
67	18	6568	0	18696	0	0	0	0	0	0	
68	18	6666	0	18880	0	0	0	0	0	0	
69	19	6764	0	19065	0	0	0	0	0	0	
70	19	6862	0	19251	0	0	0	0	0	0	
71	19	6960	0	19438	0	0	0	0	0	0	
72	19	7058	0	19626	0	0	0	0	0	0	
73	19	7156	0	19814	0	0	0	0	0	0	
74	20	7254	0	20003	0	0	0	0	0	0	
75	20	7352	0	20193	0	0	0	0	0	0	
76	20	7450	0	20383	0	0	0	0	0	0	
77	20	7548	0	20574	0	0	0	0	0	0	
78	20	7646	0	20766	0	0	0	0	0	0	
79	20	7744	0	20958	0	0	0	0	0	0	
80	21	7842	0	21152	0	0	0	0	0	0	
81	21	7940	0	21346	0	0	0	0	0	0	
82	21	8038	0	21541	0	0	0	0	0	0	
83	21	8136	0	21736	0	0	0	0	0	0	
84	21	8234	0	21932	0	0	0	0	0	0	
85	22	8332	0	22129	0	0	0	0	0	0	
86	22	8430	0	22326	0	0	0	0	0	0	
87	22	8528	0	22524	0	0	0	0	0	0	
88	22	8627	0	22723	0	0	0	0	0	0	
89	22	8725	0	22922	0	0	0	0	0	0	
90	23	8823	0	23122	0	0	0	0	0	0	
91	23	8921	0	23323	0	0	0	0	0	0	
92	27	9019	0	27701	0	0	0	0	0	0	
93	27	9117	0	27883	0	0	0	0	0	0	
94	28	9215	0	28066	0	0	0	0	0	0	
95	28	9313	0	28249	0	0	0	0	0	0	
96	28	9411	0	28437	0	0	0	0	0	0	
97	28	9509	0	28629	0	0	0	0	0	0	
98	28	9607	0	28821	0	0	0	0	0	0	
99	29	9705	0	29013	0	0	0	0	0	0	
100	29	9803	0	29207	0	0	0	0	0	0	
101	29	9901	0	29401	0	0	0	0	0	0	
102	29	9999	0	29595	0	0	0	0	0	0	
103	29	10097	0	29790	0	0	0	0	0	0	
104	29	10195	0	29986	0	0	0	0	0	0	
105	30	10293	0	30182	0	0	0	0	0	0	
106	30	10391	0	30379	0	0	0	0	0	0	
107	30	10489	0	30576	0	0	0	0	0	0	
108	30	10587	0	30774	0	0	0	0	0	0	
109	30	10685	0	30972	0	0	0	0	0	0	
110	31	10783	0	31171	0	0	0	0	0	0	
111	31	10881	0	31370	0	0	0	0	0	0	
112	31	10979	0	31570	0	0	0	0	0	0	
113	31	11077	0	31771	0	0	0	0	0	0	
114	31	11175	0	31971	0	0	0	0	0	0	
115	32	11273	0	32173	0	0	0	0	0	0	
116	32	11371	0	32375	0	0	0	0	0	0	
117	32	11470	0	32577	0	0	0	0	0	0	
118	32	11568	0	32779	0	0	0	0	0	0	
119	32	11666	0	32983	0	0	0	0	0	0	
120	33	11764	0	33187	0	0	0	0	0	0	
121	33	11862	0	33391	0	0	0	0	0	0	
122	33	11960	0	33596	0	0	0	0	0	0	
123	33	12058	0	33802	0	0	0	0	0	0	
124	34	12156	0	34007	0	0	0	0	0	0	
125	34	12254	0	34213	0	0	0	0	0	0	
126	34	12352	0	34420	0	0	0	0	0	0	
127	34	12450	0	34627	0	0	0	0	0	0	
128	34	12548	0	34834	0	0	0	0	0	0	
129	35	12646	0	35042	0	0	0	0	0	0	
130	35	12744	0	35251	0	0	0	0	0	0	
131	35	12842	0	35460	0	0	0	0	0	0	
132	35	12940	0	35669	0	0	0	0	0	0	
133	35	13038	0	35879	0	0	0	0	0	0	
134	36	13136	0	36089	0	0	0	0	0	0	
135	36	13234	0	36299	0	0	0	0	0	0	
136	36	13332	0	36510	0	0	0	0	0	0	
137	43	13430	0	43252	0	0	0	0	0	0	
138	43	13528	0	43450	0	0	0	0	0	0	
139	43	13626	0	43645	0	0	0	0	0	0	
140	43	13724	0	43848	0	0	0	0	0	0	
141	44	13822	0	44052	0	0	0	0	0	0	
142	44	13920	0	44256	0	0	0	0	0	0	
143	44	14018	0	44460	0	0	0	0	0	0	
144	44	14116	0	44665	0	0	0	0	0	0	
145	44	14214	0	44871	0	0	0	0	0	0	
146	45	14313	0	45076	0	0	0	0	0	0	
147	45	14411	0	45282	0	0	0	0	0	0	
148	45	14509	0	45488	0	0	0	0	0	0	
149	45	14607	0	45695	0	0	0	0	0	0	
150	45	14705	0	45903	0	0	0	0	0	0	
151	46	14803	0	46110	0	0	0	0	0	0	
152	46	14901	0	46318	0	0	0	0	0	0	
153	46	14999	0	46527	0	0	0	0	0	0	
154	46	15097	0	46735	0	0	0	0	0	0	
155	46	15195	0	46944	0	0	0	0	0	0	
156	47	15293	0	47154	0	0	0	0	0	0	
157	47	15391	0	47363	0	0	0	0	0	0	
158	47	15489	0	47574	0	0	0	0	0	0	
159	47	15587	0	47784	0	0	0	0	0	0	
160	47	15685	0	47995	0	0	0	0	0	0	
161	48	15783	0	48207	0	0	0	0	0	0	
162	48	15881	0	48418	0	0	0	0	0	0	
163	48	15979	0	48631	0	0	0	0	0	0	
164	48	16077	0	48843	0	0	0	0	0	0	
165	49	16175	0	49056	0	0	0	0	0	0	
166	49	16273	0	49270	0	0	0	0	0	0	
167	49	16371	0	49483	0	0	0	0	0	0	
168	49	16469	0	49697	0	0	0	0	0	0	
169	49	16567	0	49911	0	0	0	0	0	0	
170	50	16665	0	50126	0	0	0	0	0	0	
171	50	16763	0	50340	0	0	0	0	0	0	
172	50	16861	0	50555	0	0	0	0	0	0	
173	50	16959	0	50771	0	0	0	0	0	0	
174	50	17057	0	50987	0	0	0	0	0	0	
175	51	17156	0	51203	0	0	0	0	0	0	
176	51	17254	0	51420	0	0	0	0	0	0	
177	51	17352	0	51637	0	0	0	0	0	0	
178	51	17450	0	51854	0	0	0	0	0	0	
179	52	17548	0	52072	0	0	0	0	0	0	
180	52	17646	0	52290	0	0	0	0	0	0	
181	52	17744	0	52508	0	0	0	0	0	0	
182	52	17842	0	52726	0	0	0	0	0	0	
183	52	17940	0	52945	0	0	0	0	0	0	
184	53	18038	0	53164	0	0	0	0	0	0	
185	53	18136	0	53384	0	0	0	0	0	0	
186	53	18234	0	53604	0	0	0	0	0	0	
187	53	18332	0	53824	0	0	0	0	0	0	
188	54	18430	0	54046	0	0	0	0	0	0	
189	54	18528	0	54267	0	0	0	0	0	0	
190	54	18626	0	54488	0	0	0	0	0	0	
191	54	18724	0	54709	0	0	0	0	0	0	
192	54	18822	0	54930	0	0	0	0	0	0	
193	55	18920	0	55153	0	0	0	0	0	0	
194	55	19018	0	55375	0	0	0	0	0	0	
195	55	19116	0	55597	0	0	0	0	0	0	
196	55	19214	0	55820	0	0	0	0	0	0	
197	56	19312	0	56042	0	0	0	0	0	0	
198	56	19410	0	56266	0	0	0	0	0	0	
199	56	19508	0	56490	0	0	0	0	0	0	
200	56	19606	0	56713	0	0	0	0	0	0	
201	56	19704	0	56937	0	0	0	0	0	0	
202	57	19802	0	57162	0	0	0	0	0	0	
203	57	19900	0	57387	0	0	0	0	0	0	
204	57	19999	0	57611	0	0	0	0	0	0	
205	57	20097	0	57837	0	0	0	0	0	0	
206	278	20195	79285	278128	0	0	0	0	0	0	
207	278	20293	79801	278930	0	0	0	0	0	0	
208	279	20391	79942	279415	0	0	0	0	0	0	
209	279	20489	79942	279650	0	0	0	0	0	0	
210	279	20587	79942	279884	0	0	0	0	0	0	
211	280	20685	79942	280118	0	0	0	0	0	0	
212	280	20783	79942	280352	0	0	0	0	0	0	
213	280	20881	79942	280587	0	0	0	0	0	0	
214	280	20979	79942	280821	0	0	0	0	0	0	
215	281	21077	79942	281055	0	0	0	0	0	0	
216	281	21175	79942	281291	0	0	0	0	0	0	
217	281	21273	79942	281526	0	0	0	0	0	0	
218	281	21371	79942	281762	0	0	0	0	0	0	
219	281	21469	79942	281997	0	0	0	0	0	0	
220	282	21567	79942	282234	0	0	0	0	0	0	
221	282	21665	79942	282470	0	0	0	0	0	0	
222	282	21763	79942	282706	0	0	0	0	0	0	
223	282	21861	79942	282943	0	0	0	0	0	0	
224	283	21959	80128	283916	0	0	0	0	0	0	
225	314	22057	82178	314134	0	0	0	0	0	0	
226	379	22155	86722	379508	0	0	0	0	0	0	
227	429	22253	91910	429156	0	0	0	0	0	0	
228	488	22351	98376	488593	0	0	0	0	0	0	
229	548	22449	104767	548016	0	0	0	0	0	0	
230	615	22547	111740	615646	0	0	0	0	0	0	
231	696	22645	119506	696155	0	0	0	0	0	0	
232	793	22743	128794	793181	0	0	0	0	0	0	
233	891	22842	137969	891339	0	0	0	0	0	0	
234	1001	22940	148456	1001021	0	0	0	0	0	0	
235	1125	23038	160221	1125830	0	0	0	0	0	0	
236	1251	23136	172462	1251184	0	0	0	0	0	0	
237	1380	23234	185171	1380151	0	0	0	0	0	0	
238	1519	23332	199113	1519810	0	0	0	0	0	0	
239	1671	23430	214047	1671638	0	0	0	0	0	0	
240	1831	23528	230087	1831487	0	0	0	0	0	0	
241	2010	23626	248059	2010943	0	0	0	0	0	0	
242	2205	23724	267782	2205354	0	0	0	0	0	0	
243	2402	23822	287329	2402293	0	0	0	0	0	0	
244	2605	23920	307802	2605687	0	0	0	0	0	0	
245	2821	24018	329210	2821376	0	0	0	0	0	0	
246	3050	24116	352154	3050981	0	0	0	0	0	0	
247	3295	24214	375463	3295522	0	0	0	0	0	0	
248	3539	24312	399393	3539790	0	0	0	0	0	0	
249	3793	24410	424254	3793474	0	0	0	0	0	0	
250	4070	24508	451198	4070542	0	0	0	0	0	0	
251	4346	24606	477895	4346975	0	0	0	0	0	0	
252	4634	24704	505535	4634162	0	0	0	0	0	0	
253	4933	24802	534313	4933816	0	0	0	0	0	0	
254	5254	24900	565284	5254569	0	0	0	0	0	0	
255	5606	24998	598518	5606172	0	0	0	0	0	0	
256	5949	25096	630923	5949258	0	0	0	0	0	0	
257	6307	25194	664556	6307362	0	0	0	0	0	0	
258	6681	25292	699653	6681783	0	0	0	0	0	0	
259	7061	25390	734963	7061169	0	0	0	0	0	0	
260	7457	25488	771580	7457376	0	0	0	0	0	0	
261	7868	25586	809837	7868818	0	0	0	0	0	0	
262	8297	25685	849674	8297124	0	0	0	0	0	0	
263	8737	25783	890499	8737618	0	0	0	0	0	0	
264	9193	25881	932162	9193413	0	0	0	0	0	0	
265	9677	25979	975758	9677645	0	0	0	0	0	0	
266	10175	26077	1020116	10175073	0	0	0	0	0	0	
267	10698	26175	1064904	10698715	0	0	0	0	0	0	
268	11214	26273	1110763	11214836	0	0	0	0	0	0	
269	11763	26371	1157367	11763537	0	0	0	0	0	0	
270	12340	26469	1205539	12340607	0	0	0	0	0	0	
271	12936	26567	1255426	12936559	0	0	0	0	0	0	
272	13556	26665	1306866	13556099	0	0	0	0	0	0	
273	14205	26763	1359659	14205013	0	0	0	0	0	0	
274	14868	26861	1414329	14868316	0	0	0	0	0	0	
275	15538	26959	1468889	15538372	0	0	0	0	0	0	
276	16230	27057	1524293	16230961	0	0	0	0	0	0	
277	16883	27155	1580435	16883342	0	0	0	0	0	0	
278	17580	27253	1637259	17580377	0	0	0	0	0	0	
279	18301	27351	1695437	18301180	0	0	0	0	0	0	
280	19012	27449	1755657	19012987	0	0	0	0	0	0	
281	19762	27547	1817397	19762298	0	0	0	0	0	0	
282	20544	27645	1881009	20544370	0	0	0	0	0	0	
283	21355	27743	1946075	21355805	0	0	0	0	0	0	
284	22120	27841	2010332	22120554	0	0	0	0	0	0	
285	22915	27939	2076025	22915499	0	0	0	0	0	0	
286	23733	28037	2142207	23733159	0	0	0	0	0	0	
287	24568	28135	2210280	24568458	0	0	0	0	0	0	
288	25434	28233	2280893	25434250	0	0	0	0	0	0	
289	26302	28331	2353393	26302265	0	0	0	0	0	0	
290	27238	28429	2426515	27238212	0	0	0	0	0	0	
291	28171	28528	2499625	28171060	0	0	0	0	0	0	
292	29123	28626	2573493	29123078	0	0	0	0	0	0	
293	30057	28724	2649185	30057895	0	0	0	0	0	0	
294	31042	28822	2725259	31042369	0	0	0	0	0	0	
295	32061	28920	2803849	32061783	0	0	0	0	0	0	
296	33115	29018	2883939	33115767	0	0	0	0	0	0	
297	34196	29116	2965599	34196059	0	0	0	0	0	0	
298	35476	29214	3051701	35476483	0	0	0	0	0	0	
299	36531	29312	3137548	36531686	0	0	0	0	0	0	
300	37607	29410	3222630	37607247	0	0	0	0	0	0	
301	38727	29508	3309270	38727845	0	0	0	0	0	0	
302	39839	29606	3398100	39839641	0	0	0	0	0	0	
303	41000	29704	3487178	41000952	0	0	0	0	0	0	
304	42155	29802	3576522	42155710	0	0	0	0	0	0	
305	43331	29900	3665918	43331044	0	0	0	0	0	0	
306	44508	29998	3757065	44508699	0	0	0	0	0	0	
307	45714	30096	3850711	45714468	0	0	0	0	0	0	
308	84368	30194	8753313	84368709	0	0	0	0	0	0	
309	84997	30292	8811722	84997480	0	0	0	0	0	0	
310	85608	30390	8870761	85608314	0	0	0	0	0	0	
311	86401	30520	8945469	86401007	0	0	0	0	0	0	
