#input	time	ios	pfs	timems	pbo	dbo	ibo	pbu	ndo	ars	
1	0	98	1	523	0	0	0	0	0	0	
2	1	196	1	1173	0	0	0	0	0	0	
3	1	294	1	1784	0	0	0	0	0	0	
4	2	392	1	2413	0	0	0	0	0	0	
5	3	490	1	3102	0	0	0	0	0	0	
6	3	588	1	3836	0	0	0	0	0	0	
7	4	686	1	4573	0	0	0	0	0	0	
8	5	784	1	5329	0	0	0	0	0	0	
9	6	882	1	6091	0	0	0	0	0	0	
10	6	980	1	6867	0	0	0	0	0	0	
11	7	1078	1	7651	0	0	0	0	0	0	
12	8	1176	1	8448	0	0	0	0	0	0	
13	9	1274	1	9261	0	0	0	0	0	0	
14	10	1372	1	10074	0	0	0	0	0	0	
15	10	1470	1	10886	0	0	0	0	0	0	
16	11	1568	1	11703	0	0	0	0	0	0	
17	12	1666	1	12521	0	0	0	0	0	0	
18	13	1764	1	13355	0	0	0	0	0	0	
19	14	1862	1	14179	0	0	0	0	0	0	
20	15	1960	1	15011	0	0	0	0	0	0	
21	15	2058	1	15842	0	0	0	0	0	0	
22	16	2156	1	16678	0	0	0	0	0	0	
23	17	2254	1	17520	0	0	0	0	0	0	
24	18	2352	1	18371	0	0	0	0	0	0	
25	19	2450	1	19217	0	0	0	0	0	0	
26	20	2548	1	20060	0	0	0	0	0	0	
27	20	2646	1	20906	0	0	0	0	0	0	
28	21	2744	1	21755	0	0	0	0	0	0	
29	22	2842	1	22610	0	0	0	0	0	0	
30	23	2941	1	23474	0	0	0	0	0	0	
31	24	3039	1	24329	0	0	0	0	0	0	
32	25	3137	1	25188	0	0	0	0	0	0	
33	26	3235	1	26051	0	0	0	0	0	0	
34	26	3333	1	26918	0	0	0	0	0	0	
35	27	3431	1	27786	0	0	0	0	0	0	
36	28	3529	1	28649	0	0	0	0	0	0	
37	29	3627	1	29513	0	0	0	0	0	0	
38	30	3725	1	30393	0	0	0	0	0	0	
39	31	3823	1	31262	0	0	0	0	0	0	
40	33	3921	1	33040	0	0	0	0	0	0	
41	35	4019	1	35187	0	0	0	0	0	0	
42	36	4117	1	36062	0	0	0	0	0	0	
43	36	4215	1	36944	0	0	0	0	0	0	
44	37	4313	1	37818	0	0	0	0	0	0	
45	38	4411	1	38699	0	0	0	0	0	0	
46	41	4509	1	41070	0	0	0	0	0	0	
47	42	4607	1	42572	0	0	0	0	0	0	
48	43	4705	1	43455	0	0	0	0	0	0	
49	44	4803	1	44341	0	0	0	0	0	0	
50	45	4901	1	45222	0	0	0	0	0	0	
51	46	4999	1	46104	0	0	0	0	0	0	
52	47	5097	1	47666	0	0	0	0	0	0	
53	50	5195	1	50458	0	0	0	0	0	0	
54	51	5293	1	51356	0	0	0	0	0	0	
55	52	5391	1	52241	0	0	0	0	0	0	
56	53	5489	1	53133	0	0	0	0	0	0	
57	54	5587	1	54020	0	0	0	0	0	0	
58	57	5685	1	57364	0	0	0	0	0	0	
59	58	5784	1	58256	0	0	0	0	0	0	
60	59	5882	1	59160	0	0	0	0	0	0	
61	60	5980	1	60065	0	0	0	0	0	0	
62	60	6078	1	60963	0	0	0	0	0	0	
63	61	6176	1	61856	0	0	0	0	0	0	
64	65	6274	1	65063	0	0	0	0	0	0	
65	66	6372	1	66009	0	0	0	0	0	0	
66	66	6470	1	66917	0	0	0	0	0	0	
67	67	6568	1	67821	0	0	0	0	0	0	
68	68	6666	1	68718	0	0	0	0	0	0	
69	69	6764	1	69884	0	0	0	0	0	0	
70	73	6862	1	73041	0	0	0	0	0	0	
71	73	6960	1	73956	0	0	0	0	0	0	
72	74	7058	1	74865	0	0	0	0	0	0	
73	75	7156	1	75771	0	0	0	0	0	0	
74	76	7254	1	76673	0	0	0	0	0	0	
75	77	7352	1	77696	0	0	0	0	0	0	
76	80	7450	1	80758	0	0	0	0	0	0	
77	81	7548	1	81716	0	0	0	0	0	0	
78	82	7646	1	82629	0	0	0	0	0	0	
79	83	7744	1	83538	0	0	0	0	0	0	
80	84	7842	1	84454	0	0	0	0	0	0	
81	85	7940	1	85369	0	0	0	0	0	0	
82	89	8038	1	89277	0	0	0	0	0	0	
83	90	8136	1	90638	0	0	0	0	0	0	
84	91	8234	1	91758	0	0	0	0	0	0	
85	92	8332	1	92667	0	0	0	0	0	0	
86	93	8430	1	93586	0	0	0	0	0	0	
87	94	8528	1	94502	0	0	0	0	0	0	
88	95	8627	1	95419	0	0	0	0	0	0	
89	99	8725	1	99415	0	0	0	0	0	0	
90	100	8823	1	100358	0	0	0	0	0	0	
91	102	8921	1	102459	0	0	0	0	0	0	
92	105	9019	1	105201	0	0	0	0	0	0	
93	106	9117	1	106485	0	0	0	0	0	0	
94	107	9215	1	107426	0	0	0	0	0	0	
95	111	9313	1	111484	0	0	0	0	0	0	
96	112	9411	1	112832	0	0	0	0	0	0	
97	115	9509	1	115359	0	0	0	0	0	0	
98	117	9607	1	117735	0	0	0	0	0	0	
99	120	9705	1	120649	0	0	0	0	0	0	
100	122	9803	1	122885	0	0	0	0	0	0	
101	125	9901	1	125479	0	0	0	0	0	0	
102	127	9999	1	127766	0	0	0	0	0	0	
103	129	10097	1	129289	0	0	0	0	0	0	
104	132	10195	1	132314	0	0	0	0	0	0	
105	133	10293	1	133809	0	0	0	0	0	0	
106	135	10391	1	135936	0	0	0	0	0	0	
107	138	10489	1	138091	0	0	0	0	0	0	
108	141	10587	1	141655	0	0	0	0	0	0	
109	142	10685	1	142882	0	0	0	0	0	0	
110	145	10783	1	145899	0	0	0	0	0	0	
111	147	10881	1	147822	0	0	0	0	0	0	
112	149	10979	1	149391	0	0	0	0	0	0	
113	151	11077	1	151126	0	0	0	0	0	0	
114	154	11175	1	154145	0	0	0	0	0	0	
115	157	11273	1	157011	0	0	0	0	0	0	
116	159	11371	1	159049	0	0	0	0	0	0	
117	160	11470	1	160802	0	0	0	0	0	0	
118	164	11568	1	164403	0	0	0	0	0	0	
119	166	11666	1	166201	0	0	0	0	0	0	
120	168	11764	1	168407	0	0	0	0	0	0	
121	170	11862	1	170030	0	0	0	0	0	0	
122	171	11960	1	171479	0	0	0	0	0	0	
123	175	12058	1	175322	0	0	0	0	0	0	
124	177	12156	1	177887	0	0	0	0	0	0	
125	179	12254	1	179792	0	0	0	0	0	0	
126	181	12352	1	181294	0	0	0	0	0	0	
127	183	12450	1	183653	0	0	0	0	0	0	
128	185	12548	1	185658	0	0	0	0	0	0	
129	186	12646	1	186876	0	0	0	0	0	0	
130	189	12744	1	189737	0	0	0	0	0	0	
131	192	12842	1	192736	0	0	0	0	0	0	
132	195	12940	1	195069	0	0	0	0	0	0	
133	196	13038	1	196463	0	0	0	0	0	0	
134	197	13136	1	197903	0	0	0	0	0	0	
135	200	13234	1	200980	0	0	0	0	0	0	
136	203	13332	1	203243	0	0	0	0	0	0	
137	205	13430	1	205445	0	0	0	0	0	0	
138	207	13528	1	207498	0	0	0	0	0	0	
139	211	13626	1	211388	0	0	0	0	0	0	
140	212	13724	1	212445	0	0	0	0	0	0	
141	215	13822	1	215311	0	0	0	0	0	0	
142	217	13920	1	217476	0	0	0	0	0	0	
143	218	14018	1	218938	0	0	0	0	0	0	
144	221	14116	1	221923	0	0	0	0	0	0	
145	224	14214	1	224235	0	0	0	0	0	0	
146	226	14313	1	226459	0	0	0	0	0	0	
147	228	14411	1	228594	0	0	0	0	0	0	
148	230	14509	1	230360	0	0	0	0	0	0	
149	233	14607	1	233927	0	0	0	0	0	0	
150	236	14705	1	236692	0	0	0	0	0	0	
151	238	14803	1	238118	0	0	0	0	0	0	
152	240	14901	1	240051	0	0	0	0	0	0	
153	242	14999	1	242597	0	0	0	0	0	0	
154	245	15097	1	245978	0	0	0	0	0	0	
155	248	15195	1	248746	0	0	0	0	0	0	
156	251	15293	1	251497	0	0	0	0	0	0	
157	255	15391	1	255811	0	0	0	0	0	0	
158	258	15489	1	258122	0	0	0	0	0	0	
159	260	15587	1	260418	0	0	0	0	0	0	
160	262	15685	1	262948	0	0	0	0	0	0	
161	264	15783	1	264891	0	0	0	0	0	0	
162	266	15881	1	266786	0	0	0	0	0	0	
163	270	15979	1	270666	0	0	0	0	0	0	
164	272	16077	1	272187	0	0	0	0	0	0	
165	274	16175	1	274602	0	0	0	0	0	0	
166	278	16273	1	278755	0	0	0	0	0	0	
167	279	16371	1	279955	0	0	0	0	0	0	
168	281	16469	1	281268	0	0	0	0	0	0	
169	284	16567	1	284451	0	0	0	0	0	0	
170	287	16665	1	287170	0	0	0	0	0	0	
171	290	16763	1	290263	0	0	0	0	0	0	
172	291	16861	1	291775	0	0	0	0	0	0	
173	293	16959	1	293064	0	0	0	0	0	0	
174	296	17057	1	296860	0	0	0	0	0	0	
175	300	17156	1	300107	0	0	0	0	0	0	
176	301	17254	1	301547	0	0	0	0	0	0	
177	302	17352	1	302971	0	0	0	0	0	0	
178	305	17450	1	305290	0	0	0	0	0	0	
179	307	17548	1	307846	0	0	0	0	0	0	
180	311	17646	1	311388	0	0	0	0	0	0	
181	313	17744	1	313977	0	0	0	0	0	0	
182	317	17842	1	317302	0	0	0	0	0	0	
183	320	17940	1	320439	0	0	0	0	0	0	
184	323	18038	1	323080	0	0	0	0	0	0	
185	324	18136	1	324597	0	0	0	0	0	0	
186	327	18234	1	327445	0	0	0	0	0	0	
187	329	18332	1	329125	0	0	0	0	0	0	
188	333	18430	1	333067	0	0	0	0	0	0	
189	335	18528	1	335606	0	0	0	0	0	0	
190	339	18626	1	339114	0	0	0	0	0	0	
191	343	18724	1	343811	0	0	0	0	0	0	
192	345	18822	1	345392	0	0	0	0	0	0	
193	349	18920	1	349107	0	0	0	0	0	0	
194	352	19018	1	352442	0	0	0	0	0	0	
195	354	19116	1	354321	0	0	0	0	0	0	
196	356	19214	1	356549	0	0	0	0	0	0	
197	360	19312	1	360674	0	0	0	0	0	0	
198	362	19410	1	362918	0	0	0	0	0	0	
199	365	19508	1	365570	0	0	0	0	0	0	
200	369	19606	1	369530	0	0	0	0	0	0	
201	375	19704	1	375390	0	0	0	0	0	0	
202	377	19802	1	377105	0	0	0	0	0	0	
203	379	19900	1	379709	0	0	0	0	0	0	
204	382	19999	1	382931	0	0	0	0	0	0	
205	385	20097	1	385853	0	0	0	0	0	0	
206	389	20195	1	389398	0	0	0	0	0	0	
207	391	20293	1	391736	0	0	0	0	0	0	
208	395	20391	1	395457	0	0	0	0	0	0	
209	398	20489	1	398047	0	0	0	0	0	0	
210	400	20587	1	400766	0	0	0	0	0	0	
211	403	20685	1	403681	0	0	0	0	0	0	
212	406	20783	1	406693	0	0	0	0	0	0	
213	413	20881	1	413181	0	0	0	0	0	0	
214	415	20979	1	415812	0	0	0	0	0	0	
215	418	21077	1	418526	0	0	0	0	0	0	
216	421	21175	1	421754	0	0	0	0	0	0	
217	424	21273	1	424669	0	0	0	0	0	0	
218	428	21371	1	428106	0	0	0	0	0	0	
219	431	21469	1	431224	0	0	0	0	0	0	
220	434	21567	1	434562	0	0	0	0	0	0	
221	438	21665	1	438137	0	0	0	0	0	0	
222	443	21763	1	443434	0	0	0	0	0	0	
223	447	21861	1	447398	0	0	0	0	0	0	
224	450	21959	1	450327	0	0	0	0	0	0	
225	453	22057	1	453817	0	0	0	0	0	0	
226	458	22155	1	458486	0	0	0	0	0	0	
227	462	22253	1	462628	0	0	0	0	0	0	
228	466	22351	1	466098	0	0	0	0	0	0	
229	470	22449	1	470292	0	0	0	0	0	0	
230	474	22547	1	474394	0	0	0	0	0	0	
231	478	22645	1	478541	0	0	0	0	0	0	
232	481	22743	1	481829	0	0	0	0	0	0	
233	485	22842	1	485966	0	0	0	0	0	0	
234	489	22940	1	489697	0	0	0	0	0	0	
235	493	23038	1	493462	0	0	0	0	0	0	
236	497	23136	1	497473	0	0	0	0	0	0	
237	501	23234	1	501794	0	0	0	0	0	0	
238	506	23332	1	506957	0	0	0	0	0	0	
239	511	23430	1	511661	0	0	0	0	0	0	
240	516	23528	1	516597	0	0	0	0	0	0	
241	521	23626	1	521173	0	0	0	0	0	0	
242	525	23724	1	525391	0	0	0	0	0	0	
243	530	23822	1	530170	0	0	0	0	0	0	
244	535	23920	1	535005	0	0	0	0	0	0	
245	539	24018	1	539797	0	0	0	0	0	0	
246	544	24116	1	544805	0	0	0	0	0	0	
247	549	24214	1	549942	0	0	0	0	0	0	
248	554	24312	1	554478	0	0	0	0	0	0	
249	559	24410	1	559253	0	0	0	0	0	0	
250	569	24508	1	569933	0	0	0	0	0	0	
251	574	24606	1	574865	0	0	0	0	0	0	
252	579	24704	1	579385	0	0	0	0	0	0	
253	584	24802	1	584318	0	0	0	0	0	0	
254	589	24900	1	589539	0	0	0	0	0	0	
255	595	24998	1	595433	0	0	0	0	0	0	
256	601	25096	1	601370	0	0	0	0	0	0	
257	608	25194	1	608098	0	0	0	0	0	0	
258	613	25292	1	613594	0	0	0	0	0	0	
259	619	25390	1	619186	0	0	0	0	0	0	
260	624	25488	1	624438	0	0	0	0	0	0	
261	630	25586	1	630657	0	0	0	0	0	0	
262	635	25685	1	635846	0	0	0	0	0	0	
263	641	25783	1	641430	0	0	0	0	0	0	
264	646	25881	1	646501	0	0	0	0	0	0	
265	652	25979	1	652554	0	0	0	0	0	0	
266	658	26077	1	658766	0	0	0	0	0	0	
267	665	26175	1	665911	0	0	0	0	0	0	
268	670	26273	1	670889	0	0	0	0	0	0	
269	676	26371	1	676014	0	0	0	0	0	0	
270	681	26469	1	681453	0	0	0	0	0	0	
271	687	26567	1	687798	0	0	0	0	0	0	
272	693	26665	1	693202	0	0	0	0	0	0	
273	699	26763	1	699282	0	0	0	0	0	0	
274	705	26861	1	705630	0	0	0	0	0	0	
275	711	26959	1	711670	0	0	0	0	0	0	
276	717	27057	1	717622	0	0	0	0	0	0	
277	726	27155	1	726465	0	0	0	0	0	0	
278	732	27253	1	732690	0	0	0	0	0	0	
279	738	27351	1	738732	0	0	0	0	0	0	
280	744	27449	1	744578	0	0	0	0	0	0	
281	750	27547	1	750642	0	0	0	0	0	0	
282	757	27645	1	757225	0	0	0	0	0	0	
283	763	27743	1	763017	0	0	0	0	0	0	
284	769	27841	1	769633	0	0	0	0	0	0	
285	775	27939	1	775673	0	0	0	0	0	0	
286	782	28037	1	782029	0	0	0	0	0	0	
287	788	28135	1	788881	0	0	0	0	0	0	
288	795	28233	1	795430	0	0	0	0	0	0	
289	801	28331	1	801506	0	0	0	0	0	0	
290	807	28429	1	807537	0	0	0	0	0	0	
291	813	28528	1	813989	0	0	0	0	0	0	
292	820	28626	1	820672	0	0	0	0	0	0	
293	828	28724	1	828626	0	0	0	0	0	0	
294	835	28822	1	835334	0	0	0	0	0	0	
295	841	28920	1	841685	0	0	0	0	0	0	
296	849	29018	1	849902	0	0	0	0	0	0	
297	856	29116	1	856590	0	0	0	0	0	0	
298	863	29214	1	863577	0	0	0	0	0	0	
299	870	29312	1	870417	0	0	0	0	0	0	
300	876	29410	1	876730	0	0	0	0	0	0	
301	883	29508	1	883745	0	0	0	0	0	0	
302	891	29606	1	891021	0	0	0	0	0	0	
303	899	29704	1	899149	0	0	0	0	0	0	
304	917	29802	1	917531	0	0	0	0	0	0	
305	923	29900	1	923448	0	0	0	0	0	0	
306	929	29998	1	929749	0	0	0	0	0	0	
307	936	30096	1	936133	0	0	0	0	0	0	
308	943	30194	1	943160	0	0	0	0	0	0	
309	950	30292	1	950345	0	0	0	0	0	0	
310	957	30390	1	957721	0	0	0	0	0	0	
311	964	30488	1	964441	0	0	0	0	0	0	
312	971	30586	1	971126	0	0	0	0	0	0	
313	978	30684	1	978177	0	0	0	0	0	0	
314	987	30782	1	987189	0	0	0	0	0	0	
315	993	30880	1	993729	0	0	0	0	0	0	
316	1000	30978	1	1000527	0	0	0	0	0	0	
317	1007	31076	1	1007914	0	0	0	0	0	0	
318	1015	31174	1	1015081	0	0	0	0	0	0	
319	1023	31272	1	1023786	0	0	0	0	0	0	
320	1030	31371	1	1030470	0	0	0	0	0	0	
321	1037	31469	1	1037918	0	0	0	0	0	0	
322	1045	31567	1	1045593	0	0	0	0	0	0	
323	1053	31665	1	1053881	0	0	0	0	0	0	
324	1060	31763	1	1060814	0	0	0	0	0	0	
325	1068	31861	1	1068130	0	0	0	0	0	0	
326	1075	31959	1	1075793	0	0	0	0	0	0	
327	1082	32057	1	1082910	0	0	0	0	0	0	
328	1090	32155	1	1090110	0	0	0	0	0	0	
329	1097	32253	1	1097613	0	0	0	0	0	0	
330	1106	32351	1	1106429	0	0	0	0	0	0	
331	1114	32449	1	1114201	0	0	0	0	0	0	
332	1121	32547	1	1121230	0	0	0	0	0	0	
333	1130	32645	1	1130397	0	0	0	0	0	0	
334	1138	32743	1	1138457	0	0	0	0	0	0	
335	1145	32841	1	1145853	0	0	0	0	0	0	
336	1153	32939	1	1153333	0	0	0	0	0	0	
337	1161	33037	1	1161125	0	0	0	0	0	0	
338	1168	33135	1	1168969	0	0	0	0	0	0	
339	1176	33233	1	1176793	0	0	0	0	0	0	
340	1185	33331	1	1185305	0	0	0	0	0	0	
341	1195	33429	1	1195553	0	0	0	0	0	0	
342	1202	33527	1	1202433	0	0	0	0	0	0	
343	1211	33625	1	1211598	0	0	0	0	0	0	
344	1219	33723	1	1219501	0	0	0	0	0	0	
345	1227	33821	1	1227329	0	0	0	0	0	0	
346	1236	33919	1	1236425	0	0	0	0	0	0	
347	1244	34017	1	1244654	0	0	0	0	0	0	
348	1252	34115	1	1252879	0	0	0	0	0	0	
349	1261	34214	1	1261013	0	0	0	0	0	0	
350	1269	34312	1	1269521	0	0	0	0	0	0	
351	1277	34410	1	1277865	0	0	0	0	0	0	
352	1286	34508	1	1286061	0	0	0	0	0	0	
353	1294	34606	1	1294333	0	0	0	0	0	0	
354	1303	34704	1	1303581	0	0	0	0	0	0	
355	1315	34802	1	1315022	0	0	0	0	0	0	
356	1324	34900	1	1324617	0	0	0	0	0	0	
357	1334	34998	1	1334289	0	0	0	0	0	0	
358	1345	35096	1	1345738	0	0	0	0	0	0	
359	1353	35194	1	1353790	0	0	0	0	0	0	
360	1367	35292	1	1367024	0	0	0	0	0	0	
361	1380	35390	1	1380905	0	0	0	0	0	0	
362	1390	35488	1	1390329	0	0	0	0	0	0	
363	1400	35586	1	1400550	0	0	0	0	0	0	
364	1411	35684	1	1411218	0	0	0	0	0	0	
365	1425	35782	1	1425096	0	0	0	0	0	0	
366	1439	35880	1	1439035	0	0	0	0	0	0	
367	1448	35978	1	1448909	0	0	0	0	0	0	
368	1459	36076	1	1459617	0	0	0	0	0	0	
369	1473	36174	1	1473408	0	0	0	0	0	0	
370	1486	36272	1	1486633	0	0	0	0	0	0	
371	1497	36370	1	1497730	0	0	0	0	0	0	
372	1509	36468	1	1509777	0	0	0	0	0	0	
373	1522	36566	1	1522233	0	0	0	0	0	0	
374	1536	36664	1	1536913	0	0	0	0	0	0	
375	1548	36762	1	1548701	0	0	0	0	0	0	
376	1559	36860	1	1559309	0	0	0	0	0	0	
377	1569	36958	1	1569693	0	0	0	0	0	0	
378	1581	37057	1	1581721	0	0	0	0	0	0	
379	1595	37155	1	1595135	0	0	0	0	0	0	
380	1606	37253	1	1606398	0	0	0	0	0	0	
381	1617	37351	1	1617873	0	0	0	0	0	0	
382	1628	37449	1	1628713	0	0	0	0	0	0	
383	1639	37547	1	1639413	0	0	0	0	0	0	
384	1651	37645	1	1651677	0	0	0	0	0	0	
385	1662	37743	1	1662146	0	0	0	0	0	0	
386	1673	37841	1	1673150	0	0	0	0	0	0	
387	1683	37939	1	1683970	0	0	0	0	0	0	
388	1694	38037	1	1694986	0	0	0	0	0	0	
389	1706	38135	1	1706810	0	0	0	0	0	0	
390	1717	38233	1	1717798	0	0	0	0	0	0	
391	1728	38331	1	1728550	0	0	0	0	0	0	
392	1740	38429	1	1740897	0	0	0	0	0	0	
393	1753	38527	1	1753985	0	0	0	0	0	0	
394	1765	38625	1	1765978	0	0	0	0	0	0	
395	1777	38723	1	1777022	0	0	0	0	0	0	
396	1787	38821	1	1787905	0	0	0	0	0	0	
397	1799	38919	1	1799303	0	0	0	0	0	0	
398	1809	39017	1	1809927	0	0	0	0	0	0	
399	1822	39115	1	1822870	0	0	0	0	0	0	
400	1834	39213	1	1834418	0	0	0	0	0	0	
401	1847	39311	1	1847294	0	0	0	0	0	0	
402	1858	39409	1	1858325	0	0	0	0	0	0	
403	1871	39507	1	1871178	0	0	0	0	0	0	
404	1882	39605	1	1882286	0	0	0	0	0	0	
405	1897	39703	1	1897245	0	0	0	0	0	0	
406	1908	39801	1	1908369	0	0	0	0	0	0	
407	1922	39900	1	1922065	0	0	0	0	0	0	
408	1934	39998	1	1934017	0	0	0	0	0	0	
409	1945	40096	1	1945898	0	0	0	0	0	0	
410	1958	40194	1	1958254	0	0	0	0	0	0	
411	1969	40292	1	1969769	0	0	0	0	0	0	
412	1982	40390	1	1982889	0	0	0	0	0	0	
413	1994	40488	1	1994093	0	0	0	0	0	0	
414	2004	40586	1	2004950	0	0	0	0	0	0	
415	2015	40684	1	2015862	0	0	0	0	0	0	
416	2027	40782	1	2027198	0	0	0	0	0	0	
417	2038	40880	1	2038633	0	0	0	0	0	0	
418	2052	40978	1	2052395	0	0	0	0	0	0	
419	2063	41076	1	2063702	0	0	0	0	0	0	
420	2075	41174	1	2075323	0	0	0	0	0	0	
421	2087	41272	1	2087873	0	0	0	0	0	0	
422	2099	41370	1	2099249	0	0	0	0	0	0	
423	2111	41468	1	2111045	0	0	0	0	0	0	
424	2124	41566	1	2124606	0	0	0	0	0	0	
425	2136	41664	1	2136910	0	0	0	0	0	0	
426	2150	41762	1	2150002	0	0	0	0	0	0	
427	2162	41860	1	2162642	0	0	0	0	0	0	
428	2177	41958	1	2177980	0	0	0	0	0	0	
429	2189	42056	1	2189282	0	0	0	0	0	0	
430	2205	42154	1	2205251	0	0	0	0	0	0	
431	2217	42252	1	2217253	0	0	0	0	0	0	
432	2231	42350	1	2231061	0	0	0	0	0	0	
433	2247	42448	1	2247082	0	0	0	0	0	0	
434	2258	42546	1	2258217	0	0	0	0	0	0	
435	2271	42644	1	2271557	0	0	0	0	0	0	
436	2283	42743	1	2283646	0	0	0	0	0	0	
437	2297	42841	1	2297082	0	0	0	0	0	0	
438	2311	42939	1	2311062	0	0	0	0	0	0	
439	2324	43037	1	2324694	0	0	0	0	0	0	
440	2337	43135	1	2337249	0	0	0	0	0	0	
441	2349	43233	1	2349965	0	0	0	0	0	0	
442	2363	43331	1	2363141	0	0	0	0	0	0	
443	2375	43429	1	2375997	0	0	0	0	0	0	
444	2390	43527	1	2390617	0	0	0	0	0	0	
445	2404	43625	1	2404817	0	0	0	0	0	0	
446	2420	43723	1	2420684	0	0	0	0	0	0	
447	2432	43821	1	2432633	0	0	0	0	0	0	
448	2450	43919	1	2450622	0	0	0	0	0	0	
449	2468	44017	1	2468090	0	0	0	0	0	0	
450	2484	44115	1	2484377	0	0	0	0	0	0	
451	2497	44213	1	2497718	0	0	0	0	0	0	
452	2511	44311	1	2511478	0	0	0	0	0	0	
453	2526	44409	1	2526417	0	0	0	0	0	0	
454	2541	44507	1	2541639	0	0	0	0	0	0	
455	2553	44605	1	2553426	0	0	0	0	0	0	
456	2571	44703	1	2571706	0	0	0	0	0	0	
457	2585	44801	1	2585541	0	0	0	0	0	0	
458	2598	44899	1	2598917	0	0	0	0	0	0	
459	2612	44997	1	2612337	0	0	0	0	0	0	
460	2627	45095	1	2627685	0	0	0	0	0	0	
461	2641	45193	1	2641746	0	0	0	0	0	0	
462	2656	45291	1	2656429	0	0	0	0	0	0	
463	2675	45389	1	2675913	0	0	0	0	0	0	
464	2692	45487	1	2692505	0	0	0	0	0	0	
465	2712	45585	1	2712093	0	0	0	0	0	0	
466	2725	45684	1	2725037	0	0	0	0	0	0	
467	2739	45782	1	2739085	0	0	0	0	0	0	
468	2752	45880	1	2752674	0	0	0	0	0	0	
469	2766	45978	1	2766838	0	0	0	0	0	0	
470	2785	46076	1	2785402	0	0	0	0	0	0	
471	2802	46174	1	2802081	0	0	0	0	0	0	
472	2817	46272	1	2817205	0	0	0	0	0	0	
473	2831	46370	1	2831109	0	0	0	0	0	0	
474	2847	46468	1	2847525	0	0	0	0	0	0	
475	2861	46566	1	2861150	0	0	0	0	0	0	
476	2875	46664	1	2875786	0	0	0	0	0	0	
477	2895	46762	1	2895529	0	0	0	0	0	0	
478	2914	46860	1	2914670	0	0	0	0	0	0	
479	2928	46958	1	2928105	0	0	0	0	0	0	
480	2941	47056	1	2941909	0	0	0	0	0	0	
481	2964	47154	1	2964230	0	0	0	0	0	0	
482	2979	47252	1	2979842	0	0	0	0	0	0	
483	2994	47350	1	2994677	0	0	0	0	0	0	
484	3010	47448	1	3010021	0	0	0	0	0	0	
485	3028	47546	1	3028322	0	0	0	0	0	0	
486	3045	47644	1	3045065	0	0	0	0	0	0	
487	3064	47742	1	3064683	0	0	0	0	0	0	
488	3080	47840	1	3080865	0	0	0	0	0	0	
489	3094	47938	1	3094629	0	0	0	0	0	0	
490	3109	48036	1	3109236	0	0	0	0	0	0	
491	3124	48134	1	3124630	0	0	0	0	0	0	
492	3139	48232	1	3139277	0	0	0	0	0	0	
493	3157	48330	1	3157509	0	0	0	0	0	0	
494	3171	48428	1	3171977	0	0	0	0	0	0	
495	3187	48527	1	3187137	0	0	0	0	0	0	
496	3202	48625	1	3202253	0	0	0	0	0	0	
497	3221	48723	1	3221329	0	0	0	0	0	0	
498	3237	48821	1	3237101	0	0	0	0	0	0	
499	3252	48919	1	3252445	0	0	0	0	0	0	
500	3268	49017	1	3268577	0	0	0	0	0	0	
501	3284	49115	1	3284585	0	0	0	0	0	0	
502	3299	49213	1	3299861	0	0	0	0	0	0	
503	3320	49311	1	3320305	0	0	0	0	0	0	
504	3340	49409	1	3340762	0	0	0	0	0	0	
505	3355	49507	1	3355894	0	0	0	0	0	0	
506	3374	49605	1	3374821	0	0	0	0	0	0	
507	3389	49703	1	3389785	0	0	0	0	0	0	
508	3414	49801	1	3414914	0	0	0	0	0	0	
509	3428	49899	1	3428385	0	0	0	0	0	0	
510	3444	49997	1	3444637	0	0	0	0	0	0	
511	3461	50095	1	3461201	0	0	0	0	0	0	
512	3476	50193	1	3476805	0	0	0	0	0	0	
513	3493	50291	1	3493566	0	0	0	0	0	0	
514	3515	50389	1	3515741	0	0	0	0	0	0	
515	3531	50487	1	3531722	0	0	0	0	0	0	
516	3547	50585	1	3547834	0	0	0	0	0	0	
517	3566	50683	1	3566514	0	0	0	0	0	0	
518	3584	50781	1	3584189	0	0	0	0	0	0	
519	3613	50879	1	3613537	0	0	0	0	0	0	
520	3632	50977	1	3632060	0	0	0	0	0	0	
521	3659	51075	1	3659984	0	0	0	0	0	0	
522	3674	51173	1	3674502	0	0	0	0	0	0	
523	3690	51271	1	3690710	0	0	0	0	0	0	
524	3707	51370	1	3707210	0	0	0	0	0	0	
525	3725	51468	1	3725491	0	0	0	0	0	0	
526	3742	51566	1	3742405	0	0	0	0	0	0	
527	3759	51664	1	3759993	0	0	0	0	0	0	
528	3781	51762	1	3781682	0	0	0	0	0	0	
529	3801	51860	1	3801614	0	0	0	0	0	0	
530	3817	51958	1	3817634	0	0	0	0	0	0	
531	3834	52056	1	3834205	0	0	0	0	0	0	
532	3850	52154	1	3850690	0	0	0	0	0	0	
533	3869	52252	1	3869181	0	0	0	0	0	0	
534	3885	52350	1	3885161	0	0	0	0	0	0	
535	3902	52448	1	3902034	0	0	0	0	0	0	
536	3918	52546	1	3918894	0	0	0	0	0	0	
537	3938	52644	1	3938394	0	0	0	0	0	0	
538	3955	52742	1	3955373	0	0	0	0	0	0	
539	3974	52840	1	3974361	0	0	0	0	0	0	
540	3994	52938	1	3994140	0	0	0	0	0	0	
541	4011	53036	1	4011573	0	0	0	0	0	0	
542	4029	53134	1	4029994	0	0	0	0	0	0	
543	4046	53232	1	4046157	0	0	0	0	0	0	
544	4063	53330	1	4063858	0	0	0	0	0	0	
545	4083	53428	1	4083074	0	0	0	0	0	0	
546	4105	53526	1	4105713	0	0	0	0	0	0	
547	4124	53624	1	4124497	0	0	0	0	0	0	
548	4141	53722	1	4141658	0	0	0	0	0	0	
549	4163	53820	1	4163621	0	0	0	0	0	0	
550	4180	53918	1	4180341	0	0	0	0	0	0	
551	4200	54016	1	4200465	0	0	0	0	0	0	
552	4221	54114	1	4221393	0	0	0	0	0	0	
553	4238	54213	1	4238621	0	0	0	0	0	0	
554	4262	54311	1	4262318	0	0	0	0	0	0	
555	4285	54409	1	4285460	0	0	0	0	0	0	
556	4307	54507	1	4307817	0	0	0	0	0	0	
557	4324	54605	1	4324886	0	0	0	0	0	0	
558	4342	54703	1	4342990	0	0	0	0	0	0	
559	4365	54801	1	4365397	0	0	0	0	0	0	
560	4383	54899	1	4383677	0	0	0	0	0	0	
561	4404	54997	1	4404753	0	0	0	0	0	0	
562	4423	55095	1	4423742	0	0	0	0	0	0	
563	4445	55193	1	4445854	0	0	0	0	0	0	
564	4466	55291	1	4466249	0	0	0	0	0	0	
565	4487	55389	1	4487094	0	0	0	0	0	0	
566	4507	55487	1	4507785	0	0	0	0	0	0	
567	4527	55585	1	4527678	0	0	0	0	0	0	
568	4545	55683	1	4545802	0	0	0	0	0	0	
569	4563	55781	1	4563945	0	0	0	0	0	0	
570	4586	55879	1	4586849	0	0	0	0	0	0	
571	4611	55977	1	4611691	0	0	0	0	0	0	
572	4629	56075	1	4629957	0	0	0	0	0	0	
573	4650	56173	1	4650705	0	0	0	0	0	0	
574	4670	56271	1	4670890	0	0	0	0	0	0	
575	4690	56369	1	4690077	0	0	0	0	0	0	
576	4708	56467	1	4708238	0	0	0	0	0	0	
577	4726	56565	1	4726298	0	0	0	0	0	0	
578	4746	56663	1	4746678	0	0	0	0	0	0	
579	4765	56761	1	4765777	0	0	0	0	0	0	
580	4787	56859	1	4787279	0	0	0	0	0	0	
581	4804	56957	1	4804573	0	0	0	0	0	0	
582	4827	57056	1	4827543	0	0	0	0	0	0	
583	4845	57154	1	4845483	0	0	0	0	0	0	
584	4871	57252	1	4871740	0	0	0	0	0	0	
585	4892	57350	1	4892170	0	0	0	0	0	0	
586	4913	57448	1	4913590	0	0	0	0	0	0	
587	4933	57546	1	4933238	0	0	0	0	0	0	
588	4953	57644	1	4953833	0	0	0	0	0	0	
589	4977	57742	1	4977931	0	0	0	0	0	0	
590	4998	57840	1	4998213	0	0	0	0	0	0	
591	5018	57938	1	5018005	0	0	0	0	0	0	
592	5038	58036	1	5038257	0	0	0	0	0	0	
593	5058	58134	1	5058417	0	0	0	0	0	0	
594	5082	58232	1	5082089	0	0	0	0	0	0	
595	5102	58330	1	5102097	0	0	0	0	0	0	
596	5123	58428	1	5123269	0	0	0	0	0	0	
597	5146	58526	1	5146576	0	0	0	0	0	0	
598	5168	58624	1	5168999	0	0	0	0	0	0	
599	5188	58722	1	5188729	0	0	0	0	0	0	
600	5210	58820	1	5210558	0	0	0	0	0	0	
601	5229	58918	1	5229969	0	0	0	0	0	0	
602	5249	59016	1	5249850	0	0	0	0	0	0	
603	5272	59114	1	5272590	0	0	0	0	0	0	
604	5293	59212	1	5293158	0	0	0	0	0	0	
605	5314	59310	1	5314629	0	0	0	0	0	0	
606	5338	59408	1	5338917	0	0	0	0	0	0	
607	5358	59506	1	5358729	0	0	0	0	0	0	
608	5381	59604	1	5381749	0	0	0	0	0	0	
609	5404	59702	1	5404642	0	0	0	0	0	0	
610	5428	59800	1	5428598	0	0	0	0	0	0	
611	5448	59899	1	5448309	0	0	0	0	0	0	
612	5470	59997	1	5470237	0	0	0	0	0	0	
613	5503	60095	1	5503974	0	0	0	0	0	0	
614	5521	60193	1	5521741	0	0	0	0	0	0	
615	5540	60291	1	5540929	0	0	0	0	0	0	
616	5564	60389	1	5564889	0	0	0	0	0	0	
617	5584	60487	1	5584973	0	0	0	0	0	0	
618	5607	60585	1	5607365	0	0	0	0	0	0	
619	5632	60683	1	5632749	0	0	0	0	0	0	
620	5651	60781	1	5651541	0	0	0	0	0	0	
621	5673	60879	1	5673901	0	0	0	0	0	0	
622	5701	60977	1	5701112	0	0	0	0	0	0	
623	5720	61075	1	5720297	0	0	0	0	0	0	
624	5742	61173	1	5742649	0	0	0	0	0	0	
625	5764	61271	1	5764558	0	0	0	0	0	0	
626	5785	61369	1	5785445	0	0	0	0	0	0	
627	5806	61467	1	5806773	0	0	0	0	0	0	
628	5827	61565	1	5827009	0	0	0	0	0	0	
629	5850	61663	1	5850633	0	0	0	0	0	0	
630	5873	61761	1	5873411	0	0	0	0	0	0	
631	5894	61859	1	5894549	0	0	0	0	0	0	
632	5917	61957	1	5917149	0	0	0	0	0	0	
633	5940	62055	1	5940621	0	0	0	0	0	0	
634	5960	62153	1	5960281	0	0	0	0	0	0	
635	5981	62251	1	5981461	0	0	0	0	0	0	
636	6004	62349	1	6004313	0	0	0	0	0	0	
637	6026	62447	1	6026373	0	0	0	0	0	0	
638	6047	62545	1	6047805	0	0	0	0	0	0	
639	6071	62643	1	6071481	0	0	0	0	0	0	
640	6092	62742	1	6092237	0	0	0	0	0	0	
641	6114	62840	1	6114123	0	0	0	0	0	0	
642	6137	62938	1	6137142	0	0	0	0	0	0	
643	6160	63036	1	6160805	0	0	0	0	0	0	
644	6181	63134	1	6181934	0	0	0	0	0	0	
645	6204	63232	1	6204489	0	0	0	0	0	0	
646	6226	63330	1	6226494	0	0	0	0	0	0	
647	6250	63428	1	6250118	0	0	0	0	0	0	
648	6273	63526	1	6273825	0	0	0	0	0	0	
649	6297	63624	1	6297634	0	0	0	0	0	0	
650	6319	63722	1	6319130	0	0	0	0	0	0	
651	6340	63820	1	6340918	0	0	0	0	0	0	
652	6368	63918	1	6368695	0	0	0	0	0	0	
653	6389	64016	1	6389030	0	0	0	0	0	0	
654	6410	64114	1	6410926	0	0	0	0	0	0	
655	6435	64212	1	6435210	0	0	0	0	0	0	
656	6457	64310	1	6457285	0	0	0	0	0	0	
657	6484	64408	1	6484445	0	0	0	0	0	0	
658	6505	64506	1	6505329	0	0	0	0	0	0	
659	6526	64604	1	6526773	0	0	0	0	0	0	
660	6550	64702	1	6550165	0	0	0	0	0	0	
661	6572	64800	1	6572246	0	0	0	0	0	0	
662	6597	64898	1	6597365	0	0	0	0	0	0	
663	6628	64996	1	6628206	0	0	0	0	0	0	
664	6652	65094	1	6652703	0	0	0	0	0	0	
665	6673	65192	1	6673085	0	0	0	0	0	0	
666	6696	65290	1	6696273	0	0	0	0	0	0	
667	6722	65388	1	6722270	0	0	0	0	0	0	
668	6745	65486	1	6745869	0	0	0	0	0	0	
669	6769	65585	1	6769726	0	0	0	0	0	0	
670	6791	65683	1	6791690	0	0	0	0	0	0	
671	6814	65781	1	6814234	0	0	0	0	0	0	
672	6839	65879	1	6839949	0	0	0	0	0	0	
673	6862	65977	1	6862097	0	0	0	0	0	0	
674	6886	66075	1	6886146	0	0	0	0	0	0	
675	6909	66173	1	6909842	0	0	0	0	0	0	
676	6937	66271	1	6937002	0	0	0	0	0	0	
677	6962	66369	1	6962401	0	0	0	0	0	0	
678	6988	66467	1	6988582	0	0	0	0	0	0	
679	7011	66565	1	7011614	0	0	0	0	0	0	
680	7036	66663	1	7036505	0	0	0	0	0	0	
681	7060	66761	1	7060882	0	0	0	0	0	0	
682	7087	66859	1	7087790	0	0	0	0	0	0	
683	7110	66957	1	7110770	0	0	0	0	0	0	
684	7136	67055	1	7136217	0	0	0	0	0	0	
685	7161	67153	1	7161621	0	0	0	0	0	0	
686	7190	67251	1	7190406	0	0	0	0	0	0	
687	7215	67349	1	7215385	0	0	0	0	0	0	
688	7239	67447	1	7239958	0	0	0	0	0	0	
689	7266	67545	1	7266050	0	0	0	0	0	0	
690	7288	67643	1	7288737	0	0	0	0	0	0	
691	7315	67741	1	7315301	0	0	0	0	0	0	
692	7338	67839	1	7338989	0	0	0	0	0	0	
693	7362	67937	1	7362918	0	0	0	0	0	0	
694	7388	68035	1	7388142	0	0	0	0	0	0	
695	7412	68133	1	7412565	0	0	0	0	0	0	
696	7436	68231	1	7436917	0	0	0	0	0	0	
697	7464	68329	1	7464985	0	0	0	0	0	0	
698	7490	68428	1	7490098	0	0	0	0	0	0	
699	7514	68526	1	7514133	0	0	0	0	0	0	
700	7537	68624	1	7537965	0	0	0	0	0	0	
701	7561	68722	1	7561938	0	0	0	0	0	0	
702	7596	68820	1	7596759	0	0	0	0	0	0	
703	7620	68918	1	7620502	0	0	0	0	0	0	
704	7644	69016	1	7644061	0	0	0	0	0	0	
705	7671	69114	1	7671422	0	0	0	0	0	0	
706	7698	69212	1	7698570	0	0	0	0	0	0	
707	7725	69310	1	7725826	0	0	0	0	0	0	
708	7753	69408	1	7753297	0	0	0	0	0	0	
709	7780	69506	1	7780895	0	0	0	0	0	0	
710	7804	69604	1	7804677	0	0	0	0	0	0	
711	7831	69702	1	7831233	0	0	0	0	0	0	
712	7857	69800	1	7857497	0	0	0	0	0	0	
713	7883	69898	1	7883309	0	0	0	0	0	0	
714	7909	69996	1	7909481	0	0	0	0	0	0	
715	7935	70094	1	7935385	0	0	0	0	0	0	
716	7963	70192	1	7963837	0	0	0	0	0	0	
717	7996	70290	1	7996811	0	0	0	0	0	0	
718	8019	70388	1	8019070	0	0	0	0	0	0	
719	8044	70486	1	8044693	0	0	0	0	0	0	
720	8070	70584	1	8070293	0	0	0	0	0	0	
721	8096	70682	1	8096521	0	0	0	0	0	0	
722	8121	70780	1	8121953	0	0	0	0	0	0	
723	8148	70878	1	8148453	0	0	0	0	0	0	
724	8176	70976	1	8176325	0	0	0	0	0	0	
725	8203	71074	1	8203009	0	0	0	0	0	0	
726	8228	71172	1	8228689	0	0	0	0	0	0	
727	8253	71271	1	8253838	0	0	0	0	0	0	
728	8284	71369	1	8284226	0	0	0	0	0	0	
729	8309	71467	1	8309686	0	0	0	0	0	0	
730	8335	71565	1	8335961	0	0	0	0	0	0	
731	8363	71663	1	8363645	0	0	0	0	0	0	
732	8389	71761	1	8389313	0	0	0	0	0	0	
733	8416	71859	1	8416045	0	0	0	0	0	0	
734	8443	71957	1	8443793	0	0	0	0	0	0	
735	8472	72055	1	8472816	0	0	0	0	0	0	
736	8497	72153	1	8497821	0	0	0	0	0	0	
737	8523	72251	1	8523417	0	0	0	0	0	0	
738	8552	72349	1	8552345	0	0	0	0	0	0	
739	8580	72447	1	8580857	0	0	0	0	0	0	
740	8608	72545	1	8608885	0	0	0	0	0	0	
741	8634	72643	1	8634609	0	0	0	0	0	0	
742	8659	72741	1	8659537	0	0	0	0	0	0	
743	8689	72839	1	8689173	0	0	0	0	0	0	
744	8715	72937	1	8715682	0	0	0	0	0	0	
745	8745	73035	1	8745414	0	0	0	0	0	0	
746	8772	73133	1	8772549	0	0	0	0	0	0	
747	8802	73231	1	8802119	0	0	0	0	0	0	
748	8827	73329	1	8827737	0	0	0	0	0	0	
749	8855	73427	1	8855461	0	0	0	0	0	0	
750	8884	73525	1	8884665	0	0	0	0	0	0	
751	8915	73623	1	8915153	0	0	0	0	0	0	
752	8940	73721	1	8940697	0	0	0	0	0	0	
753	8966	73819	1	8966829	0	0	0	0	0	0	
754	8996	73917	1	8996145	0	0	0	0	0	0	
755	9025	74015	1	9025193	0	0	0	0	0	0	
756	9055	74114	1	9055222	0	0	0	0	0	0	
757	9078	74212	1	9078721	0	0	0	0	0	0	
758	9108	74310	1	9108045	0	0	0	0	0	0	
759	9137	74408	1	9137029	0	0	0	0	0	0	
760	9166	74506	1	9166625	0	0	0	0	0	0	
761	9195	74604	1	9195785	0	0	0	0	0	0	
762	9224	74702	1	9224625	0	0	0	0	0	0	
763	9255	74800	1	9255381	0	0	0	0	0	0	
764	9284	74898	1	9284481	0	0	0	0	0	0	
765	9312	74996	1	9312518	0	0	0	0	0	0	
766	9342	75094	1	9342825	0	0	0	0	0	0	
767	9373	75192	1	9373653	0	0	0	0	0	0	
768	9403	75290	1	9403449	0	0	0	0	0	0	
769	9434	75388	1	9434173	0	0	0	0	0	0	
770	9462	75486	1	9462361	0	0	0	0	0	0	
771	9492	75584	1	9492545	0	0	0	0	0	0	
772	9523	75682	1	9523722	0	0	0	0	0	0	
773	9552	75780	1	9552590	0	0	0	0	0	0	
774	9577	75878	1	9577965	0	0	0	0	0	0	
775	9611	75976	1	9611530	0	0	0	0	0	0	
776	9642	76074	1	9642285	0	0	0	0	0	0	
777	9672	76172	1	9672118	0	0	0	0	0	0	
778	9701	76270	1	9701873	0	0	0	0	0	0	
779	9732	76368	1	9732017	0	0	0	0	0	0	
780	9763	76466	1	9763346	0	0	0	0	0	0	
781	9791	76564	1	9791206	0	0	0	0	0	0	
782	9819	76662	1	9819370	0	0	0	0	0	0	
783	9846	76760	1	9846497	0	0	0	0	0	0	
784	9875	76858	1	9875065	0	0	0	0	0	0	
785	9905	76957	1	9905177	0	0	0	0	0	0	
786	9935	77055	1	9935158	0	0	0	0	0	0	
787	9963	77153	1	9963506	0	0	0	0	0	0	
788	9992	77251	1	9992465	0	0	0	0	0	0	
789	10026	77349	1	10026622	0	0	0	0	0	0	
790	10058	77447	1	10058674	0	0	0	0	0	0	
791	10086	77545	1	10086653	0	0	0	0	0	0	
792	10114	77643	1	10114886	0	0	0	0	0	0	
793	10146	77741	1	10146917	0	0	0	0	0	0	
794	10176	77839	1	10176733	0	0	0	0	0	0	
795	10206	77937	1	10206397	0	0	0	0	0	0	
796	10237	78035	1	10237250	0	0	0	0	0	0	
797	10267	78133	1	10267534	0	0	0	0	0	0	
798	10298	78231	1	10298249	0	0	0	0	0	0	
799	10328	78329	1	10328975	0	0	0	0	0	0	
800	10361	78427	1	10361618	0	0	0	0	0	0	
801	10391	78525	1	10391902	0	0	0	0	0	0	
802	10422	78623	1	10422881	0	0	0	0	0	0	
803	10455	78721	1	10455794	0	0	0	0	0	0	
804	10487	78819	1	10487953	0	0	0	0	0	0	
805	10520	78917	1	10520250	0	0	0	0	0	0	
806	10551	79015	1	10551961	0	0	0	0	0	0	
807	10589	79113	1	10589201	0	0	0	0	0	0	
808	10619	79211	1	10619154	0	0	0	0	0	0	
809	10648	79309	1	10648686	0	0	0	0	0	0	
810	10675	79407	1	10675877	0	0	0	0	0	0	
811	10705	79505	1	10705801	0	0	0	0	0	0	
812	10737	79603	1	10737749	0	0	0	0	0	0	
813	10768	79701	1	10768845	0	0	0	0	0	0	
814	10800	79800	1	10800522	0	0	0	0	0	0	
815	10833	79898	1	10833441	0	0	0	0	0	0	
816	10865	79996	1	10865429	0	0	0	0	0	0	
817	10897	80094	1	10897034	0	0	0	0	0	0	
818	10928	80192	1	10928278	0	0	0	0	0	0	
819	10959	80290	1	10959349	0	0	0	0	0	0	
820	10993	80388	1	10993426	0	0	0	0	0	0	
821	11024	80486	1	11024807	0	0	0	0	0	0	
822	11055	80584	1	11055181	0	0	0	0	0	0	
823	11084	80682	1	11084821	0	0	0	0	0	0	
824	11119	80780	1	11119281	0	0	0	0	0	0	
825	11153	80878	1	11153182	0	0	0	0	0	0	
826	11185	80976	1	11185042	0	0	0	0	0	0	
827	11221	81074	1	11221131	0	0	0	0	0	0	
828	11250	81172	1	11250785	0	0	0	0	0	0	
829	11283	81270	1	11283362	0	0	0	0	0	0	
830	11315	81368	1	11315249	0	0	0	0	0	0	
831	11347	81466	1	11347893	0	0	0	0	0	0	
832	11381	81564	1	11381437	0	0	0	0	0	0	
833	11413	81662	1	11413525	0	0	0	0	0	0	
834	11447	81760	1	11447445	0	0	0	0	0	0	
835	11479	81858	1	11479117	0	0	0	0	0	0	
836	11508	81956	1	11508778	0	0	0	0	0	0	
837	11542	82054	1	11542161	0	0	0	0	0	0	
838	11574	82152	1	11574101	0	0	0	0	0	0	
839	11609	82250	1	11609157	0	0	0	0	0	0	
840	11641	82348	1	11641074	0	0	0	0	0	0	
841	11671	82446	1	11671689	0	0	0	0	0	0	
842	11702	82544	1	11702621	0	0	0	0	0	0	
843	11734	82643	1	11734989	0	0	0	0	0	0	
844	11769	82741	1	11769429	0	0	0	0	0	0	
845	11798	82839	1	11798853	0	0	0	0	0	0	
846	11828	82937	1	11828630	0	0	0	0	0	0	
847	11858	83035	1	11858697	0	0	0	0	0	0	
848	11893	83133	1	11893137	0	0	0	0	0	0	
849	11926	83231	1	11926077	0	0	0	0	0	0	
850	11959	83329	1	11959397	0	0	0	0	0	0	
851	11996	83427	1	11996393	0	0	0	0	0	0	
852	12026	83525	1	12026993	0	0	0	0	0	0	
853	12060	83623	1	12060941	0	0	0	0	0	0	
854	12096	83721	1	12096037	0	0	0	0	0	0	
855	12130	83819	1	12130637	0	0	0	0	0	0	
856	12164	83917	1	12164453	0	0	0	0	0	0	
857	12198	84015	1	12198853	0	0	0	0	0	0	
858	12232	84113	1	12232541	0	0	0	0	0	0	
859	12264	84211	1	12264457	0	0	0	0	0	0	
860	12298	84309	1	12298882	0	0	0	0	0	0	
861	12331	84407	1	12331985	0	0	0	0	0	0	
862	12362	84505	1	12362985	0	0	0	0	0	0	
863	12398	84603	1	12398225	0	0	0	0	0	0	
864	12432	84701	1	12432302	0	0	0	0	0	0	
865	12465	84799	1	12465749	0	0	0	0	0	0	
866	12501	84897	1	12501133	0	0	0	0	0	0	
867	12537	84995	1	12537265	0	0	0	0	0	0	
868	12566	85093	1	12566601	0	0	0	0	0	0	
869	12598	85191	1	12598842	0	0	0	0	0	0	
870	12633	85289	1	12633594	0	0	0	0	0	0	
871	12670	85387	1	12670880	0	0	0	0	0	0	
872	12701	85486	1	12701797	0	0	0	0	0	0	
873	12741	85584	1	12741063	0	0	0	0	0	0	
874	12772	85682	1	12772325	0	0	0	0	0	0	
875	12806	85780	1	12806886	0	0	0	0	0	0	
876	12839	85878	1	12839821	0	0	0	0	0	0	
877	12875	85976	1	12875029	0	0	0	0	0	0	
878	12909	86074	1	12909510	0	0	0	0	0	0	
879	12940	86172	1	12940317	0	0	0	0	0	0	
880	12973	86270	1	12973743	0	0	0	0	0	0	
881	13007	86368	1	13007709	0	0	0	0	0	0	
882	13046	86466	1	13046081	0	0	0	0	0	0	
883	13082	86564	1	13082565	0	0	0	0	0	0	
884	13119	86662	1	13119543	0	0	0	0	0	0	
885	13154	86760	1	13154493	0	0	0	0	0	0	
886	13186	86858	1	13186325	0	0	0	0	0	0	
887	13221	86956	1	13221634	0	0	0	0	0	0	
888	13255	87054	1	13255981	0	0	0	0	0	0	
889	13289	87152	1	13289621	0	0	0	0	0	0	
890	13322	87250	1	13322869	0	0	0	0	0	0	
891	13356	87348	1	13356829	0	0	0	0	0	0	
892	13394	87446	1	13394631	0	0	0	0	0	0	
893	13425	87544	1	13425341	0	0	0	0	0	0	
894	13460	87642	1	13460477	0	0	0	0	0	0	
895	13494	87740	1	13494581	0	0	0	0	0	0	
896	13531	87838	1	13531281	0	0	0	0	0	0	
897	13564	87936	1	13564178	0	0	0	0	0	0	
898	13596	88034	1	13596418	0	0	0	0	0	0	
899	13635	88132	1	13635934	0	0	0	0	0	0	
900	13667	88230	1	13667594	0	0	0	0	0	0	
901	13700	88328	1	13700726	0	0	0	0	0	0	
902	13735	88427	1	13735274	0	0	0	0	0	0	
903	13769	88525	1	13769778	0	0	0	0	0	0	
904	13801	88623	1	13801802	0	0	0	0	0	0	
905	13837	88721	1	13837417	0	0	0	0	0	0	
906	13871	88819	1	13871474	0	0	0	0	0	0	
907	13909	88917	1	13909701	0	0	0	0	0	0	
908	13946	89015	1	13946958	0	0	0	0	0	0	
909	13991	89113	1	13991507	0	0	0	0	0	0	
910	14026	89211	1	14026106	0	0	0	0	0	0	
911	14060	89309	1	14060105	0	0	0	0	0	0	
912	14096	89407	1	14096678	0	0	0	0	0	0	
913	14134	89505	1	14134846	0	0	0	0	0	0	
914	14171	89603	1	14171449	0	0	0	0	0	0	
915	14209	89701	1	14209628	0	0	0	0	0	0	
916	14244	89799	1	14244670	0	0	0	0	0	0	
917	14279	89897	1	14279535	0	0	0	0	0	0	
918	14314	89995	1	14314265	0	0	0	0	0	0	
919	14348	90093	1	14348401	0	0	0	0	0	0	
920	14388	90191	1	14388789	0	0	0	0	0	0	
921	14423	90289	1	14423386	0	0	0	0	0	0	
922	14456	90387	1	14456397	0	0	0	0	0	0	
923	14494	90485	1	14494817	0	0	0	0	0	0	
924	14530	90583	1	14530337	0	0	0	0	0	0	
925	14563	90681	1	14563285	0	0	0	0	0	0	
926	14597	90779	1	14597469	0	0	0	0	0	0	
927	14631	90877	1	14631921	0	0	0	0	0	0	
928	14667	90975	1	14667249	0	0	0	0	0	0	
929	14705	91073	1	14705923	0	0	0	0	0	0	
930	14738	91171	1	14738622	0	0	0	0	0	0	
931	14776	91270	1	14776749	0	0	0	0	0	0	
932	14810	91368	1	14810174	0	0	0	0	0	0	
933	14843	91466	1	14843070	0	0	0	0	0	0	
934	14884	91564	1	14884748	0	0	0	0	0	0	
935	14917	91662	1	14917172	0	0	0	0	0	0	
936	14950	91760	1	14950665	0	0	0	0	0	0	
937	14987	91858	1	14987937	0	0	0	0	0	0	
938	15022	91956	1	15022462	0	0	0	0	0	0	
939	15060	92054	1	15060172	0	0	0	0	0	0	
940	15095	92152	1	15095613	0	0	0	0	0	0	
941	15131	92250	1	15131762	0	0	0	0	0	0	
942	15165	92348	1	15165225	0	0	0	0	0	0	
943	15203	92446	1	15203165	0	0	0	0	0	0	
944	15243	92544	1	15243077	0	0	0	0	0	0	
945	15281	92642	1	15281845	0	0	0	0	0	0	
946	15319	92740	1	15319919	0	0	0	0	0	0	
947	15350	92838	1	15350989	0	0	0	0	0	0	
948	15389	92936	1	15389500	0	0	0	0	0	0	
949	15424	93034	1	15424138	0	0	0	0	0	0	
950	15463	93132	1	15463941	0	0	0	0	0	0	
951	15498	93230	1	15498634	0	0	0	0	0	0	
952	15531	93328	1	15531770	0	0	0	0	0	0	
953	15571	93426	1	15571601	0	0	0	0	0	0	
954	15611	93524	1	15611756	0	0	0	0	0	0	
955	15642	93622	1	15642990	0	0	0	0	0	0	
956	15680	93720	1	15680229	0	0	0	0	0	0	
957	15716	93818	1	15716517	0	0	0	0	0	0	
958	15754	93916	1	15754085	0	0	0	0	0	0	
959	15790	94014	1	15790741	0	0	0	0	0	0	
960	15826	94113	1	15826153	0	0	0	0	0	0	
961	15863	94211	1	15863841	0	0	0	0	0	0	
962	15901	94309	1	15901829	0	0	0	0	0	0	
963	15937	94407	1	15937689	0	0	0	0	0	0	
964	15974	94505	1	15974485	0	0	0	0	0	0	
965	16018	94603	1	16018165	0	0	0	0	0	0	
966	16053	94701	1	16053181	0	0	0	0	0	0	
967	16092	94799	1	16092473	0	0	0	0	0	0	
968	16135	94897	1	16135251	0	0	0	0	0	0	
969	16167	94995	1	16167593	0	0	0	0	0	0	
970	16203	95093	1	16203649	0	0	0	0	0	0	
971	16237	95191	1	16237926	0	0	0	0	0	0	
972	16274	95289	1	16274389	0	0	0	0	0	0	
973	16316	95387	1	16316022	0	0	0	0	0	0	
974	16353	95485	1	16353086	0	0	0	0	0	0	
975	16390	95583	1	16390661	0	0	0	0	0	0	
976	16429	95681	1	16429213	0	0	0	0	0	0	
977	16468	95779	1	16468517	0	0	0	0	0	0	
978	16506	95877	1	16506733	0	0	0	0	0	0	
979	16541	95975	1	16541253	0	0	0	0	0	0	
980	16580	96073	1	16580073	0	0	0	0	0	0	
981	16618	96171	1	16618265	0	0	0	0	0	0	
982	16657	96269	1	16657465	0	0	0	0	0	0	
983	16694	96367	1	16694578	0	0	0	0	0	0	
984	16737	96465	1	16737177	0	0	0	0	0	0	
985	16773	96563	1	16773689	0	0	0	0	0	0	
986	16817	96661	1	16817600	0	0	0	0	0	0	
987	16850	96759	1	16850637	0	0	0	0	0	0	
988	16889	96857	1	16889681	0	0	0	0	0	0	
989	16927	96956	1	16927109	0	0	0	0	0	0	
990	16966	97054	1	16966637	0	0	0	0	0	0	
991	17008	97152	1	17008450	0	0	0	0	0	0	
992	17042	97250	1	17042217	0	0	0	0	0	0	
993	17080	97348	1	17080769	0	0	0	0	0	0	
994	17118	97446	1	17118601	0	0	0	0	0	0	
995	17156	97544	1	17156173	0	0	0	0	0	0	
996	17195	97642	1	17195846	0	0	0	0	0	0	
997	17233	97740	1	17233989	0	0	0	0	0	0	
998	17274	97838	1	17274410	0	0	0	0	0	0	
999	17312	97936	1	17312090	0	0	0	0	0	0	
1000	17351	98034	1	17351049	0	0	0	0	0	0	
1001	17390	98132	1	17390761	0	0	0	0	0	0	
1002	17428	98230	1	17428233	0	0	0	0	0	0	
1003	17468	98328	1	17468265	0	0	0	0	0	0	
1004	17504	98426	1	17504106	0	0	0	0	0	0	
1005	17543	98524	1	17543825	0	0	0	0	0	0	
1006	17583	98622	1	17583529	0	0	0	0	0	0	
1007	17618	98720	1	17618825	0	0	0	0	0	0	
1008	17653	98818	1	17653937	0	0	0	0	0	0	
1009	17692	98916	1	17692161	0	0	0	0	0	0	
1010	17730	99014	1	17730833	0	0	0	0	0	0	
1011	17770	99112	1	17770605	0	0	0	0	0	0	
1012	17805	99210	1	17805605	0	0	0	0	0	0	
1013	17844	99308	1	17844589	0	0	0	0	0	0	
1014	17883	99406	1	17883969	0	0	0	0	0	0	
1015	17922	99504	1	17922149	0	0	0	0	0	0	
1016	17961	99602	1	17961365	0	0	0	0	0	0	
1017	18001	99700	1	18001523	0	0	0	0	0	0	
1018	18041	99799	1	18041205	0	0	0	0	0	0	
1019	18082	99897	1	18082561	0	0	0	0	0	0	
1020	18123	99995	1	18123199	0	0	0	0	0	0	
1021	18158	100093	1	18158541	0	0	0	0	0	0	
1022	18195	100191	1	18195781	0	0	0	0	0	0	
1023	18234	100289	1	18234733	0	0	0	0	0	0	
1024	18279	100387	1	18279058	0	0	0	0	0	0	
1025	18315	100485	1	18315882	0	0	0	0	0	0	
1026	18354	100583	1	18354534	0	0	0	0	0	0	
1027	18394	100681	1	18394473	0	0	0	0	0	0	
1028	18435	100779	1	18435422	0	0	0	0	0	0	
1029	18482	100877	1	18482380	0	0	0	0	0	0	
1030	18517	100975	1	18517810	0	0	0	0	0	0	
1031	18557	101073	1	18557665	0	0	0	0	0	0	
1032	18594	101171	1	18594653	0	0	0	0	0	0	
1033	18635	101269	1	18635594	0	0	0	0	0	0	
1034	18674	101367	1	18674493	0	0	0	0	0	0	
1035	18715	101465	1	18715403	0	0	0	0	0	0	
1036	18751	101563	1	18751226	0	0	0	0	0	0	
1037	18793	101661	1	18793202	0	0	0	0	0	0	
1038	18828	101759	1	18828806	0	0	0	0	0	0	
1039	18866	101857	1	18866798	0	0	0	0	0	0	
1040	18906	101955	1	18906773	0	0	0	0	0	0	
1041	18951	102053	1	18951669	0	0	0	0	0	0	
1042	18988	102151	1	18988238	0	0	0	0	0	0	
1043	19028	102249	1	19028878	0	0	0	0	0	0	
1044	19067	102347	1	19067145	0	0	0	0	0	0	
1045	19111	102445	1	19111266	0	0	0	0	0	0	
1046	19148	102543	1	19148230	0	0	0	0	0	0	
1047	19186	102642	1	19186949	0	0	0	0	0	0	
1048	19228	102740	1	19228605	0	0	0	0	0	0	
1049	19269	102838	1	19269993	0	0	0	0	0	0	
1050	19305	102936	1	19305605	0	0	0	0	0	0	
1051	19343	103034	1	19343185	0	0	0	0	0	0	
1052	19384	103132	1	19384537	0	0	0	0	0	0	
1053	19424	103230	1	19424141	0	0	0	0	0	0	
1054	19462	103328	1	19462369	0	0	0	0	0	0	
1055	19505	103426	1	19505521	0	0	0	0	0	0	
1056	19548	103524	1	19548577	0	0	0	0	0	0	
1057	19583	103622	1	19583146	0	0	0	0	0	0	
1058	19625	103720	1	19625974	0	0	0	0	0	0	
1059	19664	103818	1	19664557	0	0	0	0	0	0	
1060	19707	103916	1	19707953	0	0	0	0	0	0	
1061	19753	104014	1	19753549	0	0	0	0	0	0	
1062	19795	104112	1	19795509	0	0	0	0	0	0	
1063	19834	104210	1	19834878	0	0	0	0	0	0	
1064	19878	104308	1	19878044	0	0	0	0	0	0	
1065	19915	104406	1	19915945	0	0	0	0	0	0	
1066	19956	104504	1	19956394	0	0	0	0	0	0	
1067	20000	104602	1	20000225	0	0	0	0	0	0	
1068	20042	104700	1	20042027	0	0	0	0	0	0	
1069	20078	104798	1	20078013	0	0	0	0	0	0	
1070	20122	104896	1	20122463	0	0	0	0	0	0	
1071	20160	104994	1	20160149	0	0	0	0	0	0	
1072	20202	105092	1	20202038	0	0	0	0	0	0	
1073	20240	105190	1	20240597	0	0	0	0	0	0	
1074	20282	105288	1	20282277	0	0	0	0	0	0	
1075	20324	105386	1	20324601	0	0	0	0	0	0	
1076	20363	105485	1	20363905	0	0	0	0	0	0	
1077	20406	105583	1	20406109	0	0	0	0	0	0	
1078	20453	105681	1	20453632	0	0	0	0	0	0	
1079	20496	105779	1	20496848	0	0	0	0	0	0	
1080	20535	105877	1	20535525	0	0	0	0	0	0	
1081	20576	105975	1	20576237	0	0	0	0	0	0	
1082	20616	106073	1	20616513	0	0	0	0	0	0	
1083	20658	106171	1	20658981	0	0	0	0	0	0	
1084	20699	106269	1	20699721	0	0	0	0	0	0	
1085	20741	106367	1	20741309	0	0	0	0	0	0	
1086	20782	106465	1	20782705	0	0	0	0	0	0	
1087	20823	106563	1	20823889	0	0	0	0	0	0	
1088	20867	106661	1	20867889	0	0	0	0	0	0	
1089	20906	106759	1	20906737	0	0	0	0	0	0	
1090	20950	106857	1	20950542	0	0	0	0	0	0	
1091	20993	106955	1	20993823	0	0	0	0	0	0	
1092	21035	107053	1	21035445	0	0	0	0	0	0	
1093	21074	107151	1	21074097	0	0	0	0	0	0	
1094	21117	107249	1	21117269	0	0	0	0	0	0	
1095	21159	107347	1	21159517	0	0	0	0	0	0	
1096	21203	107445	1	21203360	0	0	0	0	0	0	
1097	21243	107543	1	21243666	0	0	0	0	0	0	
1098	21290	107641	1	21290471	0	0	0	0	0	0	
1099	21333	107739	1	21333615	0	0	0	0	0	0	
1100	21372	107837	1	21372508	0	0	0	0	0	0	
1101	21410	107935	1	21410529	0	0	0	0	0	0	
1102	21450	108033	1	21450501	0	0	0	0	0	0	
1103	21491	108131	1	21491465	0	0	0	0	0	0	
1104	21537	108229	1	21537085	0	0	0	0	0	0	
1105	21583	108328	1	21583595	0	0	0	0	0	0	
1106	21619	108426	1	21619461	0	0	0	0	0	0	
1107	21658	108524	1	21658953	0	0	0	0	0	0	
1108	21699	108622	1	21699625	0	0	0	0	0	0	
1109	21738	108720	1	21738745	0	0	0	0	0	0	
1110	21782	108818	1	21782061	0	0	0	0	0	0	
1111	21826	108916	1	21826811	0	0	0	0	0	0	
1112	21862	109014	1	21862625	0	0	0	0	0	0	
1113	21909	109112	1	21909653	0	0	0	0	0	0	
1114	21949	109210	1	21949049	0	0	0	0	0	0	
1115	21997	109308	1	21997759	0	0	0	0	0	0	
1116	22039	109406	1	22039025	0	0	0	0	0	0	
1117	22079	109504	1	22079013	0	0	0	0	0	0	
1118	22118	109602	1	22118325	0	0	0	0	0	0	
1119	22160	109700	1	22160961	0	0	0	0	0	0	
1120	22207	109798	1	22207377	0	0	0	0	0	0	
1121	22253	109896	1	22253725	0	0	0	0	0	0	
1122	22292	109994	1	22292029	0	0	0	0	0	0	
1123	22333	110092	1	22333697	0	0	0	0	0	0	
1124	22375	110190	1	22375229	0	0	0	0	0	0	
1125	22415	110288	1	22415729	0	0	0	0	0	0	
1126	22454	110386	1	22454605	0	0	0	0	0	0	
1127	22494	110484	1	22494977	0	0	0	0	0	0	
1128	22541	110582	1	22541453	0	0	0	0	0	0	
1129	22584	110680	1	22584805	0	0	0	0	0	0	
1130	22628	110778	1	22628657	0	0	0	0	0	0	
1131	22671	110876	1	22671061	0	0	0	0	0	0	
1132	22717	110974	1	22717313	0	0	0	0	0	0	
1133	22757	111072	1	22757241	0	0	0	0	0	0	
1134	22800	111171	1	22800937	0	0	0	0	0	0	
1135	22842	111269	1	22842921	0	0	0	0	0	0	
1136	22884	111367	1	22884097	0	0	0	0	0	0	
1137	22928	111465	1	22928286	0	0	0	0	0	0	
1138	22970	111563	1	22970973	0	0	0	0	0	0	
1139	23013	111661	1	23013797	0	0	0	0	0	0	
1140	23056	111759	1	23056249	0	0	0	0	0	0	
1141	23101	111857	1	23101385	0	0	0	0	0	0	
1142	23140	111955	1	23140913	0	0	0	0	0	0	
1143	23184	112053	1	23184057	0	0	0	0	0	0	
1144	23229	112151	1	23229540	0	0	0	0	0	0	
1145	23275	112249	1	23275045	0	0	0	0	0	0	
1146	23316	112347	1	23316449	0	0	0	0	0	0	
1147	23362	112445	1	23362273	0	0	0	0	0	0	
1148	23407	112543	1	23407589	0	0	0	0	0	0	
1149	23452	112641	1	23452922	0	0	0	0	0	0	
1150	23493	112739	1	23493673	0	0	0	0	0	0	
1151	23536	112837	1	23536909	0	0	0	0	0	0	
1152	23580	112935	1	23580969	0	0	0	0	0	0	
1153	23626	113033	1	23626146	0	0	0	0	0	0	
1154	23669	113131	1	23669790	0	0	0	0	0	0	
1155	23709	113229	1	23709638	0	0	0	0	0	0	
1156	23750	113327	1	23750578	0	0	0	0	0	0	
1157	23795	113425	1	23795193	0	0	0	0	0	0	
1158	23836	113523	1	23836786	0	0	0	0	0	0	
1159	23877	113621	1	23877534	0	0	0	0	0	0	
1160	23923	113719	1	23923138	0	0	0	0	0	0	
1161	23964	113817	1	23964993	0	0	0	0	0	0	
1162	24010	113915	1	24010134	0	0	0	0	0	0	
1163	24058	114014	1	24058021	0	0	0	0	0	0	
1164	24097	114112	1	24097997	0	0	0	0	0	0	
1165	24138	114210	1	24138894	0	0	0	0	0	0	
1166	24186	114308	1	24186038	0	0	0	0	0	0	
1167	24231	114406	1	24231121	0	0	0	0	0	0	
1168	24275	114504	1	24275882	0	0	0	0	0	0	
1169	24327	114602	1	24327041	0	0	0	0	0	0	
1170	24370	114700	1	24370472	0	0	0	0	0	0	
1171	24411	114798	1	24411446	0	0	0	0	0	0	
1172	24455	114896	1	24455669	0	0	0	0	0	0	
1173	24498	114994	1	24498370	0	0	0	0	0	0	
1174	24542	115092	1	24542601	0	0	0	0	0	0	
1175	24584	115190	1	24584707	0	0	0	0	0	0	
1176	24627	115288	1	24627264	0	0	0	0	0	0	
1177	24670	115386	1	24670269	0	0	0	0	0	0	
1178	24715	115484	1	24715698	0	0	0	0	0	0	
1179	24759	115582	1	24759861	0	0	0	0	0	0	
1180	24806	115680	1	24806553	0	0	0	0	0	0	
1181	24848	115778	1	24848053	0	0	0	0	0	0	
1182	24890	115876	1	24890038	0	0	0	0	0	0	
1183	24934	115974	1	24934393	0	0	0	0	0	0	
1184	24980	116072	1	24980934	0	0	0	0	0	0	
1185	25024	116170	1	25024661	0	0	0	0	0	0	
1186	25072	116268	1	25072261	0	0	0	0	0	0	
1187	25116	116366	1	25116101	0	0	0	0	0	0	
1188	25160	116464	1	25160877	0	0	0	0	0	0	
1189	25207	116562	1	25207860	0	0	0	0	0	0	
1190	25253	116660	1	25253766	0	0	0	0	0	0	
1191	25299	116758	1	25299753	0	0	0	0	0	0	
1192	25344	116857	1	25344714	0	0	0	0	0	0	
1193	25387	116955	1	25387009	0	0	0	0	0	0	
1194	25430	117053	1	25430446	0	0	0	0	0	0	
1195	25475	117151	1	25475433	0	0	0	0	0	0	
1196	25522	117249	1	25522793	0	0	0	0	0	0	
1197	25567	117347	1	25567585	0	0	0	0	0	0	
1198	25613	117445	1	25613481	0	0	0	0	0	0	
1199	25661	117543	1	25661369	0	0	0	0	0	0	
1200	25710	117641	1	25710389	0	0	0	0	0	0	
1201	25753	117739	1	25753809	0	0	0	0	0	0	
1202	25800	117837	1	25800098	0	0	0	0	0	0	
1203	25844	117935	1	25844766	0	0	0	0	0	0	
1204	25892	118033	1	25892773	0	0	0	0	0	0	
1205	25942	118131	1	25942118	0	0	0	0	0	0	
1206	25989	118229	1	25989470	0	0	0	0	0	0	
1207	26040	118327	1	26040752	0	0	0	0	0	0	
1208	26088	118425	1	26088621	0	0	0	0	0	0	
1209	26130	118523	1	26130397	0	0	0	0	0	0	
1210	26173	118621	1	26173621	0	0	0	0	0	0	
1211	26223	118719	1	26223022	0	0	0	0	0	0	
1212	26266	118817	1	26266589	0	0	0	0	0	0	
1213	26314	118915	1	26314309	0	0	0	0	0	0	
1214	26357	119013	1	26357365	0	0	0	0	0	0	
1215	26402	119111	1	26402214	0	0	0	0	0	0	
1216	26448	119209	1	26448614	0	0	0	0	0	0	
1217	26494	119307	1	26494509	0	0	0	0	0	0	
1218	26539	119405	1	26539733	0	0	0	0	0	0	
1219	26584	119503	1	26584641	0	0	0	0	0	0	
1220	26630	119601	1	26630786	0	0	0	0	0	0	
1221	26681	119700	1	26681070	0	0	0	0	0	0	
1222	26727	119798	1	26727014	0	0	0	0	0	0	
1223	26771	119896	1	26771125	0	0	0	0	0	0	
1224	26817	119994	1	26817809	0	0	0	0	0	0	
1225	26861	120092	1	26861581	0	0	0	0	0	0	
1226	26906	120190	1	26906769	0	0	0	0	0	0	
1227	26955	120288	1	26955485	0	0	0	0	0	0	
1228	26999	120386	1	26999505	0	0	0	0	0	0	
1229	27044	120484	1	27044633	0	0	0	0	0	0	
1230	27088	120582	1	27088374	0	0	0	0	0	0	
1231	27143	120680	1	27143768	0	0	0	0	0	0	
1232	27185	120778	1	27185021	0	0	0	0	0	0	
1233	27230	120876	1	27230546	0	0	0	0	0	0	
1234	27283	120974	1	27283756	0	0	0	0	0	0	
1235	27325	121072	1	27325885	0	0	0	0	0	0	
1236	27372	121170	1	27372525	0	0	0	0	0	0	
1237	27418	121268	1	27418489	0	0	0	0	0	0	
1238	27464	121366	1	27464645	0	0	0	0	0	0	
1239	27511	121464	1	27511933	0	0	0	0	0	0	
1240	27562	121562	1	27562133	0	0	0	0	0	0	
1241	27603	121660	1	27603833	0	0	0	0	0	0	
1242	27651	121758	1	27651601	0	0	0	0	0	0	
1243	27699	121856	1	27699825	0	0	0	0	0	0	
1244	27744	121954	1	27744701	0	0	0	0	0	0	
1245	27788	122052	1	27788689	0	0	0	0	0	0	
1246	27837	122150	1	27837345	0	0	0	0	0	0	
1247	27889	122248	1	27889378	0	0	0	0	0	0	
1248	27939	122346	1	27939461	0	0	0	0	0	0	
1249	27989	122444	1	27989105	0	0	0	0	0	0	
1250	28036	122543	1	28036201	0	0	0	0	0	0	
1251	28083	122641	1	28083161	0	0	0	0	0	0	
1252	28134	122739	1	28134749	0	0	0	0	0	0	
1253	28179	122837	1	28179443	0	0	0	0	0	0	
1254	28226	122935	1	28226265	0	0	0	0	0	0	
1255	28273	123033	1	28273689	0	0	0	0	0	0	
1256	28321	123131	1	28321241	0	0	0	0	0	0	
1257	28369	123229	1	28369341	0	0	0	0	0	0	
1258	28415	123327	1	28415505	0	0	0	0	0	0	
1259	28467	123425	1	28467101	0	0	0	0	0	0	
1260	28514	123523	1	28514741	0	0	0	0	0	0	
1261	28560	123621	1	28560257	0	0	0	0	0	0	
1262	28608	123719	1	28608097	0	0	0	0	0	0	
1263	28655	123817	1	28655797	0	0	0	0	0	0	
1264	28704	123915	1	28704761	0	0	0	0	0	0	
1265	28754	124013	1	28754977	0	0	0	0	0	0	
1266	28801	124111	1	28801117	0	0	0	0	0	0	
1267	28856	124209	1	28856893	0	0	0	0	0	0	
1268	28904	124307	1	28904277	0	0	0	0	0	0	
1269	28947	124405	1	28947637	0	0	0	0	0	0	
1270	28996	124503	1	28996701	0	0	0	0	0	0	
1271	29042	124601	1	29042501	0	0	0	0	0	0	
1272	29089	124699	1	29089150	0	0	0	0	0	0	
1273	29136	124797	1	29136305	0	0	0	0	0	0	
1274	29183	124895	1	29183673	0	0	0	0	0	0	
1275	29233	124993	1	29233185	0	0	0	0	0	0	
1276	29279	125091	1	29279625	0	0	0	0	0	0	
1277	29326	125189	1	29326485	0	0	0	0	0	0	
1278	29372	125287	1	29372549	0	0	0	0	0	0	
1279	29418	125386	1	29418766	0	0	0	0	0	0	
1280	29468	125484	1	29468597	0	0	0	0	0	0	
1281	29518	125582	1	29518510	0	0	0	0	0	0	
1282	29566	125680	1	29566437	0	0	0	0	0	0	
1283	29612	125778	1	29612374	0	0	0	0	0	0	
1284	29658	125876	1	29658154	0	0	0	0	0	0	
1285	29706	125974	1	29706682	0	0	0	0	0	0	
1286	29753	126072	1	29753898	0	0	0	0	0	0	
1287	29802	126170	1	29802514	0	0	0	0	0	0	
1288	29852	126268	1	29852554	0	0	0	0	0	0	
1289	29906	126366	1	29906459	0	0	0	0	0	0	
1290	29950	126464	1	29950165	0	0	0	0	0	0	
1291	29997	126562	1	29997205	0	0	0	0	0	0	
1292	30046	126660	1	30046814	0	0	0	0	0	0	
1293	30094	126758	1	30094174	0	0	0	0	0	0	
1294	30140	126856	1	30140709	0	0	0	0	0	0	
1295	30188	126954	1	30188194	0	0	0	0	0	0	
1296	30234	127052	1	30234530	0	0	0	0	0	0	
1297	30283	127150	1	30283158	0	0	0	0	0	0	
1298	30337	127248	1	30337658	0	0	0	0	0	0	
1299	30383	127346	1	30383853	0	0	0	0	0	0	
1300	30435	127444	1	30435141	0	0	0	0	0	0	
1301	30487	127542	1	30487001	0	0	0	0	0	0	
1302	30534	127640	1	30534961	0	0	0	0	0	0	
1303	30584	127738	1	30584373	0	0	0	0	0	0	
1304	30632	127836	1	30632357	0	0	0	0	0	0	
1305	30679	127934	1	30679410	0	0	0	0	0	0	
1306	30730	128032	1	30730473	0	0	0	0	0	0	
1307	30782	128130	1	30782297	0	0	0	0	0	0	
1308	30828	128229	1	30828901	0	0	0	0	0	0	
1309	30878	128327	1	30878425	0	0	0	0	0	0	
1310	30927	128425	1	30927585	0	0	0	0	0	0	
1311	30975	128523	1	30975610	0	0	0	0	0	0	
1312	31023	128621	1	31023266	0	0	0	0	0	0	
1313	31073	128719	1	31073509	0	0	0	0	0	0	
1314	31120	128817	1	31120605	0	0	0	0	0	0	
1315	31168	128915	1	31168162	0	0	0	0	0	0	
1316	31217	129013	1	31217270	0	0	0	0	0	0	
1317	31264	129111	1	31264786	0	0	0	0	0	0	
1318	31314	129209	1	31314545	0	0	0	0	0	0	
1319	31364	129307	1	31364921	0	0	0	0	0	0	
1320	31408	129405	1	31408249	0	0	0	0	0	0	
1321	31457	129503	1	31457842	0	0	0	0	0	0	
1322	31510	129601	1	31510341	0	0	0	0	0	0	
1323	31560	129699	1	31560385	0	0	0	0	0	0	
1324	31615	129797	1	31615044	0	0	0	0	0	0	
1325	31663	129895	1	31663213	0	0	0	0	0	0	
1326	31709	129993	1	31709678	0	0	0	0	0	0	
1327	31764	130091	1	31764003	0	0	0	0	0	0	
1328	31808	130189	1	31808213	0	0	0	0	0	0	
1329	31861	130287	1	31861124	0	0	0	0	0	0	
1330	31906	130385	1	31906066	0	0	0	0	0	0	
1331	31956	130483	1	31956594	0	0	0	0	0	0	
1332	32008	130581	1	32008027	0	0	0	0	0	0	
1333	32057	130679	1	32057985	0	0	0	0	0	0	
1334	32104	130777	1	32104466	0	0	0	0	0	0	
1335	32153	130875	1	32153366	0	0	0	0	0	0	
1336	32203	130973	1	32203397	0	0	0	0	0	0	
1337	32257	131071	1	32257281	0	0	0	0	0	0	
1338	32309	131170	1	32309530	0	0	0	0	0	0	
1339	32359	131268	1	32359841	0	0	0	0	0	0	
1340	32410	131366	1	32410108	0	0	0	0	0	0	
1341	32460	131464	1	32460466	0	0	0	0	0	0	
1342	32510	131562	1	32510705	0	0	0	0	0	0	
1343	32558	131660	1	32558757	0	0	0	0	0	0	
1344	32615	131758	1	32615249	0	0	0	0	0	0	
1345	32661	131856	1	32661265	0	0	0	0	0	0	
1346	32711	131954	1	32711766	0	0	0	0	0	0	
1347	32759	132052	1	32759526	0	0	0	0	0	0	
1348	32808	132150	1	32808341	0	0	0	0	0	0	
1349	32857	132248	1	32857798	0	0	0	0	0	0	
1350	32910	132346	1	32910749	0	0	0	0	0	0	
1351	32959	132444	1	32959933	0	0	0	0	0	0	
1352	33009	132542	1	33009509	0	0	0	0	0	0	
1353	33061	132640	1	33061365	0	0	0	0	0	0	
1354	33114	132738	1	33114334	0	0	0	0	0	0	
1355	33163	132836	1	33163566	0	0	0	0	0	0	
1356	33216	132934	1	33216477	0	0	0	0	0	0	
1357	33266	133032	1	33266613	0	0	0	0	0	0	
1358	33317	133130	1	33317069	0	0	0	0	0	0	
1359	33366	133228	1	33366873	0	0	0	0	0	0	
1360	33421	133326	1	33421949	0	0	0	0	0	0	
1361	33474	133424	1	33474957	0	0	0	0	0	0	
1362	33524	133522	1	33524818	0	0	0	0	0	0	
1363	33574	133620	1	33574123	0	0	0	0	0	0	
1364	33625	133718	1	33625249	0	0	0	0	0	0	
1365	33679	133816	1	33679390	0	0	0	0	0	0	
1366	33729	133914	1	33729485	0	0	0	0	0	0	
1367	33776	134013	1	33776657	0	0	0	0	0	0	
1368	33830	134111	1	33830365	0	0	0	0	0	0	
1369	33877	134209	1	33877949	0	0	0	0	0	0	
1370	33930	134307	1	33930834	0	0	0	0	0	0	
1371	33979	134405	1	33979377	0	0	0	0	0	0	
1372	34027	134503	1	34027877	0	0	0	0	0	0	
1373	34077	134601	1	34077401	0	0	0	0	0	0	
1374	34128	134699	1	34128901	0	0	0	0	0	0	
1375	34179	134797	1	34179045	0	0	0	0	0	0	
1376	34229	134895	1	34229891	0	0	0	0	0	0	
1377	34278	134993	1	34278059	0	0	0	0	0	0	
1378	34325	135091	1	34325981	0	0	0	0	0	0	
1379	34378	135189	1	34378173	0	0	0	0	0	0	
1380	34429	135287	1	34429717	0	0	0	0	0	0	
1381	34478	135385	1	34478314	0	0	0	0	0	0	
1382	34530	135483	1	34530537	0	0	0	0	0	0	
1383	34583	135581	1	34583486	0	0	0	0	0	0	
1384	34636	135679	1	34636005	0	0	0	0	0	0	
1385	34685	135777	1	34685441	0	0	0	0	0	0	
1386	34734	135875	1	34734290	0	0	0	0	0	0	
1387	34785	135973	1	34785929	0	0	0	0	0	0	
1388	34836	136071	1	34836253	0	0	0	0	0	0	
1389	34890	136169	1	34890921	0	0	0	0	0	0	
1390	34940	136267	1	34940341	0	0	0	0	0	0	
1391	34994	136365	1	34994285	0	0	0	0	0	0	
1392	35042	136463	1	35042557	0	0	0	0	0	0	
1393	35097	136561	1	35097277	0	0	0	0	0	0	
1394	35148	136659	1	35148845	0	0	0	0	0	0	
1395	35199	136757	1	35199241	0	0	0	0	0	0	
1396	35250	136856	1	35250217	0	0	0	0	0	0	
1397	35300	136954	1	35300929	0	0	0	0	0	0	
1398	35348	137052	1	35348789	0	0	0	0	0	0	
1399	35398	137150	1	35398334	0	0	0	0	0	0	
1400	35448	137248	1	35448005	0	0	0	0	0	0	
1401	35497	137346	1	35497909	0	0	0	0	0	0	
1402	35550	137444	1	35550567	0	0	0	0	0	0	
1403	35602	137542	1	35602057	0	0	0	0	0	0	
1404	35657	137640	1	35657961	0	0	0	0	0	0	
1405	35706	137738	1	35706289	0	0	0	0	0	0	
1406	35755	137836	1	35755069	0	0	0	0	0	0	
1407	35805	137934	1	35805953	0	0	0	0	0	0	
1408	35853	138032	1	35853641	0	0	0	0	0	0	
1409	35901	138130	1	35901485	0	0	0	0	0	0	
1410	35953	138228	1	35953442	0	0	0	0	0	0	
1411	36004	138326	1	36004565	0	0	0	0	0	0	
1412	36052	138424	1	36052054	0	0	0	0	0	0	
1413	36106	138522	1	36106269	0	0	0	0	0	0	
1414	36161	138620	1	36161100	0	0	0	0	0	0	
1415	36206	138718	1	36206878	0	0	0	0	0	0	
1416	36258	138816	1	36258729	0	0	0	0	0	0	
1417	36310	138914	1	36310058	0	0	0	0	0	0	
1418	36363	139012	1	36363736	0	0	0	0	0	0	
1419	36414	139110	1	36414349	0	0	0	0	0	0	
1420	36465	139208	1	36465254	0	0	0	0	0	0	
1421	36520	139306	1	36520786	0	0	0	0	0	0	
1422	36570	139404	1	36570526	0	0	0	0	0	0	
1423	36623	139502	1	36623193	0	0	0	0	0	0	
1424	36676	139600	1	36676813	0	0	0	0	0	0	
1425	36723	139699	1	36723758	0	0	0	0	0	0	
1426	36775	139797	1	36775798	0	0	0	0	0	0	
1427	36825	139895	1	36825909	0	0	0	0	0	0	
1428	36878	139993	1	36878296	0	0	0	0	0	0	
1429	36929	140091	1	36929758	0	0	0	0	0	0	
1430	36979	140189	1	36979386	0	0	0	0	0	0	
1431	37030	140287	1	37030442	0	0	0	0	0	0	
1432	37081	140385	1	37081361	0	0	0	0	0	0	
1433	37133	140483	1	37133473	0	0	0	0	0	0	
1434	37184	140581	1	37184477	0	0	0	0	0	0	
1435	37238	140679	1	37238282	0	0	0	0	0	0	
1436	37284	140777	1	37284522	0	0	0	0	0	0	
1437	37336	140875	1	37336285	0	0	0	0	0	0	
1438	37389	140973	1	37389482	0	0	0	0	0	0	
1439	37440	141071	1	37440765	0	0	0	0	0	0	
1440	37493	141169	1	37493177	0	0	0	0	0	0	
1441	37546	141267	1	37546841	0	0	0	0	0	0	
1442	37597	141365	1	37597018	0	0	0	0	0	0	
1443	37650	141463	1	37650261	0	0	0	0	0	0	
1444	37701	141561	1	37701274	0	0	0	0	0	0	
1445	37750	141659	1	37750229	0	0	0	0	0	0	
1446	37803	141757	1	37803409	0	0	0	0	0	0	
1447	37850	141855	1	37850750	0	0	0	0	0	0	
1448	37905	141953	1	37905195	0	0	0	0	0	0	
1449	37951	142051	1	37951953	0	0	0	0	0	0	
1450	38000	142149	1	38000397	0	0	0	0	0	0	
1451	38052	142247	1	38052898	0	0	0	0	0	0	
1452	38104	142345	1	38104642	0	0	0	0	0	0	
1453	38157	142443	1	38157115	0	0	0	0	0	0	
1454	38205	142542	1	38205358	0	0	0	0	0	0	
1455	38258	142640	1	38258589	0	0	0	0	0	0	
1456	38311	142738	1	38311354	0	0	0	0	0	0	
1457	38365	142836	1	38365693	0	0	0	0	0	0	
1458	38421	142934	1	38421437	0	0	0	0	0	0	
1459	38469	143032	1	38469006	0	0	0	0	0	0	
1460	38520	143130	1	38520530	0	0	0	0	0	0	
1461	38572	143228	1	38572542	0	0	0	0	0	0	
1462	38623	143326	1	38623966	0	0	0	0	0	0	
1463	38675	143424	1	38675709	0	0	0	0	0	0	
1464	38726	143522	1	38726137	0	0	0	0	0	0	
1465	38778	143620	1	38778329	0	0	0	0	0	0	
1466	38828	143718	1	38828521	0	0	0	0	0	0	
1467	38883	143816	1	38883462	0	0	0	0	0	0	
1468	38930	143914	1	38930765	0	0	0	0	0	0	
1469	38983	144012	1	38983721	0	0	0	0	0	0	
1470	39034	144110	1	39034889	0	0	0	0	0	0	
1471	39084	144208	1	39084438	0	0	0	0	0	0	
1472	39144	144306	1	39144072	0	0	0	0	0	0	
1473	39194	144404	1	39194221	0	0	0	0	0	0	
1474	39247	144502	1	39247098	0	0	0	0	0	0	
1475	39298	144600	1	39298930	0	0	0	0	0	0	
1476	39352	144698	1	39352433	0	0	0	0	0	0	
1477	39405	144796	1	39405909	0	0	0	0	0	0	
1478	39452	144894	1	39452774	0	0	0	0	0	0	
1479	39502	144992	1	39502329	0	0	0	0	0	0	
1480	39554	145090	1	39554178	0	0	0	0	0	0	
1481	39609	145188	1	39609457	0	0	0	0	0	0	
1482	39665	145286	1	39665929	0	0	0	0	0	0	
1483	39718	145385	1	39718025	0	0	0	0	0	0	
1484	39770	145483	1	39770509	0	0	0	0	0	0	
1485	39826	145581	1	39826014	0	0	0	0	0	0	
1486	39883	145679	1	39883407	0	0	0	0	0	0	
1487	39932	145777	1	39932753	0	0	0	0	0	0	
1488	39985	145875	1	39985826	0	0	0	0	0	0	
1489	40038	145973	1	40038605	0	0	0	0	0	0	
1490	40093	146071	1	40093125	0	0	0	0	0	0	
1491	40145	146169	1	40145814	0	0	0	0	0	0	
1492	40202	146267	1	40202052	0	0	0	0	0	0	
1493	40250	146365	1	40250969	0	0	0	0	0	0	
1494	40302	146463	1	40302961	0	0	0	0	0	0	
1495	40357	146561	1	40357633	0	0	0	0	0	0	
1496	40412	146659	1	40412228	0	0	0	0	0	0	
1497	40463	146757	1	40463109	0	0	0	0	0	0	
1498	40517	146855	1	40517105	0	0	0	0	0	0	
1499	40572	146953	1	40572517	0	0	0	0	0	0	
1500	40625	147051	1	40625626	0	0	0	0	0	0	
1501	40681	147149	1	40681225	0	0	0	0	0	0	
1502	40735	147247	1	40735173	0	0	0	0	0	0	
1503	40788	147345	1	40788353	0	0	0	0	0	0	
1504	40841	147443	1	40841725	0	0	0	0	0	0	
1505	40895	147541	1	40895857	0	0	0	0	0	0	
1506	40949	147639	1	40949845	0	0	0	0	0	0	
1507	41001	147737	1	41001121	0	0	0	0	0	0	
1508	41053	147835	1	41053489	0	0	0	0	0	0	
1509	41107	147933	1	41107561	0	0	0	0	0	0	
1510	41158	148031	1	41158517	0	0	0	0	0	0	
1511	41211	148129	1	41211401	0	0	0	0	0	0	
1512	41267	148228	1	41267085	0	0	0	0	0	0	
1513	41316	148326	1	41316365	0	0	0	0	0	0	
1514	41369	148424	1	41369837	0	0	0	0	0	0	
1515	41425	148522	1	41425473	0	0	0	0	0	0	
1516	41476	148620	1	41476093	0	0	0	0	0	0	
1517	41526	148718	1	41526722	0	0	0	0	0	0	
1518	41579	148816	1	41579311	0	0	0	0	0	0	
1519	41631	148914	1	41631689	0	0	0	0	0	0	
1520	41685	149012	1	41685121	0	0	0	0	0	0	
1521	41735	149110	1	41735772	0	0	0	0	0	0	
1522	41788	149208	1	41788953	0	0	0	0	0	0	
1523	41842	149306	1	41842925	0	0	0	0	0	0	
1524	41896	149404	1	41896185	0	0	0	0	0	0	
1525	41950	149502	1	41950773	0	0	0	0	0	0	
1526	42004	149600	1	42004237	0	0	0	0	0	0	
1527	42055	149698	1	42055433	0	0	0	0	0	0	
1528	42108	149796	1	42108249	0	0	0	0	0	0	
1529	42161	149894	1	42161988	0	0	0	0	0	0	
1530	42217	149992	1	42217210	0	0	0	0	0	0	
1531	42268	150090	1	42268025	0	0	0	0	0	0	
1532	42321	150188	1	42321209	0	0	0	0	0	0	
1533	42375	150286	1	42375018	0	0	0	0	0	0	
1534	42429	150384	1	42429538	0	0	0	0	0	0	
1535	42482	150482	1	42482653	0	0	0	0	0	0	
1536	42535	150580	1	42535785	0	0	0	0	0	0	
1537	42587	150678	1	42587962	0	0	0	0	0	0	
1538	42640	150776	1	42640498	0	0	0	0	0	0	
1539	42696	150874	1	42696893	0	0	0	0	0	0	
1540	42751	150972	1	42751749	0	0	0	0	0	0	
1541	42800	151071	1	42800343	0	0	0	0	0	0	
1542	42852	151169	1	42852686	0	0	0	0	0	0	
1543	42906	151267	1	42906526	0	0	0	0	0	0	
1544	42961	151365	1	42961906	0	0	0	0	0	0	
1545	43015	151463	1	43015570	0	0	0	0	0	0	
1546	43071	151561	1	43071630	0	0	0	0	0	0	
1547	43123	151659	1	43123798	0	0	0	0	0	0	
1548	43177	151757	1	43177078	0	0	0	0	0	0	
1549	43229	151855	1	43229334	0	0	0	0	0	0	
1550	43282	151953	1	43282066	0	0	0	0	0	0	
1551	43336	152051	1	43336374	0	0	0	0	0	0	
1552	43392	152149	1	43392471	0	0	0	0	0	0	
1553	43446	152247	1	43446981	0	0	0	0	0	0	
1554	43497	152345	1	43497977	0	0	0	0	0	0	
1555	43553	152443	1	43553997	0	0	0	0	0	0	
1556	43609	152541	1	43609153	0	0	0	0	0	0	
1557	43663	152639	1	43663173	0	0	0	0	0	0	
1558	43718	152737	1	43718710	0	0	0	0	0	0	
1559	43770	152835	1	43770230	0	0	0	0	0	0	
1560	43824	152933	1	43824974	0	0	0	0	0	0	
1561	43885	153031	1	43885214	0	0	0	0	0	0	
1562	43941	153129	1	43941018	0	0	0	0	0	0	
1563	43993	153227	1	43993193	0	0	0	0	0	0	
1564	44048	153325	1	44048669	0	0	0	0	0	0	
1565	44103	153423	1	44103162	0	0	0	0	0	0	
1566	44154	153521	1	44154693	0	0	0	0	0	0	
1567	44208	153619	1	44208913	0	0	0	0	0	0	
1568	44262	153717	1	44262981	0	0	0	0	0	0	
1569	44316	153815	1	44316433	0	0	0	0	0	0	
1570	44370	153914	1	44370166	0	0	0	0	0	0	
1571	44422	154012	1	44422122	0	0	0	0	0	0	
1572	44478	154110	1	44478558	0	0	0	0	0	0	
1573	44536	154208	1	44536810	0	0	0	0	0	0	
1574	44588	154306	1	44588873	0	0	0	0	0	0	
1575	44645	154404	1	44645213	0	0	0	0	0	0	
1576	44699	154502	1	44699273	0	0	0	0	0	0	
1577	44753	154600	1	44753566	0	0	0	0	0	0	
1578	44806	154698	1	44806965	0	0	0	0	0	0	
1579	44862	154796	1	44862865	0	0	0	0	0	0	
1580	44919	154894	1	44919241	0	0	0	0	0	0	
1581	44978	154992	1	44978741	0	0	0	0	0	0	
1582	45032	155090	1	45032741	0	0	0	0	0	0	
1583	45086	155188	1	45086437	0	0	0	0	0	0	
1584	45142	155286	1	45142209	0	0	0	0	0	0	
1585	45203	155384	1	45203299	0	0	0	0	0	0	
1586	45258	155482	1	45258658	0	0	0	0	0	0	
1587	45312	155580	1	45312105	0	0	0	0	0	0	
1588	45366	155678	1	45366833	0	0	0	0	0	0	
1589	45421	155776	1	45421125	0	0	0	0	0	0	
1590	45473	155874	1	45473205	0	0	0	0	0	0	
1591	45523	155972	1	45523717	0	0	0	0	0	0	
1592	45577	156070	1	45577225	0	0	0	0	0	0	
1593	45631	156168	1	45631921	0	0	0	0	0	0	
1594	45686	156266	1	45686250	0	0	0	0	0	0	
1595	45739	156364	1	45739878	0	0	0	0	0	0	
1596	45793	156462	1	45793622	0	0	0	0	0	0	
1597	45851	156560	1	45851342	0	0	0	0	0	0	
1598	45908	156658	1	45908001	0	0	0	0	0	0	
1599	45966	156757	1	45966538	0	0	0	0	0	0	
1600	46018	156855	1	46018701	0	0	0	0	0	0	
1601	46073	156953	1	46073593	0	0	0	0	0	0	
1602	46131	157051	1	46131102	0	0	0	0	0	0	
1603	46186	157149	1	46186609	0	0	0	0	0	0	
1604	46246	157247	1	46246654	0	0	0	0	0	0	
1605	46298	157345	1	46298761	0	0	0	0	0	0	
1606	46354	157443	1	46354117	0	0	0	0	0	0	
1607	46409	157541	1	46409629	0	0	0	0	0	0	
1608	46465	157639	1	46465334	0	0	0	0	0	0	
1609	46521	157737	1	46521361	0	0	0	0	0	0	
1610	46575	157835	1	46575886	0	0	0	0	0	0	
1611	46629	157933	1	46629433	0	0	0	0	0	0	
1612	46690	158031	1	46690353	0	0	0	0	0	0	
1613	46746	158129	1	46746337	0	0	0	0	0	0	
1614	46803	158227	1	46803073	0	0	0	0	0	0	
1615	46867	158325	1	46867771	0	0	0	0	0	0	
1616	46924	158423	1	46924334	0	0	0	0	0	0	
1617	46985	158521	1	46985553	0	0	0	0	0	0	
1618	47044	158619	1	47044070	0	0	0	0	0	0	
1619	47100	158717	1	47100677	0	0	0	0	0	0	
1620	47158	158815	1	47158817	0	0	0	0	0	0	
1621	47220	158913	1	47220196	0	0	0	0	0	0	
1622	47313	159011	1	47313262	0	0	0	0	0	0	
1623	47384	159109	1	47384758	0	0	0	0	0	0	
1624	47450	159207	1	47450077	0	0	0	0	0	0	
1625	47510	159305	1	47510022	0	0	0	0	0	0	
1626	47576	159403	1	47576877	0	0	0	0	0	0	
1627	47642	159501	1	47642684	0	0	0	0	0	0	
1628	47712	159600	1	47712315	0	0	0	0	0	0	
1629	47811	159698	1	47811591	0	0	0	0	0	0	
1630	47889	159796	1	47889120	0	0	0	0	0	0	
1631	47956	159894	1	47956162	0	0	0	0	0	0	
1632	48025	159992	1	48025725	0	0	0	0	0	0	
1633	48088	160090	1	48088968	0	0	0	0	0	0	
1634	48150	160188	1	48150025	0	0	0	0	0	0	
1635	48254	160286	1	48254523	0	0	0	0	0	0	
1636	48375	160384	1	48375691	0	0	0	0	0	0	
1637	48443	160482	1	48443446	0	0	0	0	0	0	
1638	48506	160580	1	48506689	0	0	0	0	0	0	
1639	48573	160678	1	48573537	0	0	0	0	0	0	
1640	48635	160776	1	48635090	0	0	0	0	0	0	
1641	48697	160874	1	48697409	0	0	0	0	0	0	
1642	48793	160972	1	48793452	0	0	0	0	0	0	
1643	48930	161070	1	48930254	0	0	0	0	0	0	
1644	49031	161168	1	49031974	0	0	0	0	0	0	
1645	49121	161266	1	49121449	0	0	0	0	0	0	
1646	49191	161364	1	49191697	0	0	0	0	0	0	
1647	49256	161462	1	49256644	0	0	0	0	0	0	
1648	49364	161560	1	49364506	0	0	0	0	0	0	
1649	49533	161658	1	49533286	0	0	0	0	0	0	
1650	49638	161756	1	49638023	0	0	0	0	0	0	
1651	49730	161854	1	49730130	0	0	0	0	0	0	
1652	49825	161952	1	49825657	0	0	0	0	0	0	
1653	49923	162050	1	49923137	0	0	0	0	0	0	
1654	50097	162148	1	50097000	0	0	0	0	0	0	
1655	50251	162246	1	50251978	0	0	0	0	0	0	
1656	50375	162344	1	50375247	0	0	0	0	0	0	
1657	50466	162443	1	50466550	0	0	0	0	0	0	
1658	50576	162541	1	50576530	0	0	0	0	0	0	
1659	50736	162639	1	50736097	0	0	0	0	0	0	
1660	50951	162737	1	50951770	0	0	0	0	0	0	
1661	51121	162835	1	51121821	0	0	0	0	0	0	
1662	51269	162933	1	51269155	0	0	0	0	0	0	
1663	51405	163031	1	51405755	0	0	0	0	0	0	
1664	51598	163129	1	51598523	0	0	0	0	0	0	
1665	51845	163227	1	51845190	0	0	0	0	0	0	
1666	51991	163325	1	51991772	0	0	0	0	0	0	
1667	52145	163423	1	52145912	0	0	0	0	0	0	
1668	52335	163521	1	52335863	0	0	0	0	0	0	
1669	52608	163619	1	52608378	0	0	0	0	0	0	
1670	52827	163717	1	52827896	0	0	0	0	0	0	
1671	53019	163815	1	53019352	0	0	0	0	0	0	
1672	53169	163913	1	53169938	0	0	0	0	0	0	
1673	53481	164011	1	53481621	0	0	0	0	0	0	
1674	53703	164109	1	53703260	0	0	0	0	0	0	
1675	53875	164207	1	53875370	0	0	0	0	0	0	
1676	54074	164305	1	54074596	0	0	0	0	0	0	
1677	54319	164403	1	54319908	0	0	0	0	0	0	
1678	54583	164501	1	54583126	0	0	0	0	0	0	
1679	54808	164599	1	54808260	0	0	0	0	0	0	
1680	55015	164697	1	55015560	0	0	0	0	0	0	
1681	55315	164795	1	55315564	0	0	0	0	0	0	
1682	55578	164893	1	55578412	0	0	0	0	0	0	
1683	55813	164991	1	55813569	0	0	0	0	0	0	
1684	56057	165089	1	56057837	0	0	0	0	0	0	
1685	56371	165187	1	56371577	0	0	0	0	0	0	
1686	56634	165286	1	56634940	0	0	0	0	0	0	
1687	56887	165384	1	56887768	0	0	0	0	0	0	
1688	57255	165482	1	57255233	0	0	0	0	0	0	
1689	57574	165580	1	57574218	0	0	0	0	0	0	
1690	57868	165678	1	57868819	0	0	0	0	0	0	
1691	58158	165776	1	58158637	0	0	0	0	0	0	
1692	58453	165874	1	58453229	0	0	0	0	0	0	
1693	58837	165972	1	58837465	0	0	0	0	0	0	
1694	59205	166070	1	59205578	0	0	0	0	0	0	
1695	59571	166168	1	59571749	0	0	0	0	0	0	
1696	59872	166266	1	59872165	0	0	0	0	0	0	
1697	60174	166364	1	60174013	0	0	0	0	0	0	
1698	60530	166462	1	60530578	0	0	0	0	0	0	
1699	60803	166560	1	60803738	0	0	0	0	0	0	
1700	61419	166658	1	61419704	0	0	0	0	0	0	
1701	62058	166756	1	62058312	0	0	0	0	0	0	
1702	62674	166854	1	62674428	0	0	0	0	0	0	
1703	63211	166952	1	63211710	0	0	0	0	0	0	
1704	63670	167050	1	63670273	0	0	0	0	0	0	
1705	64236	167148	1	64236742	0	0	0	0	0	0	
1706	64626	167246	1	64626615	0	0	0	0	0	0	
1707	64982	167344	1	64982537	0	0	0	0	0	0	
1708	65297	167442	1	65297014	0	0	0	0	0	0	
1709	65647	167540	1	65647619	0	0	0	0	0	0	
1710	65939	167638	1	65939248	0	0	0	0	0	0	
1711	66284	167736	1	66284609	0	0	0	0	0	0	
1712	66565	167834	1	66565883	0	0	0	0	0	0	
1713	66849	167932	1	66849864	0	0	0	0	0	0	
1714	67296	168030	1	67296261	0	0	0	0	0	0	
1715	67888	168129	1	67888672	0	0	0	0	0	0	
1716	68441	168227	1	68441890	0	0	0	0	0	0	
1717	68957	168325	1	68957310	0	0	0	0	0	0	
1718	69404	168423	1	69404081	0	0	0	0	0	0	
1719	69863	168521	1	69863710	0	0	0	0	0	0	
1720	70328	168619	1	70328430	0	0	0	0	0	0	
1721	70628	168717	1	70628289	0	0	0	0	0	0	
1722	70933	168815	1	70933395	0	0	0	0	0	0	
1723	71293	168913	1	71293063	0	0	0	0	0	0	
1724	71582	169011	1	71582736	0	0	0	0	0	0	
1725	71861	169109	1	71861363	0	0	0	0	0	0	
1726	72132	169207	1	72132085	0	0	0	0	0	0	
1727	72402	169305	1	72402125	0	0	0	0	0	0	
1728	72675	169403	1	72675508	0	0	0	0	0	0	
1729	72949	169501	1	72949949	0	0	0	0	0	0	
1730	73239	169599	1	73239679	0	0	0	0	0	0	
1731	73549	169697	1	73549913	0	0	0	0	0	0	
1732	73852	169795	1	73852980	0	0	0	0	0	0	
1733	74136	169893	1	74136950	0	0	0	0	0	0	
1734	74416	169991	1	74416315	0	0	0	0	0	0	
1735	74724	170089	1	74724498	0	0	0	0	0	0	
1736	75002	170187	1	75002232	0	0	0	0	0	0	
1737	75245	170285	1	75245817	0	0	0	0	0	0	
1738	75515	170383	1	75515442	0	0	0	0	0	0	
1739	75840	170481	1	75840110	0	0	0	0	0	0	
1740	76151	170579	1	76151532	0	0	0	0	0	0	
1741	76511	170677	1	76511374	0	0	0	0	0	0	
1742	76875	170775	1	76875400	0	0	0	0	0	0	
1743	77156	170873	1	77156320	0	0	0	0	0	0	
1744	77398	170972	1	77398353	0	0	0	0	0	0	
1745	77638	171070	1	77638366	0	0	0	0	0	0	
1746	77968	171168	1	77968035	0	0	0	0	0	0	
1747	78283	171266	1	78283319	0	0	0	0	0	0	
1748	78621	171364	1	78621452	0	0	0	0	0	0	
1749	78898	171462	1	78898850	0	0	0	0	0	0	
1750	79185	171560	1	79185898	0	0	0	0	0	0	
1751	79471	171658	1	79471209	0	0	0	0	0	0	
1752	79807	171756	1	79807949	0	0	0	0	0	0	
1753	80131	171854	1	80131212	0	0	0	0	0	0	
1754	80369	171952	1	80369612	0	0	0	0	0	0	
1755	80682	172050	1	80682399	0	0	0	0	0	0	
1756	81016	172148	1	81016933	0	0	0	0	0	0	
1757	81325	172246	1	81325741	0	0	0	0	0	0	
1758	81584	172344	1	81584617	0	0	0	0	0	0	
1759	81895	172442	1	81895816	0	0	0	0	0	0	
1760	82151	172540	1	82151977	0	0	0	0	0	0	
1761	82504	172638	1	82504786	0	0	0	0	0	0	
1762	82815	172736	1	82815048	0	0	0	0	0	0	
1763	83040	172834	1	83040422	0	0	0	0	0	0	
1764	83349	172932	1	83349579	0	0	0	0	0	0	
1765	83594	173030	1	83594730	0	0	0	0	0	0	
1766	83885	173128	1	83885140	0	0	0	0	0	0	
1767	84163	173226	1	84163846	0	0	0	0	0	0	
1768	84449	173324	1	84449686	0	0	0	0	0	0	
1769	84788	173422	1	84788405	0	0	0	0	0	0	
1770	85013	173520	1	85013843	0	0	0	0	0	0	
1771	85343	173618	1	85343337	0	0	0	0	0	0	
1772	85660	173716	1	85660724	0	0	0	0	0	0	
1773	85884	173815	1	85884213	0	0	0	0	0	0	
1774	86420	173986	1	86420243	0	0	0	0	0	0	
