#input	time	ios	pfs	timems	pbo	dbo	ibo	pbu	ndo	ars	
1	0	98	3	255	0	0	0	0	0	0	
2	0	196	4	522	0	0	0	0	0	0	
3	0	294	4	715	0	0	0	0	0	0	
4	0	392	4	857	0	0	0	0	0	0	
5	1	490	4	1005	0	0	0	0	0	0	
6	1	588	4	1155	0	0	0	0	0	0	
7	1	686	4	1309	0	0	0	0	0	0	
8	1	784	4	1467	0	0	0	0	0	0	
9	1	882	4	1626	0	0	0	0	0	0	
10	1	980	4	1786	0	0	0	0	0	0	
11	1	1078	4	1949	0	0	0	0	0	0	
12	2	1176	4	2114	0	0	0	0	0	0	
13	2	1274	4	2281	0	0	0	0	0	0	
14	2	1372	4	2449	0	0	0	0	0	0	
15	2	1470	4	2618	0	0	0	0	0	0	
16	2	1568	4	2788	0	0	0	0	0	0	
17	2	1666	4	2961	0	0	0	0	0	0	
18	3	1764	4	3133	0	0	0	0	0	0	
19	3	1862	4	3304	0	0	0	0	0	0	
20	3	1960	4	3475	0	0	0	0	0	0	
21	3	2058	4	3648	0	0	0	0	0	0	
22	3	2156	4	3821	0	0	0	0	0	0	
23	3	2254	4	3997	0	0	0	0	0	0	
24	4	2352	4	4173	0	0	0	0	0	0	
25	4	2450	4	4351	0	0	0	0	0	0	
26	4	2548	4	4528	0	0	0	0	0	0	
27	4	2646	4	4707	0	0	0	0	0	0	
28	4	2744	4	4886	0	0	0	0	0	0	
29	5	2842	4	5066	0	0	0	0	0	0	
30	5	2941	4	5247	0	0	0	0	0	0	
31	5	3039	4	5424	0	0	0	0	0	0	
32	5	3137	4	5600	0	0	0	0	0	0	
33	5	3235	4	5776	0	0	0	0	0	0	
34	5	3333	4	5954	0	0	0	0	0	0	
35	6	3431	4	6131	0	0	0	0	0	0	
36	6	3529	4	6311	0	0	0	0	0	0	
37	6	3627	4	6490	0	0	0	0	0	0	
38	6	3725	4	6670	0	0	0	0	0	0	
39	6	3823	4	6850	0	0	0	0	0	0	
40	7	3921	4	7031	0	0	0	0	0	0	
41	7	4019	4	7213	0	0	0	0	0	0	
42	7	4117	4	7394	0	0	0	0	0	0	
43	7	4215	4	7577	0	0	0	0	0	0	
44	7	4313	4	7762	0	0	0	0	0	0	
45	7	4411	4	7945	0	0	0	0	0	0	
46	8	4509	4	8129	0	0	0	0	0	0	
47	8	4607	4	8315	0	0	0	0	0	0	
48	8	4705	4	8501	0	0	0	0	0	0	
49	8	4803	4	8686	0	0	0	0	0	0	
50	8	4901	4	8874	0	0	0	0	0	0	
51	9	4999	4	9063	0	0	0	0	0	0	
52	9	5097	4	9251	0	0	0	0	0	0	
53	9	5195	4	9439	0	0	0	0	0	0	
54	9	5293	4	9627	0	0	0	0	0	0	
55	9	5391	4	9814	0	0	0	0	0	0	
56	10	5489	4	10002	0	0	0	0	0	0	
57	10	5587	4	10188	0	0	0	0	0	0	
58	10	5685	4	10374	0	0	0	0	0	0	
59	10	5784	4	10560	0	0	0	0	0	0	
60	10	5882	4	10748	0	0	0	0	0	0	
61	10	5980	4	10934	0	0	0	0	0	0	
62	11	6078	4	11123	0	0	0	0	0	0	
63	11	6176	4	11311	0	0	0	0	0	0	
64	11	6274	4	11500	0	0	0	0	0	0	
65	11	6372	4	11690	0	0	0	0	0	0	
66	11	6470	4	11879	0	0	0	0	0	0	
67	12	6568	4	12069	0	0	0	0	0	0	
68	12	6666	4	12260	0	0	0	0	0	0	
69	12	6764	4	12451	0	0	0	0	0	0	
70	12	6862	4	12641	0	0	0	0	0	0	
71	12	6960	4	12833	0	0	0	0	0	0	
72	13	7058	4	13025	0	0	0	0	0	0	
73	13	7156	4	13216	0	0	0	0	0	0	
74	13	7254	4	13409	0	0	0	0	0	0	
75	13	7352	4	13603	0	0	0	0	0	0	
76	13	7450	4	13797	0	0	0	0	0	0	
77	13	7548	4	13990	0	0	0	0	0	0	
78	14	7646	4	14184	0	0	0	0	0	0	
79	14	7744	4	14378	0	0	0	0	0	0	
80	14	7842	4	14573	0	0	0	0	0	0	
81	14	7940	4	14768	0	0	0	0	0	0	
82	14	8038	4	14963	0	0	0	0	0	0	
83	15	8136	4	15157	0	0	0	0	0	0	
84	15	8234	4	15353	0	0	0	0	0	0	
85	15	8332	4	15549	0	0	0	0	0	0	
86	15	8430	4	15744	0	0	0	0	0	0	
87	15	8528	4	15940	0	0	0	0	0	0	
88	16	8627	4	16138	0	0	0	0	0	0	
89	16	8725	4	16334	0	0	0	0	0	0	
90	16	8823	4	16531	0	0	0	0	0	0	
91	16	8921	4	16726	0	0	0	0	0	0	
92	16	9019	4	16922	0	0	0	0	0	0	
93	17	9117	4	17119	0	0	0	0	0	0	
94	17	9215	4	17315	0	0	0	0	0	0	
95	17	9313	4	17512	0	0	0	0	0	0	
96	17	9411	4	17709	0	0	0	0	0	0	
97	17	9509	4	17905	0	0	0	0	0	0	
98	18	9607	4	18103	0	0	0	0	0	0	
99	18	9705	4	18301	0	0	0	0	0	0	
100	18	9803	4	18500	0	0	0	0	0	0	
101	18	9901	4	18699	0	0	0	0	0	0	
102	18	9999	4	18898	0	0	0	0	0	0	
103	19	10097	4	19098	0	0	0	0	0	0	
104	19	10195	4	19297	0	0	0	0	0	0	
105	19	10293	4	19498	0	0	0	0	0	0	
106	19	10391	4	19698	0	0	0	0	0	0	
107	19	10489	4	19900	0	0	0	0	0	0	
108	20	10587	4	20100	0	0	0	0	0	0	
109	20	10685	4	20301	0	0	0	0	0	0	
110	20	10783	4	20502	0	0	0	0	0	0	
111	20	10881	4	20703	0	0	0	0	0	0	
112	20	10979	4	20906	0	0	0	0	0	0	
113	21	11077	4	21107	0	0	0	0	0	0	
114	21	11175	4	21309	0	0	0	0	0	0	
115	21	11273	4	21511	0	0	0	0	0	0	
116	21	11371	4	21714	0	0	0	0	0	0	
117	21	11470	4	21916	0	0	0	0	0	0	
118	22	11568	4	22119	0	0	0	0	0	0	
119	22	11666	4	22322	0	0	0	0	0	0	
120	22	11764	4	22526	0	0	0	0	0	0	
121	22	11862	4	22729	0	0	0	0	0	0	
122	22	11960	4	22933	0	0	0	0	0	0	
123	23	12058	4	23138	0	0	0	0	0	0	
124	23	12156	4	23342	0	0	0	0	0	0	
125	23	12254	4	23547	0	0	0	0	0	0	
126	23	12352	4	23752	0	0	0	0	0	0	
127	23	12450	4	23958	0	0	0	0	0	0	
128	24	12548	4	24164	0	0	0	0	0	0	
129	24	12646	4	24371	0	0	0	0	0	0	
130	24	12744	4	24577	0	0	0	0	0	0	
131	24	12842	4	24782	0	0	0	0	0	0	
132	24	12940	4	24989	0	0	0	0	0	0	
133	25	13038	4	25196	0	0	0	0	0	0	
134	25	13136	4	25404	0	0	0	0	0	0	
135	25	13234	4	25611	0	0	0	0	0	0	
136	25	13332	4	25818	0	0	0	0	0	0	
137	26	13430	4	26026	0	0	0	0	0	0	
138	26	13528	4	26234	0	0	0	0	0	0	
139	26	13626	4	26442	0	0	0	0	0	0	
140	26	13724	4	26650	0	0	0	0	0	0	
141	26	13822	4	26858	0	0	0	0	0	0	
142	27	13920	4	27066	0	0	0	0	0	0	
143	27	14018	4	27274	0	0	0	0	0	0	
144	27	14116	4	27483	0	0	0	0	0	0	
145	27	14214	4	27694	0	0	0	0	0	0	
146	27	14313	4	27904	0	0	0	0	0	0	
147	28	14411	4	28113	0	0	0	0	0	0	
148	28	14509	4	28322	0	0	0	0	0	0	
149	28	14607	4	28532	0	0	0	0	0	0	
150	28	14705	4	28742	0	0	0	0	0	0	
151	28	14803	4	28953	0	0	0	0	0	0	
152	29	14901	4	29164	0	0	0	0	0	0	
153	29	14999	4	29504	0	0	0	0	0	0	
154	29	15097	4	29716	0	0	0	0	0	0	
155	29	15195	4	29923	0	0	0	0	0	0	
156	30	15293	4	30131	0	0	0	0	0	0	
157	30	15391	4	30339	0	0	0	0	0	0	
158	30	15489	4	30549	0	0	0	0	0	0	
159	30	15587	4	30757	0	0	0	0	0	0	
160	30	15685	4	30967	0	0	0	0	0	0	
161	31	15783	4	31176	0	0	0	0	0	0	
162	31	15881	4	31385	0	0	0	0	0	0	
163	31	15979	4	31594	0	0	0	0	0	0	
164	31	16077	4	31804	0	0	0	0	0	0	
165	32	16175	4	32014	0	0	0	0	0	0	
166	32	16273	4	32225	0	0	0	0	0	0	
167	32	16371	4	32435	0	0	0	0	0	0	
168	32	16469	4	32645	0	0	0	0	0	0	
169	32	16567	4	32855	0	0	0	0	0	0	
170	33	16665	4	33066	0	0	0	0	0	0	
171	33	16763	4	33278	0	0	0	0	0	0	
172	33	16861	4	33489	0	0	0	0	0	0	
173	33	16959	4	33700	0	0	0	0	0	0	
174	33	17057	4	33912	0	0	0	0	0	0	
175	34	17156	4	34130	0	0	0	0	0	0	
176	34	17254	4	34342	0	0	0	0	0	0	
177	34	17352	4	34554	0	0	0	0	0	0	
178	34	17450	4	34766	0	0	0	0	0	0	
179	34	17548	4	34978	0	0	0	0	0	0	
180	35	17646	4	35189	0	0	0	0	0	0	
181	35	17744	4	35401	0	0	0	0	0	0	
182	35	17842	4	35612	0	0	0	0	0	0	
183	35	17940	4	35826	0	0	0	0	0	0	
184	36	18038	4	36038	0	0	0	0	0	0	
185	36	18136	4	36249	0	0	0	0	0	0	
186	36	18234	4	36461	0	0	0	0	0	0	
187	36	18332	4	36674	0	0	0	0	0	0	
188	36	18430	4	36887	0	0	0	0	0	0	
189	37	18528	4	37100	0	0	0	0	0	0	
190	37	18626	4	37314	0	0	0	0	0	0	
191	37	18724	4	37528	0	0	0	0	0	0	
192	37	18822	4	37741	0	0	0	0	0	0	
193	37	18920	4	37956	0	0	0	0	0	0	
194	38	19018	4	38170	0	0	0	0	0	0	
195	38	19116	4	38384	0	0	0	0	0	0	
196	38	19214	4	38599	0	0	0	0	0	0	
197	38	19312	4	38813	0	0	0	0	0	0	
198	39	19410	4	39028	0	0	0	0	0	0	
199	39	19508	4	39243	0	0	0	0	0	0	
200	39	19606	4	39459	0	0	0	0	0	0	
201	39	19704	4	39674	0	0	0	0	0	0	
202	39	19802	4	39890	0	0	0	0	0	0	
203	40	19900	4	40104	0	0	0	0	0	0	
204	40	19999	4	40318	0	0	0	0	0	0	
205	40	20097	4	40533	0	0	0	0	0	0	
206	40	20195	4	40747	0	0	0	0	0	0	
207	40	20293	4	40961	0	0	0	0	0	0	
208	41	20391	4	41176	0	0	0	0	0	0	
209	41	20489	4	41391	0	0	0	0	0	0	
210	41	20587	4	41606	0	0	0	0	0	0	
211	41	20685	4	41823	0	0	0	0	0	0	
212	42	20783	4	42040	0	0	0	0	0	0	
213	42	20881	4	42255	0	0	0	0	0	0	
214	42	20979	4	42472	0	0	0	0	0	0	
215	42	21077	4	42688	0	0	0	0	0	0	
216	42	21175	4	42905	0	0	0	0	0	0	
217	43	21273	4	43122	0	0	0	0	0	0	
218	43	21371	4	43338	0	0	0	0	0	0	
219	43	21469	4	43554	0	0	0	0	0	0	
220	43	21567	4	43772	0	0	0	0	0	0	
221	43	21665	4	43990	0	0	0	0	0	0	
222	44	21763	4	44227	0	0	0	0	0	0	
223	44	21861	4	44455	0	0	0	0	0	0	
224	44	21959	4	44684	0	0	0	0	0	0	
225	44	22057	4	44914	0	0	0	0	0	0	
226	45	22155	4	45144	0	0	0	0	0	0	
227	45	22253	4	45374	0	0	0	0	0	0	
228	45	22351	4	45604	0	0	0	0	0	0	
229	45	22449	4	45835	0	0	0	0	0	0	
230	46	22547	4	46065	0	0	0	0	0	0	
231	46	22645	4	46295	0	0	0	0	0	0	
232	46	22743	4	46526	0	0	0	0	0	0	
233	46	22842	4	46757	0	0	0	0	0	0	
234	46	22940	4	46988	0	0	0	0	0	0	
235	47	23038	4	47212	0	0	0	0	0	0	
236	47	23136	4	47431	0	0	0	0	0	0	
237	47	23234	4	47649	0	0	0	0	0	0	
238	47	23332	4	47869	0	0	0	0	0	0	
239	48	23430	4	48089	0	0	0	0	0	0	
240	48	23528	4	48308	0	0	0	0	0	0	
241	48	23626	4	48528	0	0	0	0	0	0	
242	48	23724	4	48748	0	0	0	0	0	0	
243	48	23822	4	48968	0	0	0	0	0	0	
244	49	23920	4	49189	0	0	0	0	0	0	
245	49	24018	4	49409	0	0	0	0	0	0	
246	49	24116	4	49630	0	0	0	0	0	0	
247	49	24214	4	49851	0	0	0	0	0	0	
248	50	24312	4	50072	0	0	0	0	0	0	
249	50	24410	4	50293	0	0	0	0	0	0	
250	50	24508	4	50514	0	0	0	0	0	0	
251	50	24606	4	50734	0	0	0	0	0	0	
252	50	24704	4	50956	0	0	0	0	0	0	
253	51	24802	4	51176	0	0	0	0	0	0	
254	51	24900	4	51398	0	0	0	0	0	0	
255	51	24998	4	51619	0	0	0	0	0	0	
256	51	25096	4	51839	0	0	0	0	0	0	
257	52	25194	4	52061	0	0	0	0	0	0	
258	52	25292	4	52282	0	0	0	0	0	0	
259	52	25390	4	52503	0	0	0	0	0	0	
260	52	25488	4	52724	0	0	0	0	0	0	
261	52	25586	4	52945	0	0	0	0	0	0	
262	53	25685	4	53166	0	0	0	0	0	0	
263	53	25783	4	53388	0	0	0	0	0	0	
264	53	25881	4	53610	0	0	0	0	0	0	
265	53	25979	4	53832	0	0	0	0	0	0	
266	54	26077	4	54065	0	0	0	0	0	0	
267	54	26175	4	54304	0	0	0	0	0	0	
268	54	26273	4	54538	0	0	0	0	0	0	
269	54	26371	4	54773	0	0	0	0	0	0	
270	55	26469	4	55007	0	0	0	0	0	0	
271	55	26567	4	55243	0	0	0	0	0	0	
272	55	26665	4	55479	0	0	0	0	0	0	
273	55	26763	4	55714	0	0	0	0	0	0	
274	55	26861	4	55941	0	0	0	0	0	0	
275	56	26959	4	56161	0	0	0	0	0	0	
276	56	27057	4	56383	0	0	0	0	0	0	
277	56	27155	4	56604	0	0	0	0	0	0	
278	56	27253	4	56826	0	0	0	0	0	0	
279	57	27351	4	57047	0	0	0	0	0	0	
280	57	27449	4	57268	0	0	0	0	0	0	
281	57	27547	4	57490	0	0	0	0	0	0	
282	57	27645	4	57712	0	0	0	0	0	0	
283	57	27743	4	57934	0	0	0	0	0	0	
284	58	27841	4	58155	0	0	0	0	0	0	
285	58	27939	4	58377	0	0	0	0	0	0	
286	58	28037	4	58599	0	0	0	0	0	0	
287	58	28135	4	58821	0	0	0	0	0	0	
288	59	28233	4	59043	0	0	0	0	0	0	
289	59	28331	4	59265	0	0	0	0	0	0	
290	59	28429	4	59489	0	0	0	0	0	0	
291	59	28528	4	59713	0	0	0	0	0	0	
292	59	28626	4	59939	0	0	0	0	0	0	
293	60	28724	4	60166	0	0	0	0	0	0	
294	60	28822	4	60391	0	0	0	0	0	0	
295	60	28920	4	60619	0	0	0	0	0	0	
296	60	29018	4	60845	0	0	0	0	0	0	
297	61	29116	4	61068	0	0	0	0	0	0	
298	61	29214	4	61291	0	0	0	0	0	0	
299	61	29312	4	61516	0	0	0	0	0	0	
300	61	29410	4	61743	0	0	0	0	0	0	
301	61	29508	4	61970	0	0	0	0	0	0	
302	62	29606	4	62198	0	0	0	0	0	0	
303	62	29704	4	62427	0	0	0	0	0	0	
304	62	29802	4	62657	0	0	0	0	0	0	
305	62	29900	4	62887	0	0	0	0	0	0	
306	63	29998	4	63117	0	0	0	0	0	0	
307	63	30096	4	63347	0	0	0	0	0	0	
308	63	30194	4	63577	0	0	0	0	0	0	
309	63	30292	4	63808	0	0	0	0	0	0	
310	64	30390	4	64039	0	0	0	0	0	0	
311	64	30488	4	64276	0	0	0	0	0	0	
312	64	30586	4	64507	0	0	0	0	0	0	
313	64	30684	4	64738	0	0	0	0	0	0	
314	64	30782	4	64970	0	0	0	0	0	0	
315	65	30880	4	65201	0	0	0	0	0	0	
316	65	30978	4	65433	0	0	0	0	0	0	
317	65	31076	4	65664	0	0	0	0	0	0	
318	65	31174	4	65896	0	0	0	0	0	0	
319	66	31272	4	66128	0	0	0	0	0	0	
320	66	31371	4	66359	0	0	0	0	0	0	
321	66	31469	4	66591	0	0	0	0	0	0	
322	66	31567	4	66823	0	0	0	0	0	0	
323	67	31665	4	67054	0	0	0	0	0	0	
324	67	31763	4	67286	0	0	0	0	0	0	
325	67	31861	4	67519	0	0	0	0	0	0	
326	67	31959	4	67751	0	0	0	0	0	0	
327	67	32057	4	67983	0	0	0	0	0	0	
328	68	32155	4	68214	0	0	0	0	0	0	
329	68	32253	4	68447	0	0	0	0	0	0	
330	68	32351	4	68681	0	0	0	0	0	0	
331	68	32449	4	68914	0	0	0	0	0	0	
332	69	32547	4	69147	0	0	0	0	0	0	
333	69	32645	4	69380	0	0	0	0	0	0	
334	69	32743	4	69614	0	0	0	0	0	0	
335	69	32841	4	69848	0	0	0	0	0	0	
336	70	32939	4	70081	0	0	0	0	0	0	
337	70	33037	4	70314	0	0	0	0	0	0	
338	70	33135	4	70548	0	0	0	0	0	0	
339	70	33233	4	70782	0	0	0	0	0	0	
340	71	33331	4	71016	0	0	0	0	0	0	
341	71	33429	4	71249	0	0	0	0	0	0	
342	71	33527	4	71482	0	0	0	0	0	0	
343	71	33625	4	71716	0	0	0	0	0	0	
344	71	33723	4	71950	0	0	0	0	0	0	
345	72	33821	4	72183	0	0	0	0	0	0	
346	72	33919	4	72411	0	0	0	0	0	0	
347	72	34017	4	72637	0	0	0	0	0	0	
348	72	34115	4	72864	0	0	0	0	0	0	
349	73	34214	4	73089	0	0	0	0	0	0	
350	73	34312	4	73314	0	0	0	0	0	0	
351	73	34410	4	73540	0	0	0	0	0	0	
352	73	34508	4	73766	0	0	0	0	0	0	
353	73	34606	4	73992	0	0	0	0	0	0	
354	74	34704	4	74239	0	0	0	0	0	0	
355	74	34802	4	74479	0	0	0	0	0	0	
356	74	34900	4	74720	0	0	0	0	0	0	
357	74	34998	4	74959	0	0	0	0	0	0	
358	75	35096	4	75192	0	0	0	0	0	0	
359	75	35194	4	75419	0	0	0	0	0	0	
360	75	35292	4	75645	0	0	0	0	0	0	
361	75	35390	4	75873	0	0	0	0	0	0	
362	76	35488	4	76103	0	0	0	0	0	0	
363	76	35586	4	76332	0	0	0	0	0	0	
364	76	35684	4	76558	0	0	0	0	0	0	
365	76	35782	4	76785	0	0	0	0	0	0	
366	77	35880	4	77012	0	0	0	0	0	0	
367	77	35978	4	77239	0	0	0	0	0	0	
368	77	36076	4	77467	0	0	0	0	0	0	
369	77	36174	4	77693	0	0	0	0	0	0	
370	77	36272	4	77920	0	0	0	0	0	0	
371	78	36370	4	78146	0	0	0	0	0	0	
372	78	36468	4	78374	0	0	0	0	0	0	
373	78	36566	4	78600	0	0	0	0	0	0	
374	78	36664	4	78827	0	0	0	0	0	0	
375	79	36762	4	79054	0	0	0	0	0	0	
376	79	36860	4	79280	0	0	0	0	0	0	
377	79	36958	4	79506	0	0	0	0	0	0	
378	79	37057	4	79732	0	0	0	0	0	0	
379	79	37155	4	79959	0	0	0	0	0	0	
380	80	37253	4	80187	0	0	0	0	0	0	
381	80	37351	4	80413	0	0	0	0	0	0	
382	80	37449	4	80640	0	0	0	0	0	0	
383	80	37547	4	80867	0	0	0	0	0	0	
384	81	37645	4	81094	0	0	0	0	0	0	
385	81	37743	4	81322	0	0	0	0	0	0	
386	81	37841	4	81549	0	0	0	0	0	0	
387	81	37939	4	81777	0	0	0	0	0	0	
388	82	38037	4	82004	0	0	0	0	0	0	
389	82	38135	4	82231	0	0	0	0	0	0	
390	82	38233	4	82459	0	0	0	0	0	0	
391	82	38331	4	82686	0	0	0	0	0	0	
392	82	38429	4	82915	0	0	0	0	0	0	
393	83	38527	4	83142	0	0	0	0	0	0	
394	83	38625	4	83371	0	0	0	0	0	0	
395	83	38723	4	83599	0	0	0	0	0	0	
396	83	38821	4	83827	0	0	0	0	0	0	
397	84	38919	4	84062	0	0	0	0	0	0	
398	84	39017	4	84293	0	0	0	0	0	0	
399	84	39115	4	84521	0	0	0	0	0	0	
400	84	39213	4	84750	0	0	0	0	0	0	
401	84	39311	4	84979	0	0	0	0	0	0	
402	85	39409	4	85207	0	0	0	0	0	0	
403	85	39507	4	85437	0	0	0	0	0	0	
404	85	39605	4	85665	0	0	0	0	0	0	
405	85	39703	4	85904	0	0	0	0	0	0	
406	86	39801	4	86133	0	0	0	0	0	0	
407	86	39900	4	86362	0	0	0	0	0	0	
408	86	39998	4	86591	0	0	0	0	0	0	
409	86	40096	4	86819	0	0	0	0	0	0	
410	87	40194	4	87049	0	0	0	0	0	0	
411	87	40292	4	87278	0	0	0	0	0	0	
412	87	40390	4	87507	0	0	0	0	0	0	
413	87	40488	4	87739	0	0	0	0	0	0	
414	87	40586	4	87974	0	0	0	0	0	0	
415	88	40684	4	88204	0	0	0	0	0	0	
416	88	40782	4	88434	0	0	0	0	0	0	
417	88	40880	4	88664	0	0	0	0	0	0	
418	88	40978	4	88895	0	0	0	0	0	0	
419	89	41076	4	89124	0	0	0	0	0	0	
420	89	41174	4	89354	0	0	0	0	0	0	
421	89	41272	4	89584	0	0	0	0	0	0	
422	89	41370	4	89814	0	0	0	0	0	0	
423	90	41468	4	90044	0	0	0	0	0	0	
424	90	41566	4	90274	0	0	0	0	0	0	
425	90	41664	4	90504	0	0	0	0	0	0	
426	90	41762	4	90735	0	0	0	0	0	0	
427	90	41860	4	90966	0	0	0	0	0	0	
428	91	41958	4	91198	0	0	0	0	0	0	
429	91	42056	4	91428	0	0	0	0	0	0	
430	91	42154	4	91659	0	0	0	0	0	0	
431	91	42252	4	91891	0	0	0	0	0	0	
432	92	42350	4	92121	0	0	0	0	0	0	
433	92	42448	4	92351	0	0	0	0	0	0	
434	92	42546	4	92582	0	0	0	0	0	0	
435	92	42644	4	92813	0	0	0	0	0	0	
436	93	42743	4	93045	0	0	0	0	0	0	
437	93	42841	4	93277	0	0	0	0	0	0	
438	93	42939	4	93509	0	0	0	0	0	0	
439	93	43037	4	93740	0	0	0	0	0	0	
440	93	43135	4	93972	0	0	0	0	0	0	
441	94	43233	4	94221	0	0	0	0	0	0	
442	94	43331	4	94466	0	0	0	0	0	0	
443	94	43429	4	94709	0	0	0	0	0	0	
444	94	43527	4	94953	0	0	0	0	0	0	
445	95	43625	4	95198	0	0	0	0	0	0	
446	95	43723	4	95441	0	0	0	0	0	0	
447	95	43821	4	95685	0	0	0	0	0	0	
448	95	43919	4	95925	0	0	0	0	0	0	
449	96	44017	4	96157	0	0	0	0	0	0	
450	96	44115	4	96389	0	0	0	0	0	0	
451	96	44213	4	96622	0	0	0	0	0	0	
452	96	44311	4	96854	0	0	0	0	0	0	
453	97	44409	4	97086	0	0	0	0	0	0	
454	97	44507	4	97317	0	0	0	0	0	0	
455	97	44605	4	97549	0	0	0	0	0	0	
456	97	44703	4	97780	0	0	0	0	0	0	
457	98	44801	4	98012	0	0	0	0	0	0	
458	98	44899	4	98243	0	0	0	0	0	0	
459	98	44997	4	98475	0	0	0	0	0	0	
460	98	45095	4	98707	0	0	0	0	0	0	
461	98	45193	4	98940	0	0	0	0	0	0	
462	99	45291	4	99173	0	0	0	0	0	0	
463	99	45389	4	99405	0	0	0	0	0	0	
464	99	45487	4	99637	0	0	0	0	0	0	
465	99	45585	4	99868	0	0	0	0	0	0	
466	100	45684	4	100101	0	0	0	0	0	0	
467	100	45782	4	100333	0	0	0	0	0	0	
468	100	45880	4	100564	0	0	0	0	0	0	
469	100	45978	4	100796	0	0	0	0	0	0	
470	101	46076	4	101028	0	0	0	0	0	0	
471	101	46174	4	101260	0	0	0	0	0	0	
472	101	46272	4	101492	0	0	0	0	0	0	
473	101	46370	4	101724	0	0	0	0	0	0	
474	101	46468	4	101957	0	0	0	0	0	0	
475	102	46566	4	102190	0	0	0	0	0	0	
476	102	46664	4	102422	0	0	0	0	0	0	
477	102	46762	4	102655	0	0	0	0	0	0	
478	102	46860	4	102888	0	0	0	0	0	0	
479	103	46958	4	103120	0	0	0	0	0	0	
480	103	47056	4	103353	0	0	0	0	0	0	
481	103	47154	4	103586	0	0	0	0	0	0	
482	103	47252	4	103820	0	0	0	0	0	0	
483	104	47350	4	104053	0	0	0	0	0	0	
484	104	47448	4	104297	0	0	0	0	0	0	
485	104	47546	4	104530	0	0	0	0	0	0	
486	104	47644	4	104763	0	0	0	0	0	0	
487	104	47742	4	104995	0	0	0	0	0	0	
488	105	47840	4	105229	0	0	0	0	0	0	
489	105	47938	4	105462	0	0	0	0	0	0	
490	105	48036	4	105695	0	0	0	0	0	0	
491	105	48134	4	105929	0	0	0	0	0	0	
492	106	48232	4	106163	0	0	0	0	0	0	
493	106	48330	4	106397	0	0	0	0	0	0	
494	106	48428	4	106631	0	0	0	0	0	0	
495	106	48527	4	106864	0	0	0	0	0	0	
496	107	48625	4	107098	0	0	0	0	0	0	
497	107	48723	4	107331	0	0	0	0	0	0	
498	107	48821	4	107566	0	0	0	0	0	0	
499	107	48919	4	107800	0	0	0	0	0	0	
500	108	49017	4	108034	0	0	0	0	0	0	
501	108	49115	4	108267	0	0	0	0	0	0	
502	108	49213	4	108501	0	0	0	0	0	0	
503	108	49311	4	108735	0	0	0	0	0	0	
504	108	49409	4	108970	0	0	0	0	0	0	
505	109	49507	4	109204	0	0	0	0	0	0	
506	109	49605	4	109439	0	0	0	0	0	0	
507	109	49703	4	109673	0	0	0	0	0	0	
508	109	49801	4	109908	0	0	0	0	0	0	
509	110	49899	4	110143	0	0	0	0	0	0	
510	110	49997	4	110377	0	0	0	0	0	0	
511	110	50095	4	110612	0	0	0	0	0	0	
512	110	50193	4	110847	0	0	0	0	0	0	
513	111	50291	4	111082	0	0	0	0	0	0	
514	111	50389	4	111318	0	0	0	0	0	0	
515	111	50487	4	111553	0	0	0	0	0	0	
516	111	50585	4	111788	0	0	0	0	0	0	
517	112	50683	4	112024	0	0	0	0	0	0	
518	112	50781	4	112260	0	0	0	0	0	0	
519	112	50879	4	112497	0	0	0	0	0	0	
520	112	50977	4	112732	0	0	0	0	0	0	
521	112	51075	4	112970	0	0	0	0	0	0	
522	113	51173	4	113207	0	0	0	0	0	0	
523	113	51271	4	113443	0	0	0	0	0	0	
524	113	51370	4	113681	0	0	0	0	0	0	
525	113	51468	4	113918	0	0	0	0	0	0	
526	114	51566	4	114167	0	0	0	0	0	0	
527	114	51664	4	114417	0	0	0	0	0	0	
528	114	51762	4	114666	0	0	0	0	0	0	
529	114	51860	4	114914	0	0	0	0	0	0	
530	115	51958	4	115163	0	0	0	0	0	0	
531	115	52056	4	115413	0	0	0	0	0	0	
532	115	52154	4	115663	0	0	0	0	0	0	
533	115	52252	4	115904	0	0	0	0	0	0	
534	116	52350	4	116142	0	0	0	0	0	0	
535	116	52448	4	116378	0	0	0	0	0	0	
536	116	52546	4	116621	0	0	0	0	0	0	
537	116	52644	4	116859	0	0	0	0	0	0	
538	117	52742	4	117096	0	0	0	0	0	0	
539	117	52840	4	117334	0	0	0	0	0	0	
540	117	52938	4	117572	0	0	0	0	0	0	
541	117	53036	4	117809	0	0	0	0	0	0	
542	118	53134	4	118046	0	0	0	0	0	0	
543	118	53232	4	118284	0	0	0	0	0	0	
544	118	53330	4	118522	0	0	0	0	0	0	
545	118	53428	4	118761	0	0	0	0	0	0	
546	118	53526	4	118998	0	0	0	0	0	0	
547	119	53624	4	119235	0	0	0	0	0	0	
548	119	53722	4	119472	0	0	0	0	0	0	
549	119	53820	4	119707	0	0	0	0	0	0	
550	119	53918	4	119943	0	0	0	0	0	0	
551	120	54016	4	120177	0	0	0	0	0	0	
552	120	54114	4	120406	0	0	0	0	0	0	
553	120	54213	4	120636	0	0	0	0	0	0	
554	120	54311	4	120866	0	0	0	0	0	0	
555	121	54409	4	121097	0	0	0	0	0	0	
556	121	54507	4	121328	0	0	0	0	0	0	
557	121	54605	4	121559	0	0	0	0	0	0	
558	121	54703	4	121790	0	0	0	0	0	0	
559	122	54801	4	122022	0	0	0	0	0	0	
560	122	54899	4	122253	0	0	0	0	0	0	
561	122	54997	4	122485	0	0	0	0	0	0	
562	122	55095	4	122717	0	0	0	0	0	0	
563	122	55193	4	122949	0	0	0	0	0	0	
564	123	55291	4	123182	0	0	0	0	0	0	
565	123	55389	4	123416	0	0	0	0	0	0	
566	123	55487	4	123648	0	0	0	0	0	0	
567	123	55585	4	123882	0	0	0	0	0	0	
568	124	55683	4	124127	0	0	0	0	0	0	
569	124	55781	4	124374	0	0	0	0	0	0	
570	124	55879	4	124619	0	0	0	0	0	0	
571	124	55977	4	124864	0	0	0	0	0	0	
572	125	56075	4	125110	0	0	0	0	0	0	
573	125	56173	4	125356	0	0	0	0	0	0	
574	125	56271	4	125601	0	0	0	0	0	0	
575	125	56369	4	125847	0	0	0	0	0	0	
576	126	56467	4	126094	0	0	0	0	0	0	
577	126	56565	4	126340	0	0	0	0	0	0	
578	126	56663	4	126585	0	0	0	0	0	0	
579	126	56761	4	126828	0	0	0	0	0	0	
580	127	56859	4	127063	0	0	0	0	0	0	
581	127	56957	4	127298	0	0	0	0	0	0	
582	127	57056	4	127532	0	0	0	0	0	0	
583	127	57154	4	127766	0	0	0	0	0	0	
584	128	57252	4	128001	0	0	0	0	0	0	
585	128	57350	4	128235	0	0	0	0	0	0	
586	128	57448	4	128469	0	0	0	0	0	0	
587	128	57546	4	128704	0	0	0	0	0	0	
588	128	57644	4	128939	0	0	0	0	0	0	
589	129	57742	4	129175	0	0	0	0	0	0	
590	129	57840	4	129409	0	0	0	0	0	0	
591	129	57938	4	129643	0	0	0	0	0	0	
592	129	58036	4	129879	0	0	0	0	0	0	
593	130	58134	4	130114	0	0	0	0	0	0	
594	130	58232	4	130350	0	0	0	0	0	0	
595	130	58330	4	130585	0	0	0	0	0	0	
596	130	58428	4	130820	0	0	0	0	0	0	
597	131	58526	4	131056	0	0	0	0	0	0	
598	131	58624	4	131292	0	0	0	0	0	0	
599	131	58722	4	131528	0	0	0	0	0	0	
600	131	58820	4	131764	0	0	0	0	0	0	
601	132	58918	4	132001	0	0	0	0	0	0	
602	132	59016	4	132236	0	0	0	0	0	0	
603	132	59114	4	132470	0	0	0	0	0	0	
604	132	59212	4	132706	0	0	0	0	0	0	
605	132	59310	4	132942	0	0	0	0	0	0	
606	133	59408	4	133178	0	0	0	0	0	0	
607	133	59506	4	133414	0	0	0	0	0	0	
608	133	59604	4	133650	0	0	0	0	0	0	
609	133	59702	4	133886	0	0	0	0	0	0	
610	134	59800	4	134133	0	0	0	0	0	0	
611	134	59899	4	134383	0	0	0	0	0	0	
612	134	59997	4	134631	0	0	0	0	0	0	
613	134	60095	4	134879	0	0	0	0	0	0	
614	135	60193	4	135128	0	0	0	0	0	0	
615	135	60291	4	135376	0	0	0	0	0	0	
616	135	60389	4	135612	0	0	0	0	0	0	
617	135	60487	4	135848	0	0	0	0	0	0	
618	136	60585	4	136084	0	0	0	0	0	0	
619	136	60683	4	136319	0	0	0	0	0	0	
620	136	60781	4	136554	0	0	0	0	0	0	
621	136	60879	4	136790	0	0	0	0	0	0	
622	137	60977	4	137025	0	0	0	0	0	0	
623	137	61075	4	137262	0	0	0	0	0	0	
624	137	61173	4	137498	0	0	0	0	0	0	
625	137	61271	4	137733	0	0	0	0	0	0	
626	137	61369	4	137969	0	0	0	0	0	0	
627	138	61467	4	138204	0	0	0	0	0	0	
628	138	61565	4	138441	0	0	0	0	0	0	
629	138	61663	4	138677	0	0	0	0	0	0	
630	138	61761	4	138914	0	0	0	0	0	0	
631	139	61859	4	139150	0	0	0	0	0	0	
632	139	61957	4	139387	0	0	0	0	0	0	
633	139	62055	4	139623	0	0	0	0	0	0	
634	139	62153	4	139859	0	0	0	0	0	0	
635	140	62251	4	140096	0	0	0	0	0	0	
636	140	62349	4	140333	0	0	0	0	0	0	
637	140	62447	4	140570	0	0	0	0	0	0	
638	140	62545	4	140806	0	0	0	0	0	0	
639	141	62643	4	141043	0	0	0	0	0	0	
640	141	62742	4	141281	0	0	0	0	0	0	
641	141	62840	4	141518	0	0	0	0	0	0	
642	141	62938	4	141756	0	0	0	0	0	0	
643	141	63036	4	141993	0	0	0	0	0	0	
644	142	63134	4	142231	0	0	0	0	0	0	
645	142	63232	4	142469	0	0	0	0	0	0	
646	142	63330	4	142706	0	0	0	0	0	0	
647	142	63428	4	142943	0	0	0	0	0	0	
648	143	63526	4	143181	0	0	0	0	0	0	
649	143	63624	4	143418	0	0	0	0	0	0	
650	143	63722	4	143655	0	0	0	0	0	0	
651	143	63820	4	143893	0	0	0	0	0	0	
652	144	63918	4	144137	0	0	0	0	0	0	
653	144	64016	4	144374	0	0	0	0	0	0	
654	144	64114	4	144613	0	0	0	0	0	0	
655	144	64212	4	144851	0	0	0	0	0	0	
656	145	64310	4	145089	0	0	0	0	0	0	
657	145	64408	4	145327	0	0	0	0	0	0	
658	145	64506	4	145565	0	0	0	0	0	0	
659	145	64604	4	145803	0	0	0	0	0	0	
660	146	64702	4	146041	0	0	0	0	0	0	
661	146	64800	4	146279	0	0	0	0	0	0	
662	146	64898	4	146517	0	0	0	0	0	0	
663	146	64996	4	146755	0	0	0	0	0	0	
664	146	65094	4	146993	0	0	0	0	0	0	
665	147	65192	4	147232	0	0	0	0	0	0	
666	147	65290	4	147471	0	0	0	0	0	0	
667	147	65388	4	147711	0	0	0	0	0	0	
668	147	65486	4	147949	0	0	0	0	0	0	
669	148	65585	4	148188	0	0	0	0	0	0	
670	148	65683	4	148426	0	0	0	0	0	0	
671	148	65781	4	148664	0	0	0	0	0	0	
672	148	65879	4	148903	0	0	0	0	0	0	
673	149	65977	4	149143	0	0	0	0	0	0	
674	149	66075	4	149381	0	0	0	0	0	0	
675	149	66173	4	149620	0	0	0	0	0	0	
676	149	66271	4	149858	0	0	0	0	0	0	
677	150	66369	4	150096	0	0	0	0	0	0	
678	150	66467	4	150336	0	0	0	0	0	0	
679	150	66565	4	150574	0	0	0	0	0	0	
680	150	66663	4	150813	0	0	0	0	0	0	
681	151	66761	4	151051	0	0	0	0	0	0	
682	151	66859	4	151290	0	0	0	0	0	0	
683	151	66957	4	151530	0	0	0	0	0	0	
684	151	67055	4	151768	0	0	0	0	0	0	
685	152	67153	4	152008	0	0	0	0	0	0	
686	152	67251	4	152249	0	0	0	0	0	0	
687	152	67349	4	152488	0	0	0	0	0	0	
688	152	67447	4	152728	0	0	0	0	0	0	
689	152	67545	4	152968	0	0	0	0	0	0	
690	153	67643	4	153208	0	0	0	0	0	0	
691	153	67741	4	153448	0	0	0	0	0	0	
692	153	67839	4	153688	0	0	0	0	0	0	
693	153	67937	4	153929	0	0	0	0	0	0	
694	154	68035	4	154176	0	0	0	0	0	0	
695	154	68133	4	154416	0	0	0	0	0	0	
696	154	68231	4	154656	0	0	0	0	0	0	
697	154	68329	4	154896	0	0	0	0	0	0	
698	155	68428	4	155137	0	0	0	0	0	0	
699	155	68526	4	155377	0	0	0	0	0	0	
700	155	68624	4	155617	0	0	0	0	0	0	
701	155	68722	4	155858	0	0	0	0	0	0	
702	156	68820	4	156099	0	0	0	0	0	0	
703	156	68918	4	156339	0	0	0	0	0	0	
704	156	69016	4	156581	0	0	0	0	0	0	
705	156	69114	4	156821	0	0	0	0	0	0	
706	157	69212	4	157062	0	0	0	0	0	0	
707	157	69310	4	157368	0	0	0	0	0	0	
708	157	69408	4	157610	0	0	0	0	0	0	
709	157	69506	4	157851	0	0	0	0	0	0	
710	158	69604	4	158093	0	0	0	0	0	0	
711	158	69702	4	158334	0	0	0	0	0	0	
712	158	69800	4	158576	0	0	0	0	0	0	
713	158	69898	4	158818	0	0	0	0	0	0	
714	159	69996	4	159060	0	0	0	0	0	0	
715	159	70094	4	159302	0	0	0	0	0	0	
716	159	70192	4	159544	0	0	0	0	0	0	
717	159	70290	4	159786	0	0	0	0	0	0	
718	160	70388	4	160027	0	0	0	0	0	0	
719	160	70486	4	160270	0	0	0	0	0	0	
720	160	70584	4	160512	0	0	0	0	0	0	
721	160	70682	4	160754	0	0	0	0	0	0	
722	160	70780	4	160996	0	0	0	0	0	0	
723	161	70878	4	161238	0	0	0	0	0	0	
724	161	70976	4	161480	0	0	0	0	0	0	
725	161	71074	4	161722	0	0	0	0	0	0	
726	161	71172	4	161964	0	0	0	0	0	0	
727	162	71271	4	162206	0	0	0	0	0	0	
728	162	71369	4	162448	0	0	0	0	0	0	
729	162	71467	4	162690	0	0	0	0	0	0	
730	162	71565	4	162933	0	0	0	0	0	0	
731	163	71663	4	163175	0	0	0	0	0	0	
732	163	71761	4	163416	0	0	0	0	0	0	
733	163	71859	4	163657	0	0	0	0	0	0	
734	163	71957	4	163898	0	0	0	0	0	0	
735	164	72055	4	164152	0	0	0	0	0	0	
736	164	72153	4	164395	0	0	0	0	0	0	
737	164	72251	4	164637	0	0	0	0	0	0	
738	164	72349	4	164880	0	0	0	0	0	0	
739	165	72447	4	165122	0	0	0	0	0	0	
740	165	72545	4	165364	0	0	0	0	0	0	
741	165	72643	4	165607	0	0	0	0	0	0	
742	165	72741	4	165850	0	0	0	0	0	0	
743	166	72839	4	166092	0	0	0	0	0	0	
744	166	72937	4	166335	0	0	0	0	0	0	
745	166	73035	4	166577	0	0	0	0	0	0	
746	166	73133	4	166818	0	0	0	0	0	0	
747	167	73231	4	167060	0	0	0	0	0	0	
748	167	73329	4	167302	0	0	0	0	0	0	
749	167	73427	4	167545	0	0	0	0	0	0	
750	167	73525	4	167788	0	0	0	0	0	0	
751	168	73623	4	168031	0	0	0	0	0	0	
752	168	73721	4	168273	0	0	0	0	0	0	
753	168	73819	4	168516	0	0	0	0	0	0	
754	168	73917	4	168759	0	0	0	0	0	0	
755	169	74015	4	169003	0	0	0	0	0	0	
756	169	74114	4	169246	0	0	0	0	0	0	
757	169	74212	4	169489	0	0	0	0	0	0	
758	169	74310	4	169732	0	0	0	0	0	0	
759	169	74408	4	169975	0	0	0	0	0	0	
760	170	74506	4	170219	0	0	0	0	0	0	
761	170	74604	4	170463	0	0	0	0	0	0	
762	170	74702	4	170706	0	0	0	0	0	0	
763	170	74800	4	170950	0	0	0	0	0	0	
764	171	74898	4	171194	0	0	0	0	0	0	
765	171	74996	4	171437	0	0	0	0	0	0	
766	171	75094	4	171680	0	0	0	0	0	0	
767	171	75192	4	171924	0	0	0	0	0	0	
768	172	75290	4	172167	0	0	0	0	0	0	
769	172	75388	4	172411	0	0	0	0	0	0	
770	172	75486	4	172654	0	0	0	0	0	0	
771	172	75584	4	172898	0	0	0	0	0	0	
772	173	75682	4	173142	0	0	0	0	0	0	
773	173	75780	4	173386	0	0	0	0	0	0	
774	173	75878	4	173630	0	0	0	0	0	0	
775	173	75976	4	173874	0	0	0	0	0	0	
776	174	76074	4	174124	0	0	0	0	0	0	
777	174	76172	4	174368	0	0	0	0	0	0	
778	174	76270	4	174613	0	0	0	0	0	0	
779	174	76368	4	174857	0	0	0	0	0	0	
780	175	76466	4	175102	0	0	0	0	0	0	
781	175	76564	4	175346	0	0	0	0	0	0	
782	175	76662	4	175590	0	0	0	0	0	0	
783	175	76760	4	175834	0	0	0	0	0	0	
784	176	76858	4	176078	0	0	0	0	0	0	
785	176	76957	4	176322	0	0	0	0	0	0	
786	176	77055	4	176566	0	0	0	0	0	0	
787	176	77153	4	176810	0	0	0	0	0	0	
788	177	77251	4	177055	0	0	0	0	0	0	
789	177	77349	4	177300	0	0	0	0	0	0	
790	177	77447	4	177544	0	0	0	0	0	0	
791	177	77545	4	177789	0	0	0	0	0	0	
792	178	77643	4	178035	0	0	0	0	0	0	
793	178	77741	4	178279	0	0	0	0	0	0	
794	178	77839	4	178524	0	0	0	0	0	0	
795	178	77937	4	178769	0	0	0	0	0	0	
796	179	78035	4	179013	0	0	0	0	0	0	
797	179	78133	4	179258	0	0	0	0	0	0	
798	179	78231	4	179503	0	0	0	0	0	0	
799	179	78329	4	179748	0	0	0	0	0	0	
800	179	78427	4	179994	0	0	0	0	0	0	
801	180	78525	4	180239	0	0	0	0	0	0	
802	180	78623	4	180484	0	0	0	0	0	0	
803	180	78721	4	180730	0	0	0	0	0	0	
804	180	78819	4	180976	0	0	0	0	0	0	
805	181	78917	4	181222	0	0	0	0	0	0	
806	181	79015	4	181468	0	0	0	0	0	0	
807	181	79113	4	181712	0	0	0	0	0	0	
808	181	79211	4	181958	0	0	0	0	0	0	
809	182	79309	4	182204	0	0	0	0	0	0	
810	182	79407	4	182450	0	0	0	0	0	0	
811	182	79505	4	182696	0	0	0	0	0	0	
812	182	79603	4	182942	0	0	0	0	0	0	
813	183	79701	4	183189	0	0	0	0	0	0	
814	183	79800	4	183435	0	0	0	0	0	0	
815	183	79898	4	183681	0	0	0	0	0	0	
816	183	79996	4	183928	0	0	0	0	0	0	
817	184	80094	4	184181	0	0	0	0	0	0	
818	184	80192	4	184429	0	0	0	0	0	0	
819	184	80290	4	184676	0	0	0	0	0	0	
820	184	80388	4	184922	0	0	0	0	0	0	
821	185	80486	4	185168	0	0	0	0	0	0	
822	185	80584	4	185415	0	0	0	0	0	0	
823	185	80682	4	185661	0	0	0	0	0	0	
824	185	80780	4	185908	0	0	0	0	0	0	
825	186	80878	4	186154	0	0	0	0	0	0	
826	186	80976	4	186401	0	0	0	0	0	0	
827	186	81074	4	186648	0	0	0	0	0	0	
828	186	81172	4	186894	0	0	0	0	0	0	
829	187	81270	4	187141	0	0	0	0	0	0	
830	187	81368	4	187388	0	0	0	0	0	0	
831	187	81466	4	187635	0	0	0	0	0	0	
832	187	81564	4	187882	0	0	0	0	0	0	
833	188	81662	4	188128	0	0	0	0	0	0	
834	188	81760	4	188375	0	0	0	0	0	0	
835	188	81858	4	188623	0	0	0	0	0	0	
836	188	81956	4	188870	0	0	0	0	0	0	
837	189	82054	4	189116	0	0	0	0	0	0	
838	189	82152	4	189364	0	0	0	0	0	0	
839	189	82250	4	189610	0	0	0	0	0	0	
840	189	82348	4	189856	0	0	0	0	0	0	
841	190	82446	4	190102	0	0	0	0	0	0	
842	190	82544	4	190348	0	0	0	0	0	0	
843	190	82643	4	190594	0	0	0	0	0	0	
844	190	82741	4	190840	0	0	0	0	0	0	
845	191	82839	4	191085	0	0	0	0	0	0	
846	191	82937	4	191332	0	0	0	0	0	0	
847	191	83035	4	191579	0	0	0	0	0	0	
848	191	83133	4	191824	0	0	0	0	0	0	
849	192	83231	4	192071	0	0	0	0	0	0	
850	192	83329	4	192316	0	0	0	0	0	0	
851	192	83427	4	192562	0	0	0	0	0	0	
852	192	83525	4	192808	0	0	0	0	0	0	
853	193	83623	4	193055	0	0	0	0	0	0	
854	193	83721	4	193301	0	0	0	0	0	0	
855	193	83819	4	193547	0	0	0	0	0	0	
856	193	83917	4	193793	0	0	0	0	0	0	
857	194	84015	4	194040	0	0	0	0	0	0	
858	194	84113	4	194293	0	0	0	0	0	0	
859	194	84211	4	194539	0	0	0	0	0	0	
860	194	84309	4	194786	0	0	0	0	0	0	
861	195	84407	4	195033	0	0	0	0	0	0	
862	195	84505	4	195280	0	0	0	0	0	0	
863	195	84603	4	195526	0	0	0	0	0	0	
864	195	84701	4	195773	0	0	0	0	0	0	
865	196	84799	4	196019	0	0	0	0	0	0	
866	196	84897	4	196266	0	0	0	0	0	0	
867	196	84995	4	196512	0	0	0	0	0	0	
868	196	85093	4	196758	0	0	0	0	0	0	
869	197	85191	4	197004	0	0	0	0	0	0	
870	197	85289	4	197251	0	0	0	0	0	0	
871	197	85387	4	197498	0	0	0	0	0	0	
872	197	85486	4	197746	0	0	0	0	0	0	
873	197	85584	4	197994	0	0	0	0	0	0	
874	198	85682	4	198241	0	0	0	0	0	0	
875	198	85780	4	198488	0	0	0	0	0	0	
876	198	85878	4	198735	0	0	0	0	0	0	
877	198	85976	4	198982	0	0	0	0	0	0	
878	199	86074	4	199229	0	0	0	0	0	0	
879	199	86172	4	199476	0	0	0	0	0	0	
880	199	86270	4	199723	0	0	0	0	0	0	
881	199	86368	4	199970	0	0	0	0	0	0	
882	200	86466	4	200217	0	0	0	0	0	0	
883	200	86564	4	200464	0	0	0	0	0	0	
884	200	86662	4	200712	0	0	0	0	0	0	
885	200	86760	4	200960	0	0	0	0	0	0	
886	201	86858	4	201207	0	0	0	0	0	0	
887	201	86956	4	201454	0	0	0	0	0	0	
888	201	87054	4	201701	0	0	0	0	0	0	
889	201	87152	4	201948	0	0	0	0	0	0	
890	202	87250	4	202195	0	0	0	0	0	0	
891	202	87348	4	202442	0	0	0	0	0	0	
892	202	87446	4	202689	0	0	0	0	0	0	
893	202	87544	4	202937	0	0	0	0	0	0	
894	203	87642	4	203184	0	0	0	0	0	0	
895	203	87740	4	203432	0	0	0	0	0	0	
896	203	87838	4	203680	0	0	0	0	0	0	
897	203	87936	4	203928	0	0	0	0	0	0	
898	204	88034	4	204187	0	0	0	0	0	0	
899	204	88132	4	204436	0	0	0	0	0	0	
900	204	88230	4	204684	0	0	0	0	0	0	
901	204	88328	4	204931	0	0	0	0	0	0	
902	205	88427	4	205179	0	0	0	0	0	0	
903	205	88525	4	205427	0	0	0	0	0	0	
904	205	88623	4	205675	0	0	0	0	0	0	
905	205	88721	4	205921	0	0	0	0	0	0	
906	206	88819	4	206168	0	0	0	0	0	0	
907	206	88917	4	206416	0	0	0	0	0	0	
908	206	89015	4	206663	0	0	0	0	0	0	
909	206	89113	4	206910	0	0	0	0	0	0	
910	207	89211	4	207158	0	0	0	0	0	0	
911	207	89309	4	207406	0	0	0	0	0	0	
912	207	89407	4	207654	0	0	0	0	0	0	
913	207	89505	4	207903	0	0	0	0	0	0	
914	208	89603	4	208151	0	0	0	0	0	0	
915	208	89701	4	208399	0	0	0	0	0	0	
916	208	89799	4	208647	0	0	0	0	0	0	
917	208	89897	4	208895	0	0	0	0	0	0	
918	209	89995	4	209142	0	0	0	0	0	0	
919	209	90093	4	209390	0	0	0	0	0	0	
920	209	90191	4	209638	0	0	0	0	0	0	
921	209	90289	4	209886	0	0	0	0	0	0	
922	210	90387	4	210134	0	0	0	0	0	0	
923	210	90485	4	210381	0	0	0	0	0	0	
924	210	90583	4	210628	0	0	0	0	0	0	
925	210	90681	4	210876	0	0	0	0	0	0	
926	211	90779	4	211124	0	0	0	0	0	0	
927	211	90877	4	211373	0	0	0	0	0	0	
928	211	90975	4	211620	0	0	0	0	0	0	
929	211	91073	4	211868	0	0	0	0	0	0	
930	212	91171	4	212116	0	0	0	0	0	0	
931	212	91270	4	212363	0	0	0	0	0	0	
932	212	91368	4	212611	0	0	0	0	0	0	
933	212	91466	4	212860	0	0	0	0	0	0	
934	213	91564	4	213107	0	0	0	0	0	0	
935	213	91662	4	213356	0	0	0	0	0	0	
936	213	91760	4	213604	0	0	0	0	0	0	
937	213	91858	4	213853	0	0	0	0	0	0	
938	214	91956	4	214103	0	0	0	0	0	0	
939	214	92054	4	214358	0	0	0	0	0	0	
940	214	92152	4	214606	0	0	0	0	0	0	
941	214	92250	4	214856	0	0	0	0	0	0	
942	215	92348	4	215104	0	0	0	0	0	0	
943	215	92446	4	215353	0	0	0	0	0	0	
944	215	92544	4	215602	0	0	0	0	0	0	
945	215	92642	4	215850	0	0	0	0	0	0	
946	216	92740	4	216098	0	0	0	0	0	0	
947	216	92838	4	216346	0	0	0	0	0	0	
948	216	92936	4	216595	0	0	0	0	0	0	
949	216	93034	4	216843	0	0	0	0	0	0	
950	217	93132	4	217092	0	0	0	0	0	0	
951	217	93230	4	217341	0	0	0	0	0	0	
952	217	93328	4	217590	0	0	0	0	0	0	
953	217	93426	4	217838	0	0	0	0	0	0	
954	218	93524	4	218087	0	0	0	0	0	0	
955	218	93622	4	218336	0	0	0	0	0	0	
956	218	93720	4	218596	0	0	0	0	0	0	
957	218	93818	4	218845	0	0	0	0	0	0	
958	219	93916	4	219095	0	0	0	0	0	0	
959	219	94014	4	219345	0	0	0	0	0	0	
960	219	94113	4	219594	0	0	0	0	0	0	
961	219	94211	4	219843	0	0	0	0	0	0	
962	220	94309	4	220092	0	0	0	0	0	0	
963	220	94407	4	220341	0	0	0	0	0	0	
964	220	94505	4	220591	0	0	0	0	0	0	
965	220	94603	4	220841	0	0	0	0	0	0	
966	221	94701	4	221089	0	0	0	0	0	0	
967	221	94799	4	221339	0	0	0	0	0	0	
968	221	94897	4	221588	0	0	0	0	0	0	
969	221	94995	4	221837	0	0	0	0	0	0	
970	222	95093	4	222086	0	0	0	0	0	0	
971	222	95191	4	222336	0	0	0	0	0	0	
972	222	95289	4	222584	0	0	0	0	0	0	
973	222	95387	4	222834	0	0	0	0	0	0	
974	223	95485	4	223084	0	0	0	0	0	0	
975	223	95583	4	223332	0	0	0	0	0	0	
976	223	95681	4	223582	0	0	0	0	0	0	
977	223	95779	4	223832	0	0	0	0	0	0	
978	224	95877	4	224082	0	0	0	0	0	0	
979	224	95975	4	224338	0	0	0	0	0	0	
980	224	96073	4	224606	0	0	0	0	0	0	
981	224	96171	4	224856	0	0	0	0	0	0	
982	225	96269	4	225106	0	0	0	0	0	0	
983	225	96367	4	225356	0	0	0	0	0	0	
984	225	96465	4	225606	0	0	0	0	0	0	
985	225	96563	4	225856	0	0	0	0	0	0	
986	226	96661	4	226105	0	0	0	0	0	0	
987	226	96759	4	226355	0	0	0	0	0	0	
988	226	96857	4	226605	0	0	0	0	0	0	
989	226	96956	4	226855	0	0	0	0	0	0	
990	227	97054	4	227106	0	0	0	0	0	0	
991	227	97152	4	227356	0	0	0	0	0	0	
992	227	97250	4	227607	0	0	0	0	0	0	
993	227	97348	4	227858	0	0	0	0	0	0	
994	228	97446	4	228108	0	0	0	0	0	0	
995	228	97544	4	228360	0	0	0	0	0	0	
996	228	97642	4	228610	0	0	0	0	0	0	
997	228	97740	4	228861	0	0	0	0	0	0	
998	229	97838	4	229111	0	0	0	0	0	0	
999	229	97936	4	229362	0	0	0	0	0	0	
1000	229	98034	4	229614	0	0	0	0	0	0	
1001	229	98132	4	229865	0	0	0	0	0	0	
1002	230	98230	4	230116	0	0	0	0	0	0	
1003	230	98328	4	230366	0	0	0	0	0	0	
1004	230	98426	4	230618	0	0	0	0	0	0	
1005	230	98524	4	230869	0	0	0	0	0	0	
1006	231	98622	4	231119	0	0	0	0	0	0	
1007	231	98720	4	231370	0	0	0	0	0	0	
1008	231	98818	4	231622	0	0	0	0	0	0	
1009	231	98916	4	231872	0	0	0	0	0	0	
1010	232	99014	4	232123	0	0	0	0	0	0	
1011	232	99112	4	232374	0	0	0	0	0	0	
1012	232	99210	4	232625	0	0	0	0	0	0	
1013	232	99308	4	232876	0	0	0	0	0	0	
1014	233	99406	4	233127	0	0	0	0	0	0	
1015	233	99504	4	233377	0	0	0	0	0	0	
1016	233	99602	4	233629	0	0	0	0	0	0	
1017	233	99700	4	233881	0	0	0	0	0	0	
1018	234	99799	4	234138	0	0	0	0	0	0	
1019	234	99897	4	234392	0	0	0	0	0	0	
1020	234	99995	4	234644	0	0	0	0	0	0	
1021	234	100093	4	234894	0	0	0	0	0	0	
1022	235	100191	4	235146	0	0	0	0	0	0	
1023	235	100289	4	235398	0	0	0	0	0	0	
1024	235	100387	4	235650	0	0	0	0	0	0	
1025	235	100485	4	235902	0	0	0	0	0	0	
1026	236	100583	4	236153	0	0	0	0	0	0	
1027	236	100681	4	236405	0	0	0	0	0	0	
1028	236	100779	4	236656	0	0	0	0	0	0	
1029	236	100877	4	236908	0	0	0	0	0	0	
1030	237	100975	4	237160	0	0	0	0	0	0	
1031	237	101073	4	237412	0	0	0	0	0	0	
1032	237	101171	4	237663	0	0	0	0	0	0	
1033	237	101269	4	237914	0	0	0	0	0	0	
1034	238	101367	4	238166	0	0	0	0	0	0	
1035	238	101465	4	238417	0	0	0	0	0	0	
1036	238	101563	4	238670	0	0	0	0	0	0	
1037	238	101661	4	238922	0	0	0	0	0	0	
1038	239	101759	4	239174	0	0	0	0	0	0	
1039	239	101857	4	239426	0	0	0	0	0	0	
1040	239	101955	4	239678	0	0	0	0	0	0	
1041	239	102053	4	239931	0	0	0	0	0	0	
1042	240	102151	4	240184	0	0	0	0	0	0	
1043	240	102249	4	240436	0	0	0	0	0	0	
1044	240	102347	4	240688	0	0	0	0	0	0	
1045	240	102445	4	240940	0	0	0	0	0	0	
1046	241	102543	4	241192	0	0	0	0	0	0	
1047	241	102642	4	241444	0	0	0	0	0	0	
1048	241	102740	4	241696	0	0	0	0	0	0	
1049	241	102838	4	241949	0	0	0	0	0	0	
1050	242	102936	4	242202	0	0	0	0	0	0	
1051	242	103034	4	242454	0	0	0	0	0	0	
1052	242	103132	4	242706	0	0	0	0	0	0	
1053	242	103230	4	242959	0	0	0	0	0	0	
1054	243	103328	4	243213	0	0	0	0	0	0	
1055	243	103426	4	243466	0	0	0	0	0	0	
1056	243	103524	4	243719	0	0	0	0	0	0	
1057	243	103622	4	243972	0	0	0	0	0	0	
1058	244	103720	4	244229	0	0	0	0	0	0	
1059	244	103818	4	244481	0	0	0	0	0	0	
1060	244	103916	4	244736	0	0	0	0	0	0	
1061	244	104014	4	244989	0	0	0	0	0	0	
1062	245	104112	4	245241	0	0	0	0	0	0	
1063	245	104210	4	245494	0	0	0	0	0	0	
1064	245	104308	4	245748	0	0	0	0	0	0	
1065	246	104406	4	246001	0	0	0	0	0	0	
1066	246	104504	4	246254	0	0	0	0	0	0	
1067	246	104602	4	246506	0	0	0	0	0	0	
1068	246	104700	4	246760	0	0	0	0	0	0	
1069	247	104798	4	247014	0	0	0	0	0	0	
1070	247	104896	4	247267	0	0	0	0	0	0	
1071	247	104994	4	247520	0	0	0	0	0	0	
1072	247	105092	4	247773	0	0	0	0	0	0	
1073	248	105190	4	248027	0	0	0	0	0	0	
1074	248	105288	4	248280	0	0	0	0	0	0	
1075	248	105386	4	248534	0	0	0	0	0	0	
1076	248	105485	4	248786	0	0	0	0	0	0	
1077	249	105583	4	249040	0	0	0	0	0	0	
1078	249	105681	4	249293	0	0	0	0	0	0	
1079	249	105779	4	249547	0	0	0	0	0	0	
1080	249	105877	4	249800	0	0	0	0	0	0	
1081	250	105975	4	250054	0	0	0	0	0	0	
1082	250	106073	4	250308	0	0	0	0	0	0	
1083	250	106171	4	250561	0	0	0	0	0	0	
1084	250	106269	4	250815	0	0	0	0	0	0	
1085	251	106367	4	251069	0	0	0	0	0	0	
1086	251	106465	4	251322	0	0	0	0	0	0	
1087	251	106563	4	251576	0	0	0	0	0	0	
1088	251	106661	4	251829	0	0	0	0	0	0	
1089	252	106759	4	252083	0	0	0	0	0	0	
1090	252	106857	4	252336	0	0	0	0	0	0	
1091	252	106955	4	252589	0	0	0	0	0	0	
1092	252	107053	4	252843	0	0	0	0	0	0	
1093	253	107151	4	253097	0	0	0	0	0	0	
1094	253	107249	4	253352	0	0	0	0	0	0	
1095	253	107347	4	253607	0	0	0	0	0	0	
1096	253	107445	4	253861	0	0	0	0	0	0	
1097	254	107543	4	254115	0	0	0	0	0	0	
1098	254	107641	4	254368	0	0	0	0	0	0	
1099	254	107739	4	254623	0	0	0	0	0	0	
1100	254	107837	4	254879	0	0	0	0	0	0	
1101	255	107935	4	255133	0	0	0	0	0	0	
1102	255	108033	4	255388	0	0	0	0	0	0	
1103	255	108131	4	255642	0	0	0	0	0	0	
1104	255	108229	4	255897	0	0	0	0	0	0	
1105	256	108328	4	256152	0	0	0	0	0	0	
1106	256	108426	4	256406	0	0	0	0	0	0	
1107	256	108524	4	256660	0	0	0	0	0	0	
1108	256	108622	4	256915	0	0	0	0	0	0	
1109	257	108720	4	257169	0	0	0	0	0	0	
1110	257	108818	4	257424	0	0	0	0	0	0	
1111	257	108916	4	257678	0	0	0	0	0	0	
1112	257	109014	4	257932	0	0	0	0	0	0	
1113	258	109112	4	258186	0	0	0	0	0	0	
1114	258	109210	4	258441	0	0	0	0	0	0	
1115	258	109308	4	258695	0	0	0	0	0	0	
1116	258	109406	4	258950	0	0	0	0	0	0	
1117	259	109504	4	259205	0	0	0	0	0	0	
1118	259	109602	4	259460	0	0	0	0	0	0	
1119	259	109700	4	259714	0	0	0	0	0	0	
1120	259	109798	4	259971	0	0	0	0	0	0	
1121	260	109896	4	260225	0	0	0	0	0	0	
1122	260	109994	4	260480	0	0	0	0	0	0	
1123	260	110092	4	260734	0	0	0	0	0	0	
1124	260	110190	4	260989	0	0	0	0	0	0	
1125	261	110288	4	261243	0	0	0	0	0	0	
1126	261	110386	4	261498	0	0	0	0	0	0	
1127	261	110484	4	261752	0	0	0	0	0	0	
1128	262	110582	4	262007	0	0	0	0	0	0	
1129	262	110680	4	262262	0	0	0	0	0	0	
1130	262	110778	4	262518	0	0	0	0	0	0	
1131	262	110876	4	262773	0	0	0	0	0	0	
1132	263	110974	4	263027	0	0	0	0	0	0	
1133	263	111072	4	263282	0	0	0	0	0	0	
1134	263	111171	4	263538	0	0	0	0	0	0	
1135	263	111269	4	263794	0	0	0	0	0	0	
1136	264	111367	4	264049	0	0	0	0	0	0	
1137	264	111465	4	264304	0	0	0	0	0	0	
1138	264	111563	4	264558	0	0	0	0	0	0	
1139	264	111661	4	264813	0	0	0	0	0	0	
1140	265	111759	4	265068	0	0	0	0	0	0	
1141	265	111857	4	265324	0	0	0	0	0	0	
1142	265	111955	4	265580	0	0	0	0	0	0	
1143	265	112053	4	265835	0	0	0	0	0	0	
1144	266	112151	4	266090	0	0	0	0	0	0	
1145	266	112249	4	266345	0	0	0	0	0	0	
1146	266	112347	4	266599	0	0	0	0	0	0	
1147	266	112445	4	266854	0	0	0	0	0	0	
1148	267	112543	4	267109	0	0	0	0	0	0	
1149	267	112641	4	267365	0	0	0	0	0	0	
1150	267	112739	4	267619	0	0	0	0	0	0	
1151	267	112837	4	267875	0	0	0	0	0	0	
1152	268	112935	4	268130	0	0	0	0	0	0	
1153	268	113033	4	268385	0	0	0	0	0	0	
1154	268	113131	4	268639	0	0	0	0	0	0	
1155	268	113229	4	268895	0	0	0	0	0	0	
1156	269	113327	4	269150	0	0	0	0	0	0	
1157	269	113425	4	269406	0	0	0	0	0	0	
1158	269	113523	4	269661	0	0	0	0	0	0	
1159	269	113621	4	269917	0	0	0	0	0	0	
1160	270	113719	4	270173	0	0	0	0	0	0	
1161	270	113817	4	270428	0	0	0	0	0	0	
1162	270	113915	4	270683	0	0	0	0	0	0	
1163	270	114014	4	270940	0	0	0	0	0	0	
1164	271	114112	4	271195	0	0	0	0	0	0	
1165	271	114210	4	271450	0	0	0	0	0	0	
1166	271	114308	4	271706	0	0	0	0	0	0	
1167	271	114406	4	271962	0	0	0	0	0	0	
1168	272	114504	4	272218	0	0	0	0	0	0	
1169	272	114602	4	272473	0	0	0	0	0	0	
1170	272	114700	4	272729	0	0	0	0	0	0	
1171	272	114798	4	272984	0	0	0	0	0	0	
1172	273	114896	4	273239	0	0	0	0	0	0	
1173	273	114994	4	273495	0	0	0	0	0	0	
1174	273	115092	4	273752	0	0	0	0	0	0	
1175	274	115190	4	274009	0	0	0	0	0	0	
1176	274	115288	4	274265	0	0	0	0	0	0	
1177	274	115386	4	274521	0	0	0	0	0	0	
1178	274	115484	4	274778	0	0	0	0	0	0	
1179	275	115582	4	275033	0	0	0	0	0	0	
1180	275	115680	4	275289	0	0	0	0	0	0	
1181	275	115778	4	275545	0	0	0	0	0	0	
1182	275	115876	4	275801	0	0	0	0	0	0	
1183	276	115974	4	276056	0	0	0	0	0	0	
1184	276	116072	4	276313	0	0	0	0	0	0	
1185	276	116170	4	276568	0	0	0	0	0	0	
1186	276	116268	4	276825	0	0	0	0	0	0	
1187	277	116366	4	277082	0	0	0	0	0	0	
1188	277	116464	4	277338	0	0	0	0	0	0	
1189	277	116562	4	277595	0	0	0	0	0	0	
1190	277	116660	4	277851	0	0	0	0	0	0	
1191	278	116758	4	278108	0	0	0	0	0	0	
1192	278	116857	4	278365	0	0	0	0	0	0	
1193	278	116955	4	278621	0	0	0	0	0	0	
1194	278	117053	4	278878	0	0	0	0	0	0	
1195	279	117151	4	279135	0	0	0	0	0	0	
1196	279	117249	4	279393	0	0	0	0	0	0	
1197	279	117347	4	279650	0	0	0	0	0	0	
1198	279	117445	4	279907	0	0	0	0	0	0	
1199	280	117543	4	280164	0	0	0	0	0	0	
1200	280	117641	4	280421	0	0	0	0	0	0	
1201	280	117739	4	280678	0	0	0	0	0	0	
1202	280	117837	4	280936	0	0	0	0	0	0	
1203	281	117935	4	281193	0	0	0	0	0	0	
1204	281	118033	4	281450	0	0	0	0	0	0	
1205	281	118131	4	281707	0	0	0	0	0	0	
1206	281	118229	4	281964	0	0	0	0	0	0	
1207	282	118327	4	282221	0	0	0	0	0	0	
1208	282	118425	4	282477	0	0	0	0	0	0	
1209	282	118523	4	282734	0	0	0	0	0	0	
1210	282	118621	4	282991	0	0	0	0	0	0	
1211	283	118719	4	283248	0	0	0	0	0	0	
1212	283	118817	4	283505	0	0	0	0	0	0	
1213	283	118915	4	283763	0	0	0	0	0	0	
1214	284	119013	4	284020	0	0	0	0	0	0	
1215	284	119111	4	284278	0	0	0	0	0	0	
1216	284	119209	4	284535	0	0	0	0	0	0	
1217	284	119307	4	284793	0	0	0	0	0	0	
1218	285	119405	4	285051	0	0	0	0	0	0	
1219	285	119503	4	285308	0	0	0	0	0	0	
1220	285	119601	4	285565	0	0	0	0	0	0	
1221	285	119700	4	285823	0	0	0	0	0	0	
1222	286	119798	4	286081	0	0	0	0	0	0	
1223	286	119896	4	286338	0	0	0	0	0	0	
1224	286	119994	4	286596	0	0	0	0	0	0	
1225	286	120092	4	286854	0	0	0	0	0	0	
1226	287	120190	4	287113	0	0	0	0	0	0	
1227	287	120288	4	287370	0	0	0	0	0	0	
1228	287	120386	4	287628	0	0	0	0	0	0	
1229	287	120484	4	287885	0	0	0	0	0	0	
1230	288	120582	4	288142	0	0	0	0	0	0	
1231	288	120680	4	288399	0	0	0	0	0	0	
1232	288	120778	4	288658	0	0	0	0	0	0	
1233	288	120876	4	288917	0	0	0	0	0	0	
1234	289	120974	4	289174	0	0	0	0	0	0	
1235	289	121072	4	289433	0	0	0	0	0	0	
1236	289	121170	4	289691	0	0	0	0	0	0	
1237	289	121268	4	289949	0	0	0	0	0	0	
1238	290	121366	4	290206	0	0	0	0	0	0	
1239	290	121464	4	290464	0	0	0	0	0	0	
1240	290	121562	4	290721	0	0	0	0	0	0	
1241	290	121660	4	290980	0	0	0	0	0	0	
1242	291	121758	4	291237	0	0	0	0	0	0	
1243	291	121856	4	291495	0	0	0	0	0	0	
1244	291	121954	4	291753	0	0	0	0	0	0	
1245	292	122052	4	292011	0	0	0	0	0	0	
1246	292	122150	4	292268	0	0	0	0	0	0	
1247	292	122248	4	292526	0	0	0	0	0	0	
1248	292	122346	4	292784	0	0	0	0	0	0	
1249	293	122444	4	293042	0	0	0	0	0	0	
1250	293	122543	4	293299	0	0	0	0	0	0	
1251	293	122641	4	293557	0	0	0	0	0	0	
1252	293	122739	4	293816	0	0	0	0	0	0	
1253	294	122837	4	294074	0	0	0	0	0	0	
1254	294	122935	4	294331	0	0	0	0	0	0	
1255	294	123033	4	294589	0	0	0	0	0	0	
1256	294	123131	4	294846	0	0	0	0	0	0	
1257	295	123229	4	295105	0	0	0	0	0	0	
1258	295	123327	4	295363	0	0	0	0	0	0	
1259	295	123425	4	295620	0	0	0	0	0	0	
1260	295	123523	4	295879	0	0	0	0	0	0	
1261	296	123621	4	296137	0	0	0	0	0	0	
1262	296	123719	4	296395	0	0	0	0	0	0	
1263	296	123817	4	296653	0	0	0	0	0	0	
1264	296	123915	4	296911	0	0	0	0	0	0	
1265	297	124013	4	297169	0	0	0	0	0	0	
1266	297	124111	4	297428	0	0	0	0	0	0	
1267	297	124209	4	297686	0	0	0	0	0	0	
1268	297	124307	4	297944	0	0	0	0	0	0	
1269	298	124405	4	298202	0	0	0	0	0	0	
1270	298	124503	4	298461	0	0	0	0	0	0	
1271	298	124601	4	298718	0	0	0	0	0	0	
1272	298	124699	4	298976	0	0	0	0	0	0	
1273	299	124797	4	299235	0	0	0	0	0	0	
1274	299	124895	4	299494	0	0	0	0	0	0	
1275	299	124993	4	299752	0	0	0	0	0	0	
1276	300	125091	4	300010	0	0	0	0	0	0	
1277	300	125189	4	300270	0	0	0	0	0	0	
1278	300	125287	4	300528	0	0	0	0	0	0	
1279	300	125386	4	300787	0	0	0	0	0	0	
1280	301	125484	4	301045	0	0	0	0	0	0	
1281	301	125582	4	301304	0	0	0	0	0	0	
1282	301	125680	4	301564	0	0	0	0	0	0	
1283	301	125778	4	301823	0	0	0	0	0	0	
1284	302	125876	4	302082	0	0	0	0	0	0	
1285	302	125974	4	302341	0	0	0	0	0	0	
1286	302	126072	4	302599	0	0	0	0	0	0	
1287	302	126170	4	302858	0	0	0	0	0	0	
1288	303	126268	4	303117	0	0	0	0	0	0	
1289	303	126366	4	303376	0	0	0	0	0	0	
1290	303	126464	4	303636	0	0	0	0	0	0	
1291	303	126562	4	303895	0	0	0	0	0	0	
1292	304	126660	4	304160	0	0	0	0	0	0	
1293	304	126758	4	304420	0	0	0	0	0	0	
1294	304	126856	4	304679	0	0	0	0	0	0	
1295	304	126954	4	304939	0	0	0	0	0	0	
1296	305	127052	4	305198	0	0	0	0	0	0	
1297	305	127150	4	305458	0	0	0	0	0	0	
1298	305	127248	4	305718	0	0	0	0	0	0	
1299	305	127346	4	305978	0	0	0	0	0	0	
1300	306	127444	4	306238	0	0	0	0	0	0	
1301	306	127542	4	306496	0	0	0	0	0	0	
1302	306	127640	4	306757	0	0	0	0	0	0	
1303	307	127738	4	307015	0	0	0	0	0	0	
1304	307	127836	4	307274	0	0	0	0	0	0	
1305	307	127934	4	307533	0	0	0	0	0	0	
1306	307	128032	4	307793	0	0	0	0	0	0	
1307	308	128130	4	308053	0	0	0	0	0	0	
1308	308	128229	4	308313	0	0	0	0	0	0	
1309	308	128327	4	308573	0	0	0	0	0	0	
1310	308	128425	4	308833	0	0	0	0	0	0	
1311	309	128523	4	309093	0	0	0	0	0	0	
1312	309	128621	4	309353	0	0	0	0	0	0	
1313	309	128719	4	309613	0	0	0	0	0	0	
1314	309	128817	4	309873	0	0	0	0	0	0	
1315	310	128915	4	310132	0	0	0	0	0	0	
1316	310	129013	4	310391	0	0	0	0	0	0	
1317	310	129111	4	310651	0	0	0	0	0	0	
1318	310	129209	4	310911	0	0	0	0	0	0	
1319	311	129307	4	311170	0	0	0	0	0	0	
1320	311	129405	4	311430	0	0	0	0	0	0	
1321	311	129503	4	311690	0	0	0	0	0	0	
1322	311	129601	4	311950	0	0	0	0	0	0	
1323	312	129699	4	312210	0	0	0	0	0	0	
1324	312	129797	4	312470	0	0	0	0	0	0	
1325	312	129895	4	312729	0	0	0	0	0	0	
1326	312	129993	4	312990	0	0	0	0	0	0	
1327	313	130091	4	313250	0	0	0	0	0	0	
1328	313	130189	4	313510	0	0	0	0	0	0	
1329	313	130287	4	313770	0	0	0	0	0	0	
1330	314	130385	4	314030	0	0	0	0	0	0	
1331	314	130483	4	314310	0	0	0	0	0	0	
1332	314	130581	4	314572	0	0	0	0	0	0	
1333	314	130679	4	314834	0	0	0	0	0	0	
1334	315	130777	4	315095	0	0	0	0	0	0	
1335	315	130875	4	315355	0	0	0	0	0	0	
1336	315	130973	4	315617	0	0	0	0	0	0	
1337	315	131071	4	315877	0	0	0	0	0	0	
1338	316	131170	4	316137	0	0	0	0	0	0	
1339	316	131268	4	316397	0	0	0	0	0	0	
1340	316	131366	4	316658	0	0	0	0	0	0	
1341	316	131464	4	316919	0	0	0	0	0	0	
1342	317	131562	4	317179	0	0	0	0	0	0	
1343	317	131660	4	317439	0	0	0	0	0	0	
1344	317	131758	4	317699	0	0	0	0	0	0	
1345	317	131856	4	317959	0	0	0	0	0	0	
1346	318	131954	4	318220	0	0	0	0	0	0	
1347	318	132052	4	318480	0	0	0	0	0	0	
1348	318	132150	4	318740	0	0	0	0	0	0	
1349	319	132248	4	319001	0	0	0	0	0	0	
1350	319	132346	4	319261	0	0	0	0	0	0	
1351	319	132444	4	319522	0	0	0	0	0	0	
1352	319	132542	4	319783	0	0	0	0	0	0	
1353	320	132640	4	320044	0	0	0	0	0	0	
1354	320	132738	4	320305	0	0	0	0	0	0	
1355	320	132836	4	320566	0	0	0	0	0	0	
1356	320	132934	4	320827	0	0	0	0	0	0	
1357	321	133032	4	321087	0	0	0	0	0	0	
1358	321	133130	4	321348	0	0	0	0	0	0	
1359	321	133228	4	321610	0	0	0	0	0	0	
1360	321	133326	4	321871	0	0	0	0	0	0	
1361	322	133424	4	322132	0	0	0	0	0	0	
1362	322	133522	4	322392	0	0	0	0	0	0	
1363	322	133620	4	322653	0	0	0	0	0	0	
1364	322	133718	4	322914	0	0	0	0	0	0	
1365	323	133816	4	323175	0	0	0	0	0	0	
1366	323	133914	4	323436	0	0	0	0	0	0	
1367	323	134013	4	323697	0	0	0	0	0	0	
1368	323	134111	4	323958	0	0	0	0	0	0	
1369	324	134209	4	324227	0	0	0	0	0	0	
1370	324	134307	4	324488	0	0	0	0	0	0	
1371	324	134405	4	324750	0	0	0	0	0	0	
1372	325	134503	4	325012	0	0	0	0	0	0	
1373	325	134601	4	325273	0	0	0	0	0	0	
1374	325	134699	4	325535	0	0	0	0	0	0	
1375	325	134797	4	325796	0	0	0	0	0	0	
1376	326	134895	4	326057	0	0	0	0	0	0	
1377	326	134993	4	326319	0	0	0	0	0	0	
1378	326	135091	4	326580	0	0	0	0	0	0	
1379	326	135189	4	326843	0	0	0	0	0	0	
1380	327	135287	4	327106	0	0	0	0	0	0	
1381	327	135385	4	327368	0	0	0	0	0	0	
1382	327	135483	4	327630	0	0	0	0	0	0	
1383	327	135581	4	327893	0	0	0	0	0	0	
1384	328	135679	4	328155	0	0	0	0	0	0	
1385	328	135777	4	328417	0	0	0	0	0	0	
1386	328	135875	4	328679	0	0	0	0	0	0	
1387	328	135973	4	328941	0	0	0	0	0	0	
1388	329	136071	4	329203	0	0	0	0	0	0	
1389	329	136169	4	329465	0	0	0	0	0	0	
1390	329	136267	4	329727	0	0	0	0	0	0	
1391	329	136365	4	329989	0	0	0	0	0	0	
1392	330	136463	4	330251	0	0	0	0	0	0	
1393	330	136561	4	330513	0	0	0	0	0	0	
1394	330	136659	4	330775	0	0	0	0	0	0	
1395	331	136757	4	331037	0	0	0	0	0	0	
1396	331	136856	4	331299	0	0	0	0	0	0	
1397	331	136954	4	331559	0	0	0	0	0	0	
1398	331	137052	4	331821	0	0	0	0	0	0	
1399	332	137150	4	332082	0	0	0	0	0	0	
1400	332	137248	4	332345	0	0	0	0	0	0	
1401	332	137346	4	332607	0	0	0	0	0	0	
1402	332	137444	4	332870	0	0	0	0	0	0	
1403	333	137542	4	333132	0	0	0	0	0	0	
1404	333	137640	4	333394	0	0	0	0	0	0	
1405	333	137738	4	333657	0	0	0	0	0	0	
1406	333	137836	4	333919	0	0	0	0	0	0	
1407	334	137934	4	334180	0	0	0	0	0	0	
1408	334	138032	4	334443	0	0	0	0	0	0	
1409	334	138130	4	334705	0	0	0	0	0	0	
1410	334	138228	4	334967	0	0	0	0	0	0	
1411	335	138326	4	335229	0	0	0	0	0	0	
1412	335	138424	4	335492	0	0	0	0	0	0	
1413	335	138522	4	335754	0	0	0	0	0	0	
1414	336	138620	4	336016	0	0	0	0	0	0	
1415	336	138718	4	336278	0	0	0	0	0	0	
1416	336	138816	4	336540	0	0	0	0	0	0	
1417	336	138914	4	336803	0	0	0	0	0	0	
1418	337	139012	4	337066	0	0	0	0	0	0	
1419	337	139110	4	337328	0	0	0	0	0	0	
1420	337	139208	4	337591	0	0	0	0	0	0	
1421	337	139306	4	337853	0	0	0	0	0	0	
1422	338	139404	4	338116	0	0	0	0	0	0	
1423	338	139502	4	338377	0	0	0	0	0	0	
1424	338	139600	4	338640	0	0	0	0	0	0	
1425	338	139699	4	338902	0	0	0	0	0	0	
1426	339	139797	4	339164	0	0	0	0	0	0	
1427	339	139895	4	339426	0	0	0	0	0	0	
1428	339	139993	4	339688	0	0	0	0	0	0	
1429	339	140091	4	339952	0	0	0	0	0	0	
1430	340	140189	4	340215	0	0	0	0	0	0	
1431	340	140287	4	340478	0	0	0	0	0	0	
1432	340	140385	4	340741	0	0	0	0	0	0	
1433	341	140483	4	341004	0	0	0	0	0	0	
1434	341	140581	4	341267	0	0	0	0	0	0	
1435	341	140679	4	341529	0	0	0	0	0	0	
1436	341	140777	4	341792	0	0	0	0	0	0	
1437	342	140875	4	342055	0	0	0	0	0	0	
1438	342	140973	4	342316	0	0	0	0	0	0	
1439	342	141071	4	342580	0	0	0	0	0	0	
1440	342	141169	4	342842	0	0	0	0	0	0	
1441	343	141267	4	343105	0	0	0	0	0	0	
1442	343	141365	4	343368	0	0	0	0	0	0	
1443	343	141463	4	343631	0	0	0	0	0	0	
1444	343	141561	4	343895	0	0	0	0	0	0	
1445	344	141659	4	344158	0	0	0	0	0	0	
1446	344	141757	4	344420	0	0	0	0	0	0	
1447	344	141855	4	344683	0	0	0	0	0	0	
1448	344	141953	4	344945	0	0	0	0	0	0	
1449	345	142051	4	345209	0	0	0	0	0	0	
1450	345	142149	4	345471	0	0	0	0	0	0	
1451	345	142247	4	345734	0	0	0	0	0	0	
1452	345	142345	4	345998	0	0	0	0	0	0	
1453	346	142443	4	346260	0	0	0	0	0	0	
1454	346	142542	4	346524	0	0	0	0	0	0	
1455	346	142640	4	346787	0	0	0	0	0	0	
1456	347	142738	4	347050	0	0	0	0	0	0	
1457	347	142836	4	347314	0	0	0	0	0	0	
1458	347	142934	4	347577	0	0	0	0	0	0	
1459	347	143032	4	347841	0	0	0	0	0	0	
1460	348	143130	4	348104	0	0	0	0	0	0	
1461	348	143228	4	348368	0	0	0	0	0	0	
1462	348	143326	4	348641	0	0	0	0	0	0	
1463	348	143424	4	348904	0	0	0	0	0	0	
1464	349	143522	4	349168	0	0	0	0	0	0	
1465	349	143620	4	349432	0	0	0	0	0	0	
1466	349	143718	4	349696	0	0	0	0	0	0	
1467	349	143816	4	349959	0	0	0	0	0	0	
1468	350	143914	4	350223	0	0	0	0	0	0	
1469	350	144012	4	350493	0	0	0	0	0	0	
1470	355	144110	339	355850	0	0	0	0	0	0	
1471	358	144208	662	358363	0	0	0	0	0	0	
1472	360	144306	983	360856	0	0	0	0	0	0	
1473	363	144404	1251	363218	0	0	0	0	0	0	
1474	365	144502	1467	365234	0	0	0	0	0	0	
1475	366	144600	1631	366717	0	0	0	0	0	0	
1476	368	144698	1789	368333	0	0	0	0	0	0	
1477	370	144796	1958	370042	0	0	0	0	0	0	
1478	371	144894	2115	371642	0	0	0	0	0	0	
1479	373	144992	2277	373512	0	0	0	0	0	0	
1480	375	145090	2425	375054	0	0	0	0	0	0	
1481	378	145188	2636	378605	0	0	0	0	0	0	
1482	383	145286	3150	383988	0	0	0	0	0	0	
1483	390	145385	3608	390742	0	0	0	0	0	0	
1484	397	145483	4154	397740	0	0	0	0	0	0	
1485	403	145581	4687	403020	0	0	0	0	0	0	
1486	408	145679	5206	408433	0	0	0	0	0	0	
1487	414	145777	5767	414156	0	0	0	0	0	0	
1488	419	145875	6261	419163	0	0	0	0	0	0	
1489	423	145973	6713	423853	0	0	0	0	0	0	
1490	428	146071	7184	428465	0	0	0	0	0	0	
1491	433	146169	7620	433104	0	0	0	0	0	0	
1492	440	146267	8170	440921	0	0	0	0	0	0	
1493	447	146365	8843	447459	0	0	0	0	0	0	
1494	465	146463	9958	465779	0	0	0	0	0	0	
1495	478	146561	11281	478017	0	0	0	0	0	0	
1496	488	146659	12436	488805	0	0	0	0	0	0	
1497	499	146757	13513	499281	0	0	0	0	0	0	
1498	508	146855	14474	508993	0	0	0	0	0	0	
1499	518	146953	15368	518145	0	0	0	0	0	0	
1500	528	147051	16402	528168	0	0	0	0	0	0	
1501	536	147149	17299	536776	0	0	0	0	0	0	
1502	544	147247	18116	544755	0	0	0	0	0	0	
1503	553	147345	18936	553019	0	0	0	0	0	0	
1504	560	147443	19677	560208	0	0	0	0	0	0	
1505	569	147541	20458	569161	0	0	0	0	0	0	
1506	585	147639	21543	585676	0	0	0	0	0	0	
1507	595	147737	22563	595678	0	0	0	0	0	0	
1508	604	147835	23488	604921	0	0	0	0	0	0	
1509	617	147933	24630	617205	0	0	0	0	0	0	
1510	630	148031	25844	630618	0	0	0	0	0	0	
1511	641	148129	26960	641334	0	0	0	0	0	0	
1512	651	148228	28004	651625	0	0	0	0	0	0	
1513	664	148326	29167	664290	0	0	0	0	0	0	
1514	678	148424	30424	678071	0	0	0	0	0	0	
1515	691	148522	31600	691279	0	0	0	0	0	0	
1516	703	148620	32660	703287	0	0	0	0	0	0	
1517	716	148718	33835	716318	0	0	0	0	0	0	
1518	728	148816	34936	728709	0	0	0	0	0	0	
1519	741	148914	36089	741909	0	0	0	0	0	0	
1520	754	149012	37134	754955	0	0	0	0	0	0	
1521	768	149110	38338	768551	0	0	0	0	0	0	
1522	781	149208	39502	781361	0	0	0	0	0	0	
1523	800	149306	41046	800016	0	0	0	0	0	0	
1524	819	149404	42638	819247	0	0	0	0	0	0	
1525	835	149502	44125	835773	0	0	0	0	0	0	
1526	850	149600	45426	850220	0	0	0	0	0	0	
1527	868	149698	47018	868461	0	0	0	0	0	0	
1528	886	149796	48599	886178	0	0	0	0	0	0	
1529	902	149894	50019	902238	0	0	0	0	0	0	
1530	919	149992	51451	919230	0	0	0	0	0	0	
1531	937	150090	52871	937626	0	0	0	0	0	0	
1532	955	150188	54465	955602	0	0	0	0	0	0	
1533	973	150286	56062	973150	0	0	0	0	0	0	
1534	993	150384	57740	993038	0	0	0	0	0	0	
1535	1019	150482	60006	1019256	0	0	0	0	0	0	
1536	1042	150580	62283	1042855	0	0	0	0	0	0	
1537	1067	150678	64448	1067833	0	0	0	0	0	0	
1538	1090	150776	66547	1090454	0	0	0	0	0	0	
1539	1113	150874	68758	1113613	0	0	0	0	0	0	
1540	1138	150972	71109	1138047	0	0	0	0	0	0	
1541	1162	151071	73387	1162046	0	0	0	0	0	0	
1542	1186	151169	75722	1186558	0	0	0	0	0	0	
1543	1211	151267	78004	1211833	0	0	0	0	0	0	
1544	1235	151365	80285	1235982	0	0	0	0	0	0	
1545	1266	151463	83302	1266726	0	0	0	0	0	0	
1546	1296	151561	86133	1296946	0	0	0	0	0	0	
1547	1327	151659	88920	1327323	0	0	0	0	0	0	
1548	1359	151757	91797	1359580	0	0	0	0	0	0	
1549	1396	151855	95379	1396596	0	0	0	0	0	0	
1550	1433	151953	98992	1433655	0	0	0	0	0	0	
1551	1473	152051	102765	1473510	0	0	0	0	0	0	
1552	1519	152149	107481	1519735	0	0	0	0	0	0	
1553	1570	152247	112515	1570385	0	0	0	0	0	0	
1554	1617	152345	117299	1617929	0	0	0	0	0	0	
1555	1669	152443	122053	1669066	0	0	0	0	0	0	
1556	1712	152541	126410	1712571	0	0	0	0	0	0	
1557	1751	152639	130193	1751069	0	0	0	0	0	0	
1558	1791	152737	134162	1791602	0	0	0	0	0	0	
1559	1830	152835	137868	1830066	0	0	0	0	0	0	
1560	1868	152933	141640	1868489	0	0	0	0	0	0	
1561	1903	153031	145049	1903607	0	0	0	0	0	0	
1562	1941	153129	148624	1941941	0	0	0	0	0	0	
1563	1977	153227	152078	1977840	0	0	0	0	0	0	
1564	2012	153325	155426	2012396	0	0	0	0	0	0	
1565	2048	153423	158948	2048055	0	0	0	0	0	0	
1566	2081	153521	162273	2081859	0	0	0	0	0	0	
1567	2112	153619	165257	2112932	0	0	0	0	0	0	
1568	2153	153717	169012	2153663	0	0	0	0	0	0	
1569	2198	153815	172615	2198518	0	0	0	0	0	0	
1570	2242	153914	176709	2242756	0	0	0	0	0	0	
1571	2285	154012	180723	2285510	0	0	0	0	0	0	
1572	2320	154110	184165	2320414	0	0	0	0	0	0	
1573	2357	154208	187781	2357998	0	0	0	0	0	0	
1574	2392	154306	191166	2392364	0	0	0	0	0	0	
1575	2432	154404	194933	2432467	0	0	0	0	0	0	
1576	2469	154502	198583	2469593	0	0	0	0	0	0	
1577	2504	154600	201956	2504573	0	0	0	0	0	0	
1578	2547	154698	206124	2547575	0	0	0	0	0	0	
1579	2587	154796	209979	2587024	0	0	0	0	0	0	
1580	2622	154894	213428	2622486	0	0	0	0	0	0	
1581	2660	154992	217094	2660678	0	0	0	0	0	0	
1582	2699	155090	220657	2699255	0	0	0	0	0	0	
1583	2737	155188	224363	2737698	0	0	0	0	0	0	
1584	2783	155286	228852	2783837	0	0	0	0	0	0	
1585	2825	155384	232921	2825515	0	0	0	0	0	0	
1586	2865	155482	236622	2865254	0	0	0	0	0	0	
1587	2909	155580	240579	2909082	0	0	0	0	0	0	
1588	2948	155678	244382	2948298	0	0	0	0	0	0	
1589	2998	155776	249131	2998830	0	0	0	0	0	0	
1590	3041	155874	253395	3041943	0	0	0	0	0	0	
1591	3083	155972	257405	3083547	0	0	0	0	0	0	
1592	3143	156070	262971	3143765	0	0	0	0	0	0	
1593	3197	156168	268084	3197283	0	0	0	0	0	0	
1594	3248	156266	273195	3248700	0	0	0	0	0	0	
1595	3301	156364	278500	3301842	0	0	0	0	0	0	
1596	3352	156462	283280	3352292	0	0	0	0	0	0	
1597	3405	156560	288294	3405346	0	0	0	0	0	0	
1598	3464	156658	293940	3464077	0	0	0	0	0	0	
1599	3515	156757	298952	3515769	0	0	0	0	0	0	
1600	3570	156855	304210	3570061	0	0	0	0	0	0	
1601	3628	156953	309877	3628838	0	0	0	0	0	0	
1602	3684	157051	315365	3684690	0	0	0	0	0	0	
1603	3742	157149	321097	3742750	0	0	0	0	0	0	
1604	3795	157247	326219	3795632	0	0	0	0	0	0	
1605	3850	157345	331467	3850721	0	0	0	0	0	0	
1606	3904	157443	336664	3904168	0	0	0	0	0	0	
1607	3958	157541	342035	3958840	0	0	0	0	0	0	
1608	4011	157639	347194	4011204	0	0	0	0	0	0	
1609	4080	157737	353365	4080736	0	0	0	0	0	0	
1610	4133	157835	358413	4133270	0	0	0	0	0	0	
1611	4183	157933	363226	4183484	0	0	0	0	0	0	
1612	4228	158031	367678	4228955	0	0	0	0	0	0	
1613	4276	158129	372061	4276682	0	0	0	0	0	0	
1614	4323	158227	376386	4323146	0	0	0	0	0	0	
1615	4367	158325	380656	4367235	0	0	0	0	0	0	
1616	4410	158423	384821	4410867	0	0	0	0	0	0	
1617	4453	158521	388978	4453920	0	0	0	0	0	0	
1618	4496	158619	392912	4496512	0	0	0	0	0	0	
1619	4541	158717	397025	4541272	0	0	0	0	0	0	
1620	4585	158815	401287	4585879	0	0	0	0	0	0	
1621	4629	158913	405486	4629425	0	0	0	0	0	0	
1622	4672	159011	409473	4672154	0	0	0	0	0	0	
1623	4719	159109	413629	4719200	0	0	0	0	0	0	
1624	4760	159207	417591	4760040	0	0	0	0	0	0	
1625	4800	159305	421496	4800229	0	0	0	0	0	0	
1626	4841	159403	425502	4841118	0	0	0	0	0	0	
1627	4883	159501	429532	4883940	0	0	0	0	0	0	
1628	4936	159600	433701	4936270	0	0	0	0	0	0	
1629	4978	159698	437868	4978814	0	0	0	0	0	0	
1630	5022	159796	442060	5022050	0	0	0	0	0	0	
1631	5067	159894	446409	5067320	0	0	0	0	0	0	
1632	5115	159992	451013	5115856	0	0	0	0	0	0	
1633	5160	160090	455294	5160052	0	0	0	0	0	0	
1634	5202	160188	459316	5202902	0	0	0	0	0	0	
1635	5243	160286	463193	5243552	0	0	0	0	0	0	
1636	5290	160384	467401	5290608	0	0	0	0	0	0	
1637	5338	160482	472005	5338689	0	0	0	0	0	0	
1638	5389	160580	476980	5389749	0	0	0	0	0	0	
1639	5434	160678	481347	5434901	0	0	0	0	0	0	
1640	5487	160776	486143	5487186	0	0	0	0	0	0	
1641	5536	160874	490798	5536838	0	0	0	0	0	0	
1642	5585	160972	495609	5585840	0	0	0	0	0	0	
1643	5634	161070	500265	5634659	0	0	0	0	0	0	
1644	5683	161168	504960	5683499	0	0	0	0	0	0	
1645	5729	161266	509419	5729881	0	0	0	0	0	0	
1646	5778	161364	514054	5778851	0	0	0	0	0	0	
1647	5826	161462	518570	5826052	0	0	0	0	0	0	
1648	5887	161560	523874	5887373	0	0	0	0	0	0	
1649	5942	161658	529069	5942653	0	0	0	0	0	0	
1650	5994	161756	534084	5994667	0	0	0	0	0	0	
1651	6050	161854	539487	6050192	0	0	0	0	0	0	
1652	6106	161952	544947	6106331	0	0	0	0	0	0	
1653	6159	162050	550007	6159486	0	0	0	0	0	0	
1654	6213	162148	554971	6213109	0	0	0	0	0	0	
1655	6267	162246	560238	6267951	0	0	0	0	0	0	
1656	6321	162344	565408	6321903	0	0	0	0	0	0	
1657	6373	162443	570313	6373583	0	0	0	0	0	0	
1658	6426	162541	575423	6426592	0	0	0	0	0	0	
1659	6481	162639	580359	6481406	0	0	0	0	0	0	
1660	6531	162737	585184	6531373	0	0	0	0	0	0	
1661	6582	162835	590023	6582022	0	0	0	0	0	0	
1662	6630	162933	594570	6630317	0	0	0	0	0	0	
1663	6686	163031	599727	6686070	0	0	0	0	0	0	
1664	6736	163129	604549	6736208	0	0	0	0	0	0	
1665	6785	163227	609258	6785543	0	0	0	0	0	0	
1666	6834	163325	613881	6834233	0	0	0	0	0	0	
1667	6882	163423	618475	6882264	0	0	0	0	0	0	
1668	6931	163521	623068	6931607	0	0	0	0	0	0	
1669	6981	163619	627807	6981272	0	0	0	0	0	0	
1670	7031	163717	632639	7031797	0	0	0	0	0	0	
1671	7084	163815	637533	7084385	0	0	0	0	0	0	
1672	7134	163913	642300	7134782	0	0	0	0	0	0	
1673	7198	164011	648099	7198014	0	0	0	0	0	0	
1674	7255	164109	653655	7255486	0	0	0	0	0	0	
1675	7308	164207	658712	7308952	0	0	0	0	0	0	
1676	7364	164305	663974	7364141	0	0	0	0	0	0	
1677	7419	164403	669142	7419188	0	0	0	0	0	0	
1678	7480	164501	674694	7480024	0	0	0	0	0	0	
1679	7537	164599	680210	7537574	0	0	0	0	0	0	
1680	7590	164697	685336	7590776	0	0	0	0	0	0	
1681	7645	164795	690608	7645727	0	0	0	0	0	0	
1682	7702	164893	695872	7702727	0	0	0	0	0	0	
1683	7757	164991	701065	7757686	0	0	0	0	0	0	
1684	7815	165089	706262	7815149	0	0	0	0	0	0	
1685	7875	165187	711896	7875248	0	0	0	0	0	0	
1686	7933	165286	717414	7933380	0	0	0	0	0	0	
1687	7990	165384	722760	7990686	0	0	0	0	0	0	
1688	8048	165482	728152	8048832	0	0	0	0	0	0	
1689	8114	165580	733475	8114514	0	0	0	0	0	0	
1690	8177	165678	739091	8177083	0	0	0	0	0	0	
1691	8241	165776	744860	8241766	0	0	0	0	0	0	
1692	8311	165874	751045	8311758	0	0	0	0	0	0	
1693	8378	165972	757475	8378803	0	0	0	0	0	0	
1694	8450	166070	764046	8450147	0	0	0	0	0	0	
1695	8524	166168	770769	8524666	0	0	0	0	0	0	
1696	8596	166266	777165	8596673	0	0	0	0	0	0	
1697	8668	166364	784128	8668514	0	0	0	0	0	0	
1698	8736	166462	790472	8736366	0	0	0	0	0	0	
1699	8806	166560	796833	8806998	0	0	0	0	0	0	
1700	8880	166658	803132	8880710	0	0	0	0	0	0	
1701	8956	166756	809947	8956033	0	0	0	0	0	0	
1702	9023	166854	816250	9023870	0	0	0	0	0	0	
1703	9094	166952	822682	9094931	0	0	0	0	0	0	
1704	9168	167050	828863	9168089	0	0	0	0	0	0	
1705	9247	167148	835848	9247114	0	0	0	0	0	0	
1706	9319	167246	842849	9319289	0	0	0	0	0	0	
1707	9385	167344	849347	9385868	0	0	0	0	0	0	
1708	9454	167442	855631	9454504	0	0	0	0	0	0	
1709	9526	167540	861999	9526818	0	0	0	0	0	0	
1710	9596	167638	868308	9596789	0	0	0	0	0	0	
1711	9672	167736	874681	9672836	0	0	0	0	0	0	
1712	9744	167834	880999	9744042	0	0	0	0	0	0	
1713	9811	167932	887191	9811650	0	0	0	0	0	0	
1714	9884	168030	893575	9884596	0	0	0	0	0	0	
1715	9968	168129	900810	9968038	0	0	0	0	0	0	
1716	10039	168227	907719	10039372	0	0	0	0	0	0	
1717	10115	168325	914314	10115228	0	0	0	0	0	0	
1718	10186	168423	921234	10186958	0	0	0	0	0	0	
1719	10268	168521	928300	10268912	0	0	0	0	0	0	
1720	10339	168619	935175	10339956	0	0	0	0	0	0	
1721	10409	168717	941752	10409033	0	0	0	0	0	0	
1722	10486	168815	948424	10486280	0	0	0	0	0	0	
1723	10559	168913	955011	10559897	0	0	0	0	0	0	
1724	10635	169011	961674	10635862	0	0	0	0	0	0	
1725	10710	169109	968176	10710655	0	0	0	0	0	0	
1726	10781	169207	975062	10781754	0	0	0	0	0	0	
1727	10861	169305	981785	10861843	0	0	0	0	0	0	
1728	10946	169403	988799	10946154	0	0	0	0	0	0	
1729	11026	169501	995811	11026123	0	0	0	0	0	0	
1730	11111	169599	1002631	11111367	0	0	0	0	0	0	
1731	11197	169697	1009518	11197702	0	0	0	0	0	0	
1732	11281	169795	1016678	11281255	0	0	0	0	0	0	
1733	11370	169893	1023876	11370045	0	0	0	0	0	0	
1734	11451	169991	1031212	11451917	0	0	0	0	0	0	
1735	11542	170089	1038715	11542748	0	0	0	0	0	0	
1736	11632	170187	1046217	11632740	0	0	0	0	0	0	
1737	11730	170285	1053919	11730516	0	0	0	0	0	0	
1738	11826	170383	1061822	11826711	0	0	0	0	0	0	
1739	11924	170481	1069708	11924256	0	0	0	0	0	0	
1740	12021	170579	1077740	12021018	0	0	0	0	0	0	
1741	12111	170677	1085701	12111596	0	0	0	0	0	0	
1742	12209	170775	1093685	12209498	0	0	0	0	0	0	
1743	12306	170873	1101681	12306017	0	0	0	0	0	0	
1744	12388	170972	1109793	12388960	0	0	0	0	0	0	
1745	12480	171070	1117636	12480045	0	0	0	0	0	0	
1746	12567	171168	1125495	12567987	0	0	0	0	0	0	
1747	12669	171266	1133353	12669967	0	0	0	0	0	0	
1748	12760	171364	1141262	12760137	0	0	0	0	0	0	
1749	12854	171462	1149075	12854620	0	0	0	0	0	0	
1750	12941	171560	1156830	12941405	0	0	0	0	0	0	
1751	13037	171658	1164651	13037474	0	0	0	0	0	0	
1752	13138	171756	1172579	13138316	0	0	0	0	0	0	
1753	13237	171854	1180364	13237221	0	0	0	0	0	0	
1754	13336	171952	1188548	13336894	0	0	0	0	0	0	
1755	13430	172050	1196307	13430558	0	0	0	0	0	0	
1756	13527	172148	1204083	13527773	0	0	0	0	0	0	
1757	13628	172246	1212172	13628963	0	0	0	0	0	0	
1758	13730	172344	1220185	13730910	0	0	0	0	0	0	
1759	13826	172442	1228543	13826016	0	0	0	0	0	0	
1760	13927	172540	1236869	13927960	0	0	0	0	0	0	
1761	14023	172638	1245117	14023410	0	0	0	0	0	0	
1762	14123	172736	1253312	14123045	0	0	0	0	0	0	
1763	14227	172834	1261698	14227254	0	0	0	0	0	0	
1764	14317	172932	1270155	14317622	0	0	0	0	0	0	
1765	14407	173030	1278492	14407859	0	0	0	0	0	0	
1766	14503	173128	1286648	14503750	0	0	0	0	0	0	
1767	14606	173226	1295371	14606575	0	0	0	0	0	0	
1768	14724	173324	1304326	14724523	0	0	0	0	0	0	
1769	14827	173422	1313053	14827163	0	0	0	0	0	0	
1770	14931	173520	1321787	14931303	0	0	0	0	0	0	
1771	15029	173618	1330337	15029663	0	0	0	0	0	0	
1772	15147	173716	1339295	15147625	0	0	0	0	0	0	
1773	15252	173815	1348060	15252972	0	0	0	0	0	0	
1774	15354	173913	1356804	15354941	0	0	0	0	0	0	
1775	15461	174011	1365648	15461619	0	0	0	0	0	0	
1776	15575	174109	1374997	15575135	0	0	0	0	0	0	
1777	15668	174207	1383909	15668855	0	0	0	0	0	0	
1778	15784	174305	1393325	15784804	0	0	0	0	0	0	
1779	15893	174403	1402515	15893078	0	0	0	0	0	0	
1780	15996	174501	1411694	15996996	0	0	0	0	0	0	
1781	16111	174599	1420635	16111427	0	0	0	0	0	0	
1782	16222	174697	1429532	16222890	0	0	0	0	0	0	
1783	16342	174795	1438382	16342155	0	0	0	0	0	0	
1784	16446	174893	1447346	16446216	0	0	0	0	0	0	
1785	16568	174991	1456334	16568681	0	0	0	0	0	0	
1786	16673	175089	1465512	16673728	0	0	0	0	0	0	
1787	16786	175187	1474530	16786484	0	0	0	0	0	0	
1788	16902	175285	1483532	16902138	0	0	0	0	0	0	
1789	17023	175383	1493579	17023865	0	0	0	0	0	0	
1790	17127	175481	1503155	17127137	0	0	0	0	0	0	
1791	17238	175579	1512711	17238097	0	0	0	0	0	0	
1792	17361	175677	1522077	17361677	0	0	0	0	0	0	
1793	17478	175775	1531859	17478464	0	0	0	0	0	0	
1794	17594	175873	1541178	17594540	0	0	0	0	0	0	
1795	17711	175971	1550368	17711790	0	0	0	0	0	0	
1796	17863	176069	1562546	17863373	0	0	0	0	0	0	
1797	18009	176167	1574561	18009619	0	0	0	0	0	0	
1798	18152	176265	1586403	18152220	0	0	0	0	0	0	
1799	18293	176363	1597993	18293677	0	0	0	0	0	0	
1800	18420	176461	1609348	18420298	0	0	0	0	0	0	
1801	18565	176559	1620339	18565142	0	0	0	0	0	0	
1802	18698	176657	1631764	18698920	0	0	0	0	0	0	
1803	18832	176756	1642503	18832283	0	0	0	0	0	0	
1804	18978	176854	1653282	18978085	0	0	0	0	0	0	
1805	19110	176952	1663947	19110856	0	0	0	0	0	0	
1806	19243	177050	1674686	19243356	0	0	0	0	0	0	
1807	19390	177148	1685634	19390254	0	0	0	0	0	0	
1808	19525	177246	1696442	19525047	0	0	0	0	0	0	
1809	19668	177344	1707658	19668204	0	0	0	0	0	0	
1810	19806	177442	1718744	19806642	0	0	0	0	0	0	
1811	19945	177540	1730016	19945832	0	0	0	0	0	0	
1812	20085	177638	1741028	20085101	0	0	0	0	0	0	
1813	20225	177736	1752098	20225918	0	0	0	0	0	0	
1814	20385	177834	1763473	20385088	0	0	0	0	0	0	
1815	20525	177932	1774607	20525569	0	0	0	0	0	0	
1816	20657	178030	1785578	20657148	0	0	0	0	0	0	
1817	20784	178128	1796301	20784316	0	0	0	0	0	0	
1818	20925	178226	1807354	20925790	0	0	0	0	0	0	
1819	21042	178324	1818146	21042558	0	0	0	0	0	0	
1820	21174	178422	1829108	21174259	0	0	0	0	0	0	
1821	21314	178520	1839960	21314377	0	0	0	0	0	0	
1822	21453	178618	1851393	21453857	0	0	0	0	0	0	
1823	21578	178716	1862486	21578635	0	0	0	0	0	0	
1824	21724	178814	1873389	21724692	0	0	0	0	0	0	
1825	21861	178912	1884273	21861625	0	0	0	0	0	0	
1826	21999	179010	1895794	21999979	0	0	0	0	0	0	
1827	22131	179108	1906762	22131469	0	0	0	0	0	0	
1828	22263	179206	1917571	22263837	0	0	0	0	0	0	
1829	22410	179304	1928734	22410011	0	0	0	0	0	0	
1830	22555	179402	1939723	22555475	0	0	0	0	0	0	
1831	22703	179500	1950678	22703576	0	0	0	0	0	0	
1832	22845	179599	1961921	22845071	0	0	0	0	0	0	
1833	22986	179697	1973688	22986481	0	0	0	0	0	0	
1834	23116	179795	1984918	23116504	0	0	0	0	0	0	
1835	23259	179893	1996106	23259218	0	0	0	0	0	0	
1836	23401	179991	2007423	23401286	0	0	0	0	0	0	
1837	23554	180089	2018778	23554962	0	0	0	0	0	0	
1838	23699	180187	2030189	23699576	0	0	0	0	0	0	
1839	23843	180285	2041458	23843417	0	0	0	0	0	0	
1840	23997	180383	2053161	23997122	0	0	0	0	0	0	
1841	24138	180481	2064888	24138262	0	0	0	0	0	0	
1842	24298	180579	2076658	24298701	0	0	0	0	0	0	
1843	24441	180677	2088387	24441264	0	0	0	0	0	0	
1844	24603	180775	2100339	24603164	0	0	0	0	0	0	
1845	24755	180873	2112240	24755828	0	0	0	0	0	0	
1846	24899	180971	2124322	24899113	0	0	0	0	0	0	
1847	25041	181069	2136035	25041200	0	0	0	0	0	0	
1848	25186	181167	2147746	25186142	0	0	0	0	0	0	
1849	25340	181265	2159428	25340220	0	0	0	0	0	0	
1850	25497	181363	2171182	25497937	0	0	0	0	0	0	
1851	25644	181461	2183332	25644621	0	0	0	0	0	0	
1852	25774	181559	2194931	25774720	0	0	0	0	0	0	
1853	25923	181657	2206572	25923126	0	0	0	0	0	0	
1854	26068	181755	2218279	26068135	0	0	0	0	0	0	
1855	26224	181853	2229999	26224787	0	0	0	0	0	0	
1856	26393	181951	2241991	26393338	0	0	0	0	0	0	
1857	26544	182049	2254319	26544031	0	0	0	0	0	0	
1858	26701	182147	2266305	26701915	0	0	0	0	0	0	
1859	26837	182245	2278387	26837343	0	0	0	0	0	0	
1860	27005	182343	2290457	27005361	0	0	0	0	0	0	
1861	27162	182442	2302544	27162208	0	0	0	0	0	0	
1862	27304	182540	2314798	27304241	0	0	0	0	0	0	
1863	27445	182638	2326961	27445002	0	0	0	0	0	0	
1864	27613	182736	2339069	27613347	0	0	0	0	0	0	
1865	27767	182834	2351673	27767863	0	0	0	0	0	0	
1866	27899	182932	2363967	27899642	0	0	0	0	0	0	
1867	28040	183030	2376060	28040413	0	0	0	0	0	0	
1868	28204	183128	2388224	28204157	0	0	0	0	0	0	
1869	28364	183226	2400261	28364383	0	0	0	0	0	0	
1870	28516	183324	2412428	28516911	0	0	0	0	0	0	
1871	28671	183422	2424447	28671566	0	0	0	0	0	0	
1872	28836	183520	2436800	28836921	0	0	0	0	0	0	
1873	28994	183618	2449087	28994637	0	0	0	0	0	0	
1874	29147	183716	2461888	29147319	0	0	0	0	0	0	
1875	29324	183814	2474174	29324664	0	0	0	0	0	0	
1876	29486	183912	2486953	29486911	0	0	0	0	0	0	
1877	29646	184010	2499465	29646659	0	0	0	0	0	0	
1878	29822	184108	2512140	29822857	0	0	0	0	0	0	
1879	29976	184206	2524869	29976799	0	0	0	0	0	0	
1880	30289	184304	2540861	30289468	0	0	0	0	0	0	
1881	30463	184402	2556569	30463281	0	0	0	0	0	0	
1882	30654	184500	2572008	30654462	0	0	0	0	0	0	
1883	30822	184598	2586565	30822846	0	0	0	0	0	0	
1884	30988	184696	2600576	30988520	0	0	0	0	0	0	
1885	31153	184794	2614355	31153991	0	0	0	0	0	0	
1886	31323	184892	2627823	31323135	0	0	0	0	0	0	
1887	31657	184990	2641930	31657836	0	0	0	0	0	0	
1888	31884	185088	2658360	31884583	0	0	0	0	0	0	
1889	32061	185186	2673149	32061621	0	0	0	0	0	0	
1890	32243	185285	2688170	32243268	0	0	0	0	0	0	
1891	32409	185383	2702827	32409041	0	0	0	0	0	0	
1892	32603	185481	2717050	32603232	0	0	0	0	0	0	
1893	32783	185579	2731395	32783916	0	0	0	0	0	0	
1894	32971	185677	2745922	32971511	0	0	0	0	0	0	
1895	33142	185775	2759944	33142547	0	0	0	0	0	0	
1896	33319	185873	2774786	33319229	0	0	0	0	0	0	
1897	33490	185971	2788900	33490868	0	0	0	0	0	0	
1898	33671	186069	2802604	33671257	0	0	0	0	0	0	
1899	33854	186167	2816614	33854137	0	0	0	0	0	0	
1900	34038	186265	2830604	34038013	0	0	0	0	0	0	
1901	34226	186363	2844441	34226182	0	0	0	0	0	0	
1902	34392	186461	2858594	34392670	0	0	0	0	0	0	
1903	34572	186559	2872911	34572856	0	0	0	0	0	0	
1904	34737	186657	2886619	34737286	0	0	0	0	0	0	
1905	34903	186755	2900185	34903679	0	0	0	0	0	0	
1906	35074	186853	2914145	35074551	0	0	0	0	0	0	
1907	35248	186951	2928437	35248895	0	0	0	0	0	0	
1908	35414	187049	2942044	35414883	0	0	0	0	0	0	
1909	35594	187147	2956111	35594919	0	0	0	0	0	0	
1910	35754	187245	2969717	35754081	0	0	0	0	0	0	
1911	35935	187343	2983245	35935747	0	0	0	0	0	0	
1912	36099	187441	2996643	36099850	0	0	0	0	0	0	
1913	36275	187539	3009989	36275258	0	0	0	0	0	0	
1914	36455	187637	3023640	36455225	0	0	0	0	0	0	
1915	36611	187735	3037463	36611855	0	0	0	0	0	0	
1916	36794	187833	3051198	36794283	0	0	0	0	0	0	
1917	36962	187931	3065096	36962072	0	0	0	0	0	0	
1918	37140	188029	3079013	37140054	0	0	0	0	0	0	
1919	37319	188128	3092849	37319246	0	0	0	0	0	0	
1920	37496	188226	3106344	37496495	0	0	0	0	0	0	
1921	37676	188324	3119792	37676972	0	0	0	0	0	0	
1922	37860	188422	3133299	37860318	0	0	0	0	0	0	
1923	38042	188520	3147032	38042997	0	0	0	0	0	0	
1924	38219	188618	3161941	38219769	0	0	0	0	0	0	
1925	38398	188716	3176172	38398129	0	0	0	0	0	0	
1926	38559	188814	3190419	38559313	0	0	0	0	0	0	
1927	38747	188912	3205163	38747539	0	0	0	0	0	0	
1928	38912	189010	3218978	38912181	0	0	0	0	0	0	
1929	39088	189108	3233127	39088407	0	0	0	0	0	0	
1930	39282	189206	3247414	39282642	0	0	0	0	0	0	
1931	39468	189304	3262056	39468536	0	0	0	0	0	0	
1932	39651	189402	3277039	39651421	0	0	0	0	0	0	
1933	39832	189500	3291403	39832736	0	0	0	0	0	0	
1934	39998	189598	3305727	39998570	0	0	0	0	0	0	
1935	40193	189696	3320205	40193638	0	0	0	0	0	0	
1936	40366	189794	3334822	40366372	0	0	0	0	0	0	
1937	40555	189892	3349552	40555137	0	0	0	0	0	0	
1938	40728	189990	3363634	40728561	0	0	0	0	0	0	
1939	40918	190088	3378101	40918150	0	0	0	0	0	0	
1940	41097	190186	3393002	41097601	0	0	0	0	0	0	
1941	41296	190284	3407678	41296191	0	0	0	0	0	0	
1942	41498	190382	3422652	41498248	0	0	0	0	0	0	
1943	41684	190480	3437665	41684778	0	0	0	0	0	0	
1944	41883	190578	3452347	41883956	0	0	0	0	0	0	
1945	42051	190676	3467233	42051296	0	0	0	0	0	0	
1946	42248	190774	3482259	42248452	0	0	0	0	0	0	
1947	42433	190872	3496826	42433523	0	0	0	0	0	0	
1948	42631	190971	3511253	42631832	0	0	0	0	0	0	
1949	42830	191069	3525892	42830288	0	0	0	0	0	0	
1950	43000	191167	3541235	43000381	0	0	0	0	0	0	
1951	43197	191265	3556135	43197925	0	0	0	0	0	0	
1952	43410	191363	3571749	43410048	0	0	0	0	0	0	
1953	43583	191461	3587737	43583987	0	0	0	0	0	0	
1954	43773	191559	3602705	43773148	0	0	0	0	0	0	
1955	43965	191657	3617543	43965885	0	0	0	0	0	0	
1956	44159	191755	3632808	44159626	0	0	0	0	0	0	
1957	44339	191853	3647557	44339809	0	0	0	0	0	0	
1958	44552	191951	3663020	44552251	0	0	0	0	0	0	
1959	44748	192049	3678094	44748257	0	0	0	0	0	0	
1960	44915	192147	3693388	44915878	0	0	0	0	0	0	
1961	45104	192245	3708196	45104905	0	0	0	0	0	0	
1962	45308	192343	3722918	45308608	0	0	0	0	0	0	
1963	45509	192441	3738659	45509779	0	0	0	0	0	0	
1964	45720	192539	3755121	45720600	0	0	0	0	0	0	
1965	45924	192637	3771112	45924447	0	0	0	0	0	0	
1966	46128	192735	3787242	46128789	0	0	0	0	0	0	
1967	46305	192833	3803006	46305096	0	0	0	0	0	0	
1968	46508	192931	3818705	46508624	0	0	0	0	0	0	
1969	46712	193029	3834301	46712856	0	0	0	0	0	0	
1970	46923	193127	3849619	46923969	0	0	0	0	0	0	
1971	47131	193225	3865159	47131591	0	0	0	0	0	0	
1972	47320	193323	3880678	47320762	0	0	0	0	0	0	
1973	47526	193421	3896028	47526854	0	0	0	0	0	0	
1974	47741	193519	3912072	47741826	0	0	0	0	0	0	
1975	47951	193617	3928388	47951423	0	0	0	0	0	0	
1976	48127	193715	3944174	48127710	0	0	0	0	0	0	
1977	48333	193814	3960535	48333401	0	0	0	0	0	0	
1978	48525	193912	3975813	48525305	0	0	0	0	0	0	
1979	48736	194010	3991296	48736610	0	0	0	0	0	0	
1980	48932	194108	4006602	48932639	0	0	0	0	0	0	
1981	49126	194206	4021547	49126566	0	0	0	0	0	0	
1982	49323	194304	4037285	49323931	0	0	0	0	0	0	
1983	49520	194402	4053109	49520762	0	0	0	0	0	0	
1984	49732	194500	4069485	49732233	0	0	0	0	0	0	
1985	49934	194598	4085755	49934362	0	0	0	0	0	0	
1986	50118	194696	4101978	50118231	0	0	0	0	0	0	
1987	50312	194794	4117506	50312830	0	0	0	0	0	0	
1988	50521	194892	4133092	50521173	0	0	0	0	0	0	
1989	50722	194990	4148585	50722642	0	0	0	0	0	0	
1990	50927	195088	4163931	50927370	0	0	0	0	0	0	
1991	51154	195186	4179345	51154872	0	0	0	0	0	0	
1992	51329	195284	4195432	51329798	0	0	0	0	0	0	
1993	51528	195382	4210552	51528967	0	0	0	0	0	0	
1994	51728	195480	4226448	51728612	0	0	0	0	0	0	
1995	51934	195578	4242067	51934006	0	0	0	0	0	0	
1996	52155	195676	4258239	52155208	0	0	0	0	0	0	
1997	52383	195774	4274612	52383950	0	0	0	0	0	0	
1998	52579	195872	4290904	52579324	0	0	0	0	0	0	
1999	52793	195970	4307493	52793145	0	0	0	0	0	0	
2000	53004	196068	4323886	53004660	0	0	0	0	0	0	
2001	53185	196166	4339947	53185179	0	0	0	0	0	0	
2002	53398	196264	4355800	53398285	0	0	0	0	0	0	
2003	53600	196362	4372391	53600191	0	0	0	0	0	0	
2004	53794	196460	4388302	53794330	0	0	0	0	0	0	
2005	54005	196558	4404253	54005638	0	0	0	0	0	0	
2006	54216	196657	4421061	54216172	0	0	0	0	0	0	
2007	54434	196755	4438148	54434135	0	0	0	0	0	0	
2008	54657	196853	4455888	54657838	0	0	0	0	0	0	
2009	54875	196951	4472796	54875849	0	0	0	0	0	0	
2010	55099	197049	4489687	55099651	0	0	0	0	0	0	
2011	55314	197147	4506464	55314362	0	0	0	0	0	0	
2012	55523	197245	4522702	55523550	0	0	0	0	0	0	
2013	55739	197343	4539272	55739360	0	0	0	0	0	0	
2014	55964	197441	4555721	55964213	0	0	0	0	0	0	
2015	56199	197539	4572632	56199398	0	0	0	0	0	0	
2016	56402	197637	4589335	56402880	0	0	0	0	0	0	
2017	56634	197735	4606139	56634605	0	0	0	0	0	0	
2018	56846	197833	4622690	56846229	0	0	0	0	0	0	
2019	57065	197931	4639855	57065006	0	0	0	0	0	0	
2020	57290	198029	4657018	57290337	0	0	0	0	0	0	
2021	57489	198127	4673948	57489323	0	0	0	0	0	0	
2022	57710	198225	4690465	57710018	0	0	0	0	0	0	
2023	57939	198323	4707122	57939025	0	0	0	0	0	0	
2024	58154	198421	4724085	58154305	0	0	0	0	0	0	
2025	58388	198519	4740872	58388377	0	0	0	0	0	0	
2026	58610	198617	4758081	58610404	0	0	0	0	0	0	
2027	58848	198715	4775062	58848477	0	0	0	0	0	0	
2028	59073	198813	4792519	59073124	0	0	0	0	0	0	
2029	59275	198911	4809835	59275524	0	0	0	0	0	0	
2030	59486	199009	4827220	59486726	0	0	0	0	0	0	
2031	59708	199107	4844713	59708988	0	0	0	0	0	0	
2032	59928	199205	4861949	59928928	0	0	0	0	0	0	
2033	60145	199303	4879024	60145293	0	0	0	0	0	0	
2034	60386	199401	4896475	60386132	0	0	0	0	0	0	
2035	60610	199500	4914036	60610517	0	0	0	0	0	0	
2036	60841	199598	4931600	60841658	0	0	0	0	0	0	
2037	61080	199696	4949327	61080427	0	0	0	0	0	0	
2038	61332	199794	4967040	61332461	0	0	0	0	0	0	
2039	61557	199892	4985072	61557720	0	0	0	0	0	0	
2040	61792	199990	5002915	61792250	0	0	0	0	0	0	
2041	62021	200088	5020224	62021688	0	0	0	0	0	0	
2042	62270	200186	5038145	62270881	0	0	0	0	0	0	
2043	62474	200284	5055304	62474048	0	0	0	0	0	0	
2044	62700	200382	5073184	62700548	0	0	0	0	0	0	
2045	62927	200480	5090997	62927262	0	0	0	0	0	0	
2046	63183	200578	5108799	63183731	0	0	0	0	0	0	
2047	63408	200676	5127017	63408208	0	0	0	0	0	0	
2048	63633	200774	5144703	63633338	0	0	0	0	0	0	
2049	63857	200872	5162770	63857333	0	0	0	0	0	0	
2050	64095	200970	5180384	64095493	0	0	0	0	0	0	
2051	64336	201068	5198450	64336813	0	0	0	0	0	0	
2052	64567	201166	5216362	64567917	0	0	0	0	0	0	
2053	64796	201264	5234634	64796976	0	0	0	0	0	0	
2054	65021	201362	5252251	65021745	0	0	0	0	0	0	
2055	65248	201460	5270293	65248784	0	0	0	0	0	0	
2056	65469	201558	5287567	65469035	0	0	0	0	0	0	
2057	65705	201656	5305206	65705172	0	0	0	0	0	0	
2058	65957	201754	5322566	65957026	0	0	0	0	0	0	
2059	66168	201852	5340250	66168595	0	0	0	0	0	0	
2060	66408	201950	5357835	66408888	0	0	0	0	0	0	
2061	66644	202048	5374892	66644769	0	0	0	0	0	0	
2062	66888	202146	5392353	66888644	0	0	0	0	0	0	
2063	67122	202244	5409893	67122702	0	0	0	0	0	0	
2064	67349	202343	5427528	67349228	0	0	0	0	0	0	
2065	67597	202441	5445145	67597880	0	0	0	0	0	0	
2066	67849	202539	5463238	67849032	0	0	0	0	0	0	
2067	68095	202637	5481748	68095089	0	0	0	0	0	0	
2068	68334	202735	5500126	68334191	0	0	0	0	0	0	
2069	68578	202833	5518734	68578542	0	0	0	0	0	0	
2070	68811	202931	5537503	68811386	0	0	0	0	0	0	
2071	69052	203029	5555737	69052142	0	0	0	0	0	0	
2072	69282	203127	5574476	69282971	0	0	0	0	0	0	
2073	69527	203225	5592503	69527925	0	0	0	0	0	0	
2074	69775	203323	5610938	69775488	0	0	0	0	0	0	
2075	70009	203421	5629614	70009817	0	0	0	0	0	0	
2076	70240	203519	5647604	70240298	0	0	0	0	0	0	
2077	70467	203617	5665954	70467108	0	0	0	0	0	0	
2078	70713	203715	5684349	70713923	0	0	0	0	0	0	
2079	70939	203813	5702408	70939863	0	0	0	0	0	0	
2080	71187	203911	5720664	71187316	0	0	0	0	0	0	
2081	71414	204009	5739256	71414412	0	0	0	0	0	0	
2082	71665	204107	5757313	71665018	0	0	0	0	0	0	
2083	71889	204205	5775302	71889807	0	0	0	0	0	0	
2084	72138	204303	5794228	72138247	0	0	0	0	0	0	
2085	72369	204401	5813004	72369137	0	0	0	0	0	0	
2086	72633	204499	5832051	72633963	0	0	0	0	0	0	
2087	72848	204597	5850877	72848247	0	0	0	0	0	0	
2088	73087	204695	5869881	73087492	0	0	0	0	0	0	
2089	73333	204793	5888473	73333778	0	0	0	0	0	0	
2090	73576	204891	5907704	73576634	0	0	0	0	0	0	
2091	73817	204989	5926358	73817145	0	0	0	0	0	0	
2092	74082	205087	5944934	74082801	0	0	0	0	0	0	
2093	74332	205186	5963379	74332958	0	0	0	0	0	0	
2094	74569	205284	5982529	74569504	0	0	0	0	0	0	
2095	74809	205382	6001229	74809074	0	0	0	0	0	0	
2096	75061	205480	6020377	75061824	0	0	0	0	0	0	
2097	75297	205578	6039500	75297591	0	0	0	0	0	0	
2098	75555	205676	6058411	75555536	0	0	0	0	0	0	
2099	75776	205774	6076748	75776273	0	0	0	0	0	0	
2100	76027	205872	6094851	76027534	0	0	0	0	0	0	
2101	76284	205970	6113596	76284013	0	0	0	0	0	0	
2102	76546	206068	6132852	76546553	0	0	0	0	0	0	
2103	76773	206166	6151796	76773499	0	0	0	0	0	0	
2104	77036	206264	6171370	77036378	0	0	0	0	0	0	
2105	77302	206362	6191378	77302614	0	0	0	0	0	0	
2106	77583	206460	6211341	77583069	0	0	0	0	0	0	
2107	77829	206558	6231131	77829449	0	0	0	0	0	0	
2108	78079	206656	6250313	78079684	0	0	0	0	0	0	
2109	78342	206754	6269542	78342039	0	0	0	0	0	0	
2110	78608	206852	6288869	78608025	0	0	0	0	0	0	
2111	78884	206950	6308422	78884153	0	0	0	0	0	0	
2112	79109	207048	6327926	79109035	0	0	0	0	0	0	
2113	79365	207146	6347012	79365454	0	0	0	0	0	0	
2114	79628	207244	6366703	79628476	0	0	0	0	0	0	
2115	79887	207342	6385943	79887258	0	0	0	0	0	0	
2116	80147	207440	6405260	80147354	0	0	0	0	0	0	
2117	80379	207538	6424910	80379656	0	0	0	0	0	0	
2118	80617	207636	6443821	80617821	0	0	0	0	0	0	
2119	80865	207734	6463336	80865783	0	0	0	0	0	0	
2120	81118	207832	6483304	81118338	0	0	0	0	0	0	
2121	81372	207930	6502721	81372651	0	0	0	0	0	0	
2122	81637	208029	6523372	81637485	0	0	0	0	0	0	
2123	81895	208127	6542917	81895502	0	0	0	0	0	0	
2124	82165	208225	6562923	82165505	0	0	0	0	0	0	
2125	82429	208323	6582974	82429029	0	0	0	0	0	0	
2126	82707	208421	6602712	82707432	0	0	0	0	0	0	
2127	82997	208519	6622634	82997271	0	0	0	0	0	0	
2128	83260	208617	6643078	83260580	0	0	0	0	0	0	
2129	83537	208715	6663000	83537589	0	0	0	0	0	0	
2130	83802	208813	6683348	83802956	0	0	0	0	0	0	
2131	84069	208911	6703645	84069040	0	0	0	0	0	0	
2132	84319	209009	6723859	84319540	0	0	0	0	0	0	
2133	84574	209107	6743377	84574713	0	0	0	0	0	0	
2134	84849	209205	6763331	84849264	0	0	0	0	0	0	
2135	85091	209303	6783364	85091765	0	0	0	0	0	0	
2136	85367	209401	6803582	85367298	0	0	0	0	0	0	
2137	85611	209499	6823363	85611326	0	0	0	0	0	0	
2138	85894	209597	6843344	85894919	0	0	0	0	0	0	
2139	86401	209781	6882959	86401004	0	0	0	0	0	0	
