#input	time	ios	pfs	timems	pbo	dbo	ibo	pbu	ndo	ars	
1	6	98	10	6422	0	0	0	0	0	0	
2	13	196	11	13705	0	0	0	0	0	0	
3	21	294	11	21602	0	0	0	0	0	0	
4	30	392	11	30119	0	0	0	0	0	0	
5	39	490	11	39474	0	0	0	0	0	0	
6	48	588	11	48379	0	0	0	0	0	0	
7	58	686	11	58424	0	0	0	0	0	0	
8	67	784	11	67411	0	0	0	0	0	0	
9	77	882	11	77688	0	0	0	0	0	0	
10	86	980	11	86613	0	0	0	0	0	0	
11	95	1078	11	95799	0	0	0	0	0	0	
12	105	1176	11	105637	0	0	0	0	0	0	
13	115	1274	11	115427	0	0	0	0	0	0	
14	125	1372	11	125248	0	0	0	0	0	0	
15	136	1470	11	136571	0	0	0	0	0	0	
16	146	1568	11	146354	0	0	0	0	0	0	
17	155	1666	11	155941	0	0	0	0	0	0	
18	165	1764	11	165595	0	0	0	0	0	0	
19	175	1862	11	175127	0	0	0	0	0	0	
20	184	1960	11	184383	0	0	0	0	0	0	
21	194	2058	11	194372	0	0	0	0	0	0	
22	204	2156	11	204195	0	0	0	0	0	0	
23	214	2254	11	214941	0	0	0	0	0	0	
24	226	2352	11	226347	0	0	0	0	0	0	
25	235	2450	11	235993	0	0	0	0	0	0	
26	245	2548	11	245359	0	0	0	0	0	0	
27	254	2646	11	254858	0	0	0	0	0	0	
28	264	2744	11	264396	0	0	0	0	0	0	
29	273	2842	11	273957	0	0	0	0	0	0	
30	289	2941	11	289001	0	0	0	0	0	0	
31	299	3039	11	299269	0	0	0	0	0	0	
32	308	3137	11	308997	0	0	0	0	0	0	
33	318	3235	11	318679	0	0	0	0	0	0	
34	329	3333	11	329584	0	0	0	0	0	0	
35	342	3431	11	342278	0	0	0	0	0	0	
36	352	3529	11	352135	0	0	0	0	0	0	
37	362	3627	11	362083	0	0	0	0	0	0	
38	375	3725	11	375807	0	0	0	0	0	0	
39	385	3823	11	385890	0	0	0	0	0	0	
40	399	3921	11	399924	0	0	0	0	0	0	
41	412	4019	11	412967	0	0	0	0	0	0	
42	425	4117	11	425440	0	0	0	0	0	0	
43	436	4215	11	436507	0	0	0	0	0	0	
44	447	4313	11	447083	0	0	0	0	0	0	
45	457	4411	11	457217	0	0	0	0	0	0	
46	469	4509	11	469266	0	0	0	0	0	0	
47	483	4607	11	483711	0	0	0	0	0	0	
48	493	4705	11	493629	0	0	0	0	0	0	
49	507	4803	11	507524	0	0	0	0	0	0	
50	520	4901	11	520668	0	0	0	0	0	0	
51	533	4999	11	533633	0	0	0	0	0	0	
52	546	5097	11	546361	0	0	0	0	0	0	
53	557	5195	11	557541	0	0	0	0	0	0	
54	576	5293	11	576384	0	0	0	0	0	0	
55	596	5391	11	596772	0	0	0	0	0	0	
56	619	5489	11	619496	0	0	0	0	0	0	
57	634	5587	11	634358	0	0	0	0	0	0	
58	644	5685	11	644938	0	0	0	0	0	0	
59	655	5784	11	655763	0	0	0	0	0	0	
60	676	5882	11	676746	0	0	0	0	0	0	
61	687	5980	11	687539	0	0	0	0	0	0	
62	702	6078	11	702625	0	0	0	0	0	0	
63	715	6176	11	715121	0	0	0	0	0	0	
64	725	6274	11	725804	0	0	0	0	0	0	
65	736	6372	11	736727	0	0	0	0	0	0	
66	749	6470	11	749997	0	0	0	0	0	0	
67	766	6568	11	766849	0	0	0	0	0	0	
68	778	6666	11	778900	0	0	0	0	0	0	
69	793	6764	11	793323	0	0	0	0	0	0	
70	805	6862	11	805982	0	0	0	0	0	0	
71	817	6960	11	817566	0	0	0	0	0	0	
72	829	7058	11	829000	0	0	0	0	0	0	
73	842	7156	11	842010	0	0	0	0	0	0	
74	861	7254	11	861624	0	0	0	0	0	0	
75	879	7352	11	879155	0	0	0	0	0	0	
76	911	7450	11	911274	0	0	0	0	0	0	
77	921	7548	11	921970	0	0	0	0	0	0	
78	945	7646	11	945043	0	0	0	0	0	0	
79	966	7744	11	966070	0	0	0	0	0	0	
80	977	7842	11	977942	0	0	0	0	0	0	
81	1008	7940	11	1008122	0	0	0	0	0	0	
82	1022	8038	11	1022010	0	0	0	0	0	0	
83	1040	8136	11	1040334	0	0	0	0	0	0	
84	1056	8234	11	1056808	0	0	0	0	0	0	
85	1067	8332	11	1067812	0	0	0	0	0	0	
86	1080	8430	11	1080584	0	0	0	0	0	0	
87	1095	8528	11	1095119	0	0	0	0	0	0	
88	1107	8627	11	1107921	0	0	0	0	0	0	
89	1124	8725	11	1124779	0	0	0	0	0	0	
90	1139	8823	11	1139377	0	0	0	0	0	0	
91	1154	8921	11	1154996	0	0	0	0	0	0	
92	1168	9019	11	1168982	0	0	0	0	0	0	
93	1183	9117	11	1183176	0	0	0	0	0	0	
94	1194	9215	11	1194605	0	0	0	0	0	0	
95	1212	9313	11	1212229	0	0	0	0	0	0	
96	1233	9411	11	1233447	0	0	0	0	0	0	
97	1248	9509	11	1248981	0	0	0	0	0	0	
98	1264	9607	11	1264242	0	0	0	0	0	0	
99	1280	9705	11	1280585	0	0	0	0	0	0	
100	1291	9803	11	1291735	0	0	0	0	0	0	
101	1312	9901	11	1312581	0	0	0	0	0	0	
102	1335	9999	11	1335034	0	0	0	0	0	0	
103	1349	10097	11	1349466	0	0	0	0	0	0	
104	1367	10195	11	1367677	0	0	0	0	0	0	
105	1382	10293	11	1382327	0	0	0	0	0	0	
106	1402	10391	11	1402774	0	0	0	0	0	0	
107	1416	10489	11	1416778	0	0	0	0	0	0	
108	1428	10587	11	1428512	0	0	0	0	0	0	
109	1444	10685	11	1444373	0	0	0	0	0	0	
110	1455	10783	11	1455983	0	0	0	0	0	0	
111	1470	10881	11	1470356	0	0	0	0	0	0	
112	1483	10979	11	1483637	0	0	0	0	0	0	
113	1498	11077	11	1498768	0	0	0	0	0	0	
114	1521	11175	11	1521525	0	0	0	0	0	0	
115	1537	11273	11	1537015	0	0	0	0	0	0	
116	1561	11371	11	1561749	0	0	0	0	0	0	
117	1575	11470	11	1575222	0	0	0	0	0	0	
118	1587	11568	11	1587542	0	0	0	0	0	0	
119	1601	11666	11	1601872	0	0	0	0	0	0	
120	1614	11764	11	1614776	0	0	0	0	0	0	
121	1638	11862	11	1638320	0	0	0	0	0	0	
122	1656	11960	11	1656634	0	0	0	0	0	0	
123	1670	12058	11	1670342	0	0	0	0	0	0	
124	1694	12156	11	1694444	0	0	0	0	0	0	
125	1709	12254	11	1709795	0	0	0	0	0	0	
126	1733	12352	11	1733448	0	0	0	0	0	0	
127	1764	12450	11	1764097	0	0	0	0	0	0	
128	1776	12548	11	1776612	0	0	0	0	0	0	
129	1792	12646	11	1792535	0	0	0	0	0	0	
130	1816	12744	11	1816944	0	0	0	0	0	0	
131	1842	12842	11	1842881	0	0	0	0	0	0	
132	1855	12940	11	1855660	0	0	0	0	0	0	
133	1893	13038	11	1893334	0	0	0	0	0	0	
134	1905	13136	11	1905699	0	0	0	0	0	0	
135	1929	13234	11	1929388	0	0	0	0	0	0	
136	1944	13332	11	1944479	0	0	0	0	0	0	
137	1959	13430	11	1959168	0	0	0	0	0	0	
138	1975	13528	11	1975670	0	0	0	0	0	0	
139	1989	13626	11	1989378	0	0	0	0	0	0	
140	2006	13724	11	2006054	0	0	0	0	0	0	
141	2028	13822	11	2028018	0	0	0	0	0	0	
142	2054	13920	11	2054389	0	0	0	0	0	0	
143	2099	14018	11	2099199	0	0	0	0	0	0	
144	2125	14116	11	2125220	0	0	0	0	0	0	
145	2146	14214	11	2146892	0	0	0	0	0	0	
146	2170	14313	11	2170859	0	0	0	0	0	0	
147	2189	14411	11	2189597	0	0	0	0	0	0	
148	2212	14509	11	2212836	0	0	0	0	0	0	
149	2234	14607	11	2234404	0	0	0	0	0	0	
150	2248	14705	11	2248799	0	0	0	0	0	0	
151	2264	14803	11	2264363	0	0	0	0	0	0	
152	2290	14901	11	2290009	0	0	0	0	0	0	
153	2308	14999	11	2308033	0	0	0	0	0	0	
154	2328	15097	11	2328000	0	0	0	0	0	0	
155	2344	15195	11	2344244	0	0	0	0	0	0	
156	2363	15293	11	2363281	0	0	0	0	0	0	
157	2386	15391	11	2386660	0	0	0	0	0	0	
158	2424	15489	11	2424559	0	0	0	0	0	0	
159	2447	15587	11	2447878	0	0	0	0	0	0	
160	2463	15685	11	2463818	0	0	0	0	0	0	
161	2484	15783	11	2484067	0	0	0	0	0	0	
162	2504	15881	11	2504561	0	0	0	0	0	0	
163	2528	15979	11	2528455	0	0	0	0	0	0	
164	2555	16077	11	2555784	0	0	0	0	0	0	
165	2575	16175	11	2575472	0	0	0	0	0	0	
166	2599	16273	11	2599637	0	0	0	0	0	0	
167	2619	16371	11	2619390	0	0	0	0	0	0	
168	2643	16469	11	2643837	0	0	0	0	0	0	
169	2665	16567	11	2665548	0	0	0	0	0	0	
170	2697	16665	11	2697602	0	0	0	0	0	0	
171	2719	16763	11	2719488	0	0	0	0	0	0	
172	2742	16861	11	2742545	0	0	0	0	0	0	
173	2766	16959	11	2766167	0	0	0	0	0	0	
174	2783	17057	11	2783308	0	0	0	0	0	0	
175	2815	17156	11	2815747	0	0	0	0	0	0	
176	2845	17254	11	2845099	0	0	0	0	0	0	
177	2872	17352	11	2872529	0	0	0	0	0	0	
178	2902	17450	11	2902669	0	0	0	0	0	0	
179	2919	17548	11	2919160	0	0	0	0	0	0	
180	2948	17646	11	2948604	0	0	0	0	0	0	
181	2970	17744	11	2970890	0	0	0	0	0	0	
182	2988	17842	11	2988064	0	0	0	0	0	0	
183	3013	17940	11	3013542	0	0	0	0	0	0	
184	3038	18038	11	3038280	0	0	0	0	0	0	
185	3063	18136	11	3063794	0	0	0	0	0	0	
186	3090	18234	11	3090226	0	0	0	0	0	0	
187	3120	18332	11	3120245	0	0	0	0	0	0	
188	3142	18430	11	3142560	0	0	0	0	0	0	
189	3167	18528	11	3167080	0	0	0	0	0	0	
190	3191	18626	11	3191769	0	0	0	0	0	0	
191	3258	18724	11	3258137	0	0	0	0	0	0	
192	3289	18822	11	3289375	0	0	0	0	0	0	
193	3316	18920	11	3316906	0	0	0	0	0	0	
194	3343	19018	11	3343778	0	0	0	0	0	0	
195	3384	19116	11	3384316	0	0	0	0	0	0	
196	3406	19214	11	3406049	0	0	0	0	0	0	
197	3431	19312	11	3431526	0	0	0	0	0	0	
198	3458	19410	11	3458777	0	0	0	0	0	0	
199	3482	19508	11	3482236	0	0	0	0	0	0	
200	3516	19606	11	3516501	0	0	0	0	0	0	
201	3554	19704	11	3554859	0	0	0	0	0	0	
202	3588	19802	11	3588295	0	0	0	0	0	0	
203	3609	19900	11	3609281	0	0	0	0	0	0	
204	3639	19999	11	3639451	0	0	0	0	0	0	
205	3670	20097	11	3670918	0	0	0	0	0	0	
206	3690	20195	11	3690943	0	0	0	0	0	0	
207	3721	20293	11	3721841	0	0	0	0	0	0	
208	3749	20391	11	3749747	0	0	0	0	0	0	
209	3780	20489	11	3780907	0	0	0	0	0	0	
210	3817	20587	11	3817372	0	0	0	0	0	0	
211	3862	20685	11	3862977	0	0	0	0	0	0	
212	3908	20783	11	3908903	0	0	0	0	0	0	
213	3968	20881	11	3968742	0	0	0	0	0	0	
214	4003	20979	11	4003152	0	0	0	0	0	0	
215	4057	21077	11	4057220	0	0	0	0	0	0	
216	4085	21175	11	4085618	0	0	0	0	0	0	
217	4121	21273	11	4121328	0	0	0	0	0	0	
218	4171	21371	11	4171207	0	0	0	0	0	0	
219	4203	21469	11	4203222	0	0	0	0	0	0	
220	4234	21567	11	4234172	0	0	0	0	0	0	
221	4261	21665	11	4261826	0	0	0	0	0	0	
222	4296	21763	11	4296279	0	0	0	0	0	0	
223	4348	21861	11	4348679	0	0	0	0	0	0	
224	4383	21959	11	4383152	0	0	0	0	0	0	
225	4415	22057	11	4415157	0	0	0	0	0	0	
226	4442	22155	11	4442230	0	0	0	0	0	0	
227	4470	22253	11	4470298	0	0	0	0	0	0	
228	4504	22351	11	4504012	0	0	0	0	0	0	
229	4534	22449	11	4534280	0	0	0	0	0	0	
230	4588	22547	11	4588235	0	0	0	0	0	0	
231	4622	22645	11	4622916	0	0	0	0	0	0	
232	4653	22743	11	4653182	0	0	0	0	0	0	
233	4701	22842	11	4701017	0	0	0	0	0	0	
234	4743	22940	11	4743461	0	0	0	0	0	0	
235	4778	23038	11	4778623	0	0	0	0	0	0	
236	4826	23136	11	4826525	0	0	0	0	0	0	
237	4870	23234	11	4870113	0	0	0	0	0	0	
238	4919	23332	11	4919623	0	0	0	0	0	0	
239	4953	23430	11	4953775	0	0	0	0	0	0	
240	4988	23528	11	4988004	0	0	0	0	0	0	
241	5024	23626	11	5024103	0	0	0	0	0	0	
242	5062	23724	11	5062801	0	0	0	0	0	0	
243	5102	23822	11	5102243	0	0	0	0	0	0	
244	5148	23920	11	5148686	0	0	0	0	0	0	
245	5185	24018	11	5185004	0	0	0	0	0	0	
246	5236	24116	11	5236102	0	0	0	0	0	0	
247	5268	24214	11	5268089	0	0	0	0	0	0	
248	5303	24312	11	5303052	0	0	0	0	0	0	
249	5350	24410	11	5350956	0	0	0	0	0	0	
250	5386	24508	11	5386145	0	0	0	0	0	0	
251	5426	24606	11	5426543	0	0	0	0	0	0	
252	5474	24704	11	5474352	0	0	0	0	0	0	
253	5507	24802	11	5507400	0	0	0	0	0	0	
254	5563	24900	11	5563119	0	0	0	0	0	0	
255	5624	24998	11	5624476	0	0	0	0	0	0	
256	5660	25096	11	5660009	0	0	0	0	0	0	
257	5703	25194	11	5703417	0	0	0	0	0	0	
258	5735	25292	11	5735882	0	0	0	0	0	0	
259	5773	25390	11	5773846	0	0	0	0	0	0	
260	5812	25488	11	5812856	0	0	0	0	0	0	
261	5870	25586	11	5870877	0	0	0	0	0	0	
262	5923	25685	11	5923380	0	0	0	0	0	0	
263	5949	25783	11	5949959	0	0	0	0	0	0	
264	6017	25881	11	6017724	0	0	0	0	0	0	
265	6054	25979	11	6054882	0	0	0	0	0	0	
266	6094	26077	11	6094238	0	0	0	0	0	0	
267	6135	26175	11	6135464	0	0	0	0	0	0	
268	6181	26273	11	6181151	0	0	0	0	0	0	
269	6225	26371	11	6225697	0	0	0	0	0	0	
270	6285	26469	11	6285969	0	0	0	0	0	0	
271	6318	26567	11	6318569	0	0	0	0	0	0	
272	6364	26665	11	6364025	0	0	0	0	0	0	
273	6403	26763	11	6403208	0	0	0	0	0	0	
274	6439	26861	11	6439996	0	0	0	0	0	0	
275	6482	26959	11	6482842	0	0	0	0	0	0	
276	6519	27057	11	6519800	0	0	0	0	0	0	
277	6576	27155	11	6576174	0	0	0	0	0	0	
278	6617	27253	11	6617596	0	0	0	0	0	0	
279	6654	27351	11	6654299	0	0	0	0	0	0	
280	6698	27449	11	6698505	0	0	0	0	0	0	
281	6740	27547	11	6740707	0	0	0	0	0	0	
282	6778	27645	11	6778424	0	0	0	0	0	0	
283	6813	27743	11	6813228	0	0	0	0	0	0	
284	6848	27841	11	6848546	0	0	0	0	0	0	
285	6891	27939	11	6891038	0	0	0	0	0	0	
286	6927	28037	11	6927809	0	0	0	0	0	0	
287	6974	28135	11	6974280	0	0	0	0	0	0	
288	7037	28233	11	7037257	0	0	0	0	0	0	
289	7094	28331	11	7094240	0	0	0	0	0	0	
290	7130	28429	11	7130140	0	0	0	0	0	0	
291	7177	28528	11	7177248	0	0	0	0	0	0	
292	7207	28626	11	7207223	0	0	0	0	0	0	
293	7242	28724	11	7242650	0	0	0	0	0	0	
294	7280	28822	11	7280878	0	0	0	0	0	0	
295	7325	28920	11	7325364	0	0	0	0	0	0	
296	7372	29018	11	7372830	0	0	0	0	0	0	
297	7418	29116	11	7418720	0	0	0	0	0	0	
298	7455	29214	11	7455173	0	0	0	0	0	0	
299	7511	29312	11	7511709	0	0	0	0	0	0	
300	7560	29410	11	7560227	0	0	0	0	0	0	
301	7600	29508	11	7600383	0	0	0	0	0	0	
302	7640	29606	11	7640252	0	0	0	0	0	0	
303	7693	29704	11	7693373	0	0	0	0	0	0	
304	7736	29802	11	7736929	0	0	0	0	0	0	
305	7778	29900	11	7778309	0	0	0	0	0	0	
306	7823	29998	11	7823356	0	0	0	0	0	0	
307	7875	30096	11	7875718	0	0	0	0	0	0	
308	7922	30194	11	7922775	0	0	0	0	0	0	
309	7973	30292	11	7973393	0	0	0	0	0	0	
310	8022	30390	11	8022642	0	0	0	0	0	0	
311	8065	30488	11	8065577	0	0	0	0	0	0	
312	8110	30586	11	8110556	0	0	0	0	0	0	
313	8167	30684	11	8167299	0	0	0	0	0	0	
314	8211	30782	11	8211706	0	0	0	0	0	0	
315	8261	30880	11	8261174	0	0	0	0	0	0	
316	8301	30978	11	8301435	0	0	0	0	0	0	
317	8354	31076	11	8354855	0	0	0	0	0	0	
318	8412	31174	11	8412476	0	0	0	0	0	0	
319	8456	31272	11	8456040	0	0	0	0	0	0	
320	8496	31371	11	8496009	0	0	0	0	0	0	
321	8538	31469	11	8538915	0	0	0	0	0	0	
322	8613	31567	11	8613119	0	0	0	0	0	0	
323	8661	31665	11	8661780	0	0	0	0	0	0	
324	8714	31763	11	8714745	0	0	0	0	0	0	
325	8763	31861	11	8763984	0	0	0	0	0	0	
326	8814	31959	11	8814470	0	0	0	0	0	0	
327	8870	32057	11	8870126	0	0	0	0	0	0	
328	8923	32155	11	8923626	0	0	0	0	0	0	
329	8973	32253	11	8973368	0	0	0	0	0	0	
330	9041	32351	11	9041944	0	0	0	0	0	0	
331	9082	32449	11	9082567	0	0	0	0	0	0	
332	9134	32547	11	9134478	0	0	0	0	0	0	
333	9178	32645	11	9178112	0	0	0	0	0	0	
334	9227	32743	11	9227790	0	0	0	0	0	0	
335	9309	32841	11	9309722	0	0	0	0	0	0	
336	9356	32939	11	9356998	0	0	0	0	0	0	
337	9402	33037	11	9402550	0	0	0	0	0	0	
338	9451	33135	11	9451194	0	0	0	0	0	0	
339	9496	33233	11	9496527	0	0	0	0	0	0	
340	9557	33331	11	9557224	0	0	0	0	0	0	
341	9630	33429	11	9630543	0	0	0	0	0	0	
342	9675	33527	11	9675788	0	0	0	0	0	0	
343	9725	33625	11	9725549	0	0	0	0	0	0	
344	9780	33723	11	9780047	0	0	0	0	0	0	
345	9835	33821	11	9835107	0	0	0	0	0	0	
346	9898	33919	11	9898844	0	0	0	0	0	0	
347	9989	34017	11	9989773	0	0	0	0	0	0	
348	10047	34115	11	10047594	0	0	0	0	0	0	
349	10120	34214	11	10120860	0	0	0	0	0	0	
350	10184	34312	11	10184611	0	0	0	0	0	0	
351	10232	34410	11	10232228	0	0	0	0	0	0	
352	10291	34508	11	10291757	0	0	0	0	0	0	
353	10356	34606	11	10356146	0	0	0	0	0	0	
354	10417	34704	11	10417581	0	0	0	0	0	0	
355	10490	34802	11	10490575	0	0	0	0	0	0	
356	10544	34900	11	10544693	0	0	0	0	0	0	
357	10610	34998	11	10610118	0	0	0	0	0	0	
358	10692	35096	11	10692682	0	0	0	0	0	0	
359	10749	35194	11	10749077	0	0	0	0	0	0	
360	10805	35292	11	10805611	0	0	0	0	0	0	
361	10898	35390	11	10898899	0	0	0	0	0	0	
362	10952	35488	11	10952191	0	0	0	0	0	0	
363	11007	35586	11	11007860	0	0	0	0	0	0	
364	11063	35684	11	11063050	0	0	0	0	0	0	
365	11127	35782	11	11127559	0	0	0	0	0	0	
366	11188	35880	11	11188534	0	0	0	0	0	0	
367	11244	35978	11	11244783	0	0	0	0	0	0	
368	11297	36076	11	11297396	0	0	0	0	0	0	
369	11351	36174	11	11351459	0	0	0	0	0	0	
370	11403	36272	11	11403354	0	0	0	0	0	0	
371	11475	36370	11	11475302	0	0	0	0	0	0	
372	11534	36468	11	11534412	0	0	0	0	0	0	
373	11602	36566	11	11602887	0	0	0	0	0	0	
374	11676	36664	11	11676759	0	0	0	0	0	0	
375	11734	36762	11	11734582	0	0	0	0	0	0	
376	11816	36860	11	11816744	0	0	0	0	0	0	
377	11876	36958	11	11876059	0	0	0	0	0	0	
378	11927	37057	11	11927000	0	0	0	0	0	0	
379	11983	37155	11	11983122	0	0	0	0	0	0	
380	12041	37253	11	12041409	0	0	0	0	0	0	
381	12092	37351	11	12092902	0	0	0	0	0	0	
382	12151	37449	11	12151198	0	0	0	0	0	0	
383	12229	37547	11	12229042	0	0	0	0	0	0	
384	12314	37645	11	12314507	0	0	0	0	0	0	
385	12380	37743	11	12380391	0	0	0	0	0	0	
386	12450	37841	11	12450187	0	0	0	0	0	0	
387	12501	37939	11	12501991	0	0	0	0	0	0	
388	12558	38037	11	12558010	0	0	0	0	0	0	
389	12624	38135	11	12624906	0	0	0	0	0	0	
390	12690	38233	11	12690701	0	0	0	0	0	0	
391	12743	38331	11	12743571	0	0	0	0	0	0	
392	12811	38429	11	12811584	0	0	0	0	0	0	
393	12887	38527	11	12887341	0	0	0	0	0	0	
394	12943	38625	11	12943888	0	0	0	0	0	0	
395	13021	38723	11	13021933	0	0	0	0	0	0	
396	13094	38821	11	13094297	0	0	0	0	0	0	
397	13166	38919	11	13166907	0	0	0	0	0	0	
398	13264	39017	11	13264518	0	0	0	0	0	0	
399	13345	39115	11	13345186	0	0	0	0	0	0	
400	13417	39213	11	13417582	0	0	0	0	0	0	
401	13506	39311	11	13506917	0	0	0	0	0	0	
402	13580	39409	11	13580951	0	0	0	0	0	0	
403	13701	39507	11	13701979	0	0	0	0	0	0	
404	13796	39605	11	13796206	0	0	0	0	0	0	
405	14058	39703	11	14058602	0	0	0	0	0	0	
406	14322	39801	11	14322846	0	0	0	0	0	0	
407	14683	39900	11	14683915	0	0	0	0	0	0	
408	14926	39998	11	14926393	0	0	0	0	0	0	
409	15241	40096	11	15241452	0	0	0	0	0	0	
410	15554	40194	11	15554005	0	0	0	0	0	0	
411	15896	40292	11	15896743	0	0	0	0	0	0	
412	16273	40390	11	16273969	0	0	0	0	0	0	
413	16579	40488	11	16579278	0	0	0	0	0	0	
414	16953	40586	11	16953656	0	0	0	0	0	0	
415	17335	40684	11	17335859	0	0	0	0	0	0	
416	17661	40782	11	17661544	0	0	0	0	0	0	
417	18047	40880	11	18047316	0	0	0	0	0	0	
418	18501	40978	11	18501677	0	0	0	0	0	0	
419	18956	41076	11	18956486	0	0	0	0	0	0	
420	19423	41174	11	19423617	0	0	0	0	0	0	
421	19902	41272	11	19902086	0	0	0	0	0	0	
422	20541	41370	11	20541326	0	0	0	0	0	0	
423	21113	41468	11	21113655	0	0	0	0	0	0	
424	21760	41566	11	21760087	0	0	0	0	0	0	
425	22362	41664	11	22362148	0	0	0	0	0	0	
426	23037	41762	11	23037994	0	0	0	0	0	0	
427	23707	41860	11	23707701	0	0	0	0	0	0	
428	24391	41958	11	24391558	0	0	0	0	0	0	
429	25111	42056	11	25111055	0	0	0	0	0	0	
430	25797	42154	11	25797318	0	0	0	0	0	0	
431	26506	42252	11	26506225	0	0	0	0	0	0	
432	27231	42350	11	27231337	0	0	0	0	0	0	
433	27976	42448	11	27976079	0	0	0	0	0	0	
434	28705	42546	11	28705852	0	0	0	0	0	0	
435	29487	42644	11	29487048	0	0	0	0	0	0	
436	30276	42743	11	30276745	0	0	0	0	0	0	
437	31120	42841	11	31120555	0	0	0	0	0	0	
438	31948	42939	11	31948305	0	0	0	0	0	0	
439	32853	43037	11	32853611	0	0	0	0	0	0	
440	33686	43135	11	33686205	0	0	0	0	0	0	
441	34565	43233	11	34565296	0	0	0	0	0	0	
442	35525	43331	11	35525556	0	0	0	0	0	0	
443	36453	43429	11	36453659	0	0	0	0	0	0	
444	37415	43527	11	37415508	0	0	0	0	0	0	
445	38348	43625	11	38348189	0	0	0	0	0	0	
446	39317	43723	11	39317779	0	0	0	0	0	0	
447	40236	43821	11	40236415	0	0	0	0	0	0	
448	41180	43919	11	41180920	0	0	0	0	0	0	
449	42211	44017	11	42211402	0	0	0	0	0	0	
450	43183	44115	11	43183352	0	0	0	0	0	0	
451	44191	44213	11	44191039	0	0	0	0	0	0	
452	45248	44311	11	45248313	0	0	0	0	0	0	
453	46311	44409	11	46311279	0	0	0	0	0	0	
454	47395	44507	11	47395909	0	0	0	0	0	0	
455	48467	44605	11	48467930	0	0	0	0	0	0	
456	49541	44703	11	49541120	0	0	0	0	0	0	
457	50645	44801	11	50645476	0	0	0	0	0	0	
458	51764	44899	11	51764103	0	0	0	0	0	0	
459	52874	44997	11	52874749	0	0	0	0	0	0	
460	54063	45095	11	54063607	0	0	0	0	0	0	
461	55228	45193	11	55228917	0	0	0	0	0	0	
462	56370	45291	11	56370549	0	0	0	0	0	0	
463	57482	45389	11	57482862	0	0	0	0	0	0	
464	58672	45487	11	58672306	0	0	0	0	0	0	
465	59907	45585	11	59907690	0	0	0	0	0	0	
466	61571	45684	11	61571490	0	0	0	0	0	0	
467	63379	45782	11	63379770	0	0	0	0	0	0	
468	65170	45880	11	65170185	0	0	0	0	0	0	
469	66905	45978	11	66905792	0	0	0	0	0	0	
470	68258	46076	11	68258904	0	0	0	0	0	0	
471	69562	46174	11	69562731	0	0	0	0	0	0	
472	70917	46272	12	70917158	0	0	0	0	0	0	
473	72184	46370	12	72184911	0	0	0	0	0	0	
474	73544	46468	12	73544833	0	0	0	0	0	0	
475	74913	46566	12	74913512	0	0	0	0	0	0	
476	76189	46664	12	76189654	0	0	0	0	0	0	
477	77552	46762	12	77552088	0	0	0	0	0	0	
478	78969	46860	12	78969214	0	0	0	0	0	0	
479	80314	46958	13	80314422	0	0	0	0	0	0	
480	81691	47056	13	81691619	0	0	0	0	0	0	
481	83072	47154	13	83072305	0	0	0	0	0	0	
482	84459	47252	13	84459093	0	0	0	0	0	0	
483	86401	47390	13	86401501	0	0	0	0	0	0	
