#input	time	ios	pfs	timems	pbo	dbo	ibo	pbu	ndo	ars	
1	43	32	2	43065	0	0	0	0	0	0	
2	42	64	0	42520	0	0	0	0	0	0	
3	42	96	0	42693	0	0	0	0	0	0	
4	42	128	0	42963	0	0	0	0	0	0	
5	43	160	0	43155	0	0	0	0	0	0	
6	43	192	0	43498	0	0	0	0	0	0	
7	43	224	0	43857	0	0	0	0	0	0	
8	44	256	0	44261	0	0	0	0	0	0	
9	44	288	0	44462	0	0	0	0	0	0	
10	44	320	0	44783	0	0	0	0	0	0	
11	45	352	0	45087	0	0	0	0	0	0	
12	45	384	0	45189	0	0	0	0	0	0	
13	45	416	0	45509	0	0	0	0	0	0	
14	45	448	0	45334	0	0	0	0	0	0	
15	45	480	0	45701	0	0	0	0	0	0	
16	46	512	0	46077	0	0	0	0	0	0	
17	46	544	0	46261	0	0	0	0	0	0	
18	46	576	0	46511	0	0	0	0	0	0	
19	46	608	0	46628	0	0	0	0	0	0	
20	47	640	0	47253	0	0	0	0	0	0	
21	47	672	0	47104	0	0	0	0	0	0	
22	47	704	0	47328	0	0	0	0	0	0	
23	47	736	0	47572	0	0	0	0	0	0	
24	47	768	0	47746	0	0	0	0	0	0	
25	47	800	0	47997	0	0	0	0	0	0	
26	48	832	0	48223	0	0	0	0	0	0	
27	48	864	0	48655	0	0	0	0	0	0	
28	48	896	0	48581	0	0	0	0	0	0	
29	48	928	0	48698	0	0	0	0	0	0	
30	49	960	0	49166	0	0	0	0	0	0	
31	49	992	0	49258	0	0	0	0	0	0	
32	49	1024	0	49450	0	0	0	0	0	0	
33	49	1056	0	49666	0	0	0	0	0	0	
34	49	1088	0	49968	0	0	0	0	0	0	
35	50	1120	0	50133	0	0	0	0	0	0	
36	50	1152	0	50243	0	0	0	0	0	0	
37	50	1184	0	50618	0	0	0	0	0	0	
38	50	1216	0	50600	0	0	0	0	0	0	
39	50	1248	0	50926	0	0	0	0	0	0	
40	51	1280	0	51076	0	0	0	0	0	0	
41	51	1312	0	51352	0	0	0	0	0	0	
42	51	1344	0	51601	0	0	0	0	0	0	
43	51	1376	0	51618	0	0	0	0	0	0	
44	51	1408	0	51919	0	0	0	0	0	0	
45	52	1440	0	52401	0	0	0	0	0	0	
46	52	1472	0	52427	0	0	0	0	0	0	
47	53	1504	0	53952	0	0	0	0	0	0	
48	53	1536	0	53139	0	0	0	0	0	0	
49	53	1568	3	53728	0	0	0	0	0	0	
50	54	1600	4	54057	0	0	0	0	0	0	
