#input	time	ios	pfs	timems	pbo	dbo	ibo	pbu	ndo	
0	9054	22031938	485132946	9054338	9	2990	62	319	0	
1	9052	22031840	485132946	9052994	9	2990	62	319	0	
2	9051	22031742	485132930	9051843	9	2990	62	319	0	
3	9048	22030104	485004367	9048527	9	2989	61	318	0	
4	9046	22030006	485004349	9046633	9	2989	61	318	0	
5	9035	22026167	484816833	9035626	9	2989	61	317	0	
6	9029	22016044	484356784	9029559	9	2987	61	317	0	
7	9025	22010769	484125716	9025613	9	2986	61	317	0	
8	9021	22005329	483899267	9021680	9	2985	61	317	0	
9	9017	21999800	483670038	9017717	9	2984	61	317	0	
10	8995	21977325	482803059	8995938	9	2981	59	314	0	
11	8992	21970852	482567632	8992066	9	2980	59	314	0	
12	8981	21956224	481736644	8981210	9	2977	59	313	0	
13	8970	21943556	481076058	8970393	9	2975	59	312	0	
14	8965	21937392	480682685	8965666	9	2973	59	312	0	
15	8958	21925558	480056081	8958614	9	2970	59	312	0	
16	8954	21920683	479819663	8954936	9	2969	59	312	0	
17	8943	21896218	479013757	8943650	9	2965	59	312	0	
18	8936	21878179	478536861	8936367	9	2963	59	312	0	
19	8931	21868700	478293729	8931716	9	2962	59	312	0	
20	8888	21822259	476638101	8888010	9	2959	58	308	0	
21	8884	21815444	476383769	8884154	9	2958	58	308	0	
22	8870	21783685	475375527	8870287	9	2953	57	307	0	
23	8860	21758910	474681476	8860866	9	2950	57	307	0	
24	8851	21736752	473999890	8851894	9	2947	57	307	0	
25	8839	21708685	473161669	8839772	9	2943	57	307	0	
26	8835	21697757	472893827	8835094	9	2942	57	307	0	
27	8817	21669737	472025461	8817381	9	2939	57	306	0	
28	8807	21644701	471333138	8807418	9	2936	57	306	0	
29	8797	21619581	470633605	8797798	9	2933	57	306	0	
30	8765	21582118	469362971	8765579	9	2930	57	304	0	
31	8760	21573045	469100735	8760814	9	2929	57	304	0	
32	8718	21511713	466841138	8718571	9	2921	55	300	0	
33	8706	21488142	465978615	8706709	9	2916	55	300	0	
34	8700	21475227	465483287	8700102	9	2914	55	300	0	
35	8688	21449700	464561590	8688665	9	2909	55	300	0	
36	8682	21437920	464154897	8682842	9	2907	55	300	0	
37	8674	21418246	463494662	8674569	9	2904	55	300	0	
38	8666	21402683	462885894	8666728	9	2901	55	300	0	
39	8655	21373824	461878482	8655359	9	2896	55	300	0	
40	8632	21335159	461023528	8632580	9	2893	55	299	0	
41	8628	21324529	460765087	8628452	9	2892	55	299	0	
42	8615	21288746	459835504	8615914	9	2887	55	299	0	
43	8586	21247220	458441285	8586702	9	2881	54	296	0	
44	8546	21199553	456985928	8546816	9	2879	54	293	0	
45	8505	21150902	455305865	8505273	9	2872	52	289	0	
46	8492	21117996	454390153	8492475	9	2867	52	289	0	
47	8481	21089931	453357778	8481482	9	2862	52	289	0	
48	8471	21064083	452589666	8471028	9	2858	52	289	0	
49	8459	21032083	451632441	8459241	9	2853	52	289	0	
50	8449	21006097	450828191	8449333	9	2849	52	289	0	
51	8441	20986123	450285805	8441687	9	2846	52	289	0	
52	8435	20973332	449804098	8435176	9	2844	52	289	0	
53	8423	20943120	448878661	8423977	9	2839	52	289	0	
54	8402	20906598	447602662	8402051	9	2833	52	288	0	
55	8367	20864982	446010401	8367583	9	2827	52	286	0	
56	8361	20853614	445537661	8361323	9	2825	52	286	0	
57	8318	20792967	443697456	8318408	9	2820	51	283	0	
58	8302	20754392	442352120	8302644	9	2813	51	283	0	
59	8262	20689632	440258552	8262970	9	2805	50	280	0	
60	8256	20673772	439781770	8256154	9	2803	50	280	0	
61	8248	20653078	439168114	8248800	9	2800	50	280	0	
62	8234	20610930	438005486	8234084	9	2794	50	280	0	
63	8215	20553554	436473984	8215015	9	2786	50	280	0	
64	8203	20516213	435691637	8203308	9	2782	50	280	0	
65	8191	20483652	434974802	8191803	9	2778	50	280	0	
66	8179	20446135	434045104	8179580	9	2773	50	280	0	
67	8161	20397263	432551150	8161800	9	2765	50	280	0	
68	8134	20350067	431084627	8134582	9	2759	49	277	0	
69	8124	20321109	430418237	8124245	9	2755	49	277	0	
70	8112	20286844	429604228	8112749	9	2751	49	277	0	
71	8105	20263872	429010432	8105200	9	2748	49	277	0	
72	8083	20204954	427336721	8083988	9	2740	49	276	0	
73	8077	20181656	426838188	8077004	9	2738	49	276	0	
74	8060	20132247	425492578	8060135	9	2731	49	276	0	
75	8043	20081499	424213179	8043351	9	2724	49	276	0	
76	8029	20040943	423312670	8029346	9	2719	49	276	0	
77	8022	20017598	422825317	8022223	9	2717	49	276	0	
78	8010	19983261	421998533	8010134	9	2713	49	276	0	
79	7910	19861100	418326042	7910315	9	2704	48	268	0	
80	7849	19780526	415796016	7849160	9	2696	47	263	0	
81	7845	19775276	415581918	7845127	9	2695	47	263	0	
82	7837	19756011	414962915	7837328	9	2692	47	263	0	
83	7810	19713606	413601727	7810796	9	2685	47	262	0	
84	7760	19647358	411540539	7760658	9	2678	46	258	0	
85	7702	19584043	409625834	7702933	8	2672	45	255	0	
86	7688	19544449	408585905	7688636	8	2666	45	255	0	
87	7673	19498292	407441094	7673093	8	2660	45	255	0	
88	7655	19453164	406408230	7655701	8	2653	45	255	0	
89	7641	19411048	405326388	7641777	8	2647	45	255	0	
90	7615	19361461	403946316	7615403	8	2641	45	254	0	
91	7583	19303998	402422100	7583739	7	2633	44	253	0	
92	7565	19248365	401094157	7565781	7	2625	44	253	0	
93	7552	19208747	400157094	7552706	7	2620	44	253	0	
94	7543	19181947	399551881	7543555	7	2617	44	253	0	
95	7514	19120636	398037735	7514019	7	2609	44	252	0	
96	7493	19063043	396442432	7493030	7	2600	44	252	0	
97	7470	19019382	395327077	7470962	7	2595	44	251	0	
98	7455	18976255	394235635	7455669	7	2589	44	251	0	
99	7442	18934342	393357860	7442770	7	2584	44	251	0	
100	7402	18864389	391424963	7402043	7	2576	43	248	0	
101	7389	18832586	390564703	7389670	7	2571	43	248	0	
102	7381	18809659	390103147	7381676	7	2569	43	248	0	
103	7362	18756095	388726685	7362525	7	2561	42	247	0	
104	7341	18694967	387136549	7341264	7	2552	42	247	0	
105	7310	18632797	385454388	7310035	7	2544	42	246	0	
106	7302	18609840	384988020	7302020	7	2542	42	246	0	
107	7286	18563526	383821852	7286057	7	2535	42	246	0	
108	7266	18503345	382483960	7266544	7	2527	42	246	0	
109	7245	18442175	380878202	7245570	7	2518	42	246	0	
110	7238	18419148	380424132	7238169	7	2516	42	246	0	
111	7218	18362130	379056917	7218973	7	2508	42	246	0	
112	7193	18295566	377238134	7193098	7	2498	41	244	0	
113	7173	18237411	375727164	7173116	7	2490	41	244	0	
114	7165	18214347	375261868	7165621	7	2488	41	244	0	
115	7148	18161520	374199489	7148916	7	2482	41	244	0	
116	7130	18109889	372902063	7130333	7	2475	41	244	0	
117	7112	18054123	371634852	7112390	7	2468	41	244	0	
118	6983	17925062	367489586	6983854	7	2462	38	231	0	
119	6964	17869112	365974654	6964430	7	2454	38	231	0	
120	6948	17824657	364827936	6948885	7	2448	38	231	0	
121	6938	17802580	364106246	6938784	7	2444	38	231	0	
122	6813	17654357	359007499	6813246	7	2432	36	221	0	
123	6806	17639407	358544809	6806844	7	2430	36	221	0	
124	6789	17588168	357047934	6789159	7	2422	36	221	0	
125	6776	17550717	356056644	6776503	7	2416	36	221	0	
126	6754	17493179	354512578	6754354	7	2407	36	221	0	
127	6731	17430624	352750115	6731885	7	2397	36	221	0	
128	6724	17415797	352291625	6724960	7	2395	36	221	0	
129	6711	17373451	351309674	6711349	7	2389	36	221	0	
130	6665	17317560	349522038	6665844	7	2382	36	218	0	
131	6646	17266934	348120962	6646071	7	2374	36	218	0	
132	6625	17208959	346442069	6625454	7	2365	36	218	0	
133	6618	17194256	345979266	6618618	7	2363	36	218	0	
134	6598	17136333	344357276	6598027	7	2354	36	218	0	
135	6580	17091587	343047483	6580402	7	2346	36	218	0	
136	6559	17034578	341323647	6559632	7	2336	36	218	0	
137	6537	16970395	339529452	6537901	7	2326	36	218	0	
138	6531	16955815	339067231	6531439	7	2324	36	218	0	
139	6491	16890759	337225301	6491038	7	2315	36	216	0	
140	6477	16853495	336220165	6477685	7	2309	36	216	0	
141	6461	16808619	334997803	6461950	7	2302	36	216	0	
142	6432	16751643	333225428	6432347	7	2293	36	215	0	
143	6419	16716659	332246563	6419305	7	2288	36	215	0	
144	6397	16675858	331002872	6397194	7	2282	36	214	0	
145	6384	16635287	330010755	6384222	7	2276	36	214	0	
146	6296	16505687	326400037	6296241	7	2266	36	209	0	
147	6269	16440832	324357295	6269309	7	2255	35	208	0	
148	6244	16398574	323046421	6244975	7	2249	35	207	0	
149	6233	16366770	322059073	6233514	7	2244	35	207	0	
150	6206	16301653	320015881	6206474	7	2233	34	206	0	
151	6187	16248684	318651040	6187626	7	2225	34	206	0	
152	6164	16183359	316817653	6164202	7	2215	34	206	0	
153	6141	16142569	315547912	6141341	7	2209	34	205	0	
154	6126	16098868	314294556	6126047	7	2202	34	205	0	
155	6104	16033931	312590275	6104061	7	2192	34	205	0	
156	6092	16000192	311740997	6092454	7	2187	34	205	0	
157	6072	15936617	310189614	6072793	7	2178	34	205	0	
158	6044	15878326	308959945	6044572	7	2171	34	204	0	
159	6033	15841572	308344507	6033538	7	2167	34	204	0	
160	6011	15770321	306848678	6011541	7	2157	34	204	0	
161	5993	15706799	305565271	5993203	7	2149	34	204	0	
162	5982	15674461	304922795	5982197	7	2145	34	204	0	
163	5961	15607183	303515205	5961760	7	2136	34	204	0	
164	5955	15586266	303120182	5955006	7	2134	34	204	0	
165	5931	15510831	301497210	5931712	7	2123	34	204	0	
166	5916	15460317	300578440	5916410	7	2117	34	204	0	
167	5867	15363990	298270752	5867111	7	2106	33	200	0	
168	5827	15280076	296304512	5827743	7	2096	32	197	0	
169	5821	15259157	295906317	5821382	7	2094	32	197	0	
170	5808	15216578	295228091	5808550	7	2090	32	197	0	
171	5694	15065216	291270459	5694054	7	2079	30	187	0	
172	5677	15010916	290106427	5677460	7	2072	30	187	0	
173	5656	14947664	288663755	5656033	7	2062	30	187	0	
174	5649	14928881	288279453	5649556	7	2060	30	187	0	
175	5523	14768542	284145417	5523541	7	2051	29	176	0	
176	5510	14728793	283299116	5510707	7	2045	29	176	0	
177	5334	14524881	278081878	5334980	6	2034	28	163	0	
178	5313	14465061	276698625	5313735	6	2025	28	163	0	
179	5283	14389321	274839799	5283333	6	2012	27	162	0	
180	5278	14376839	274487506	5278226	6	2010	27	162	0	
181	5264	14334108	273507645	5264941	6	2003	27	162	0	
182	5245	14279258	272155203	5245966	6	1994	27	162	0	
183	5153	14156514	269001887	5153987	5	1981	26	155	0	
184	5134	14098870	267563783	5134121	5	1971	26	155	0	
185	5092	14019015	265311814	5092790	5	1958	26	153	0	
186	5087	14006675	264959309	5087646	5	1956	26	153	0	
187	5069	13955525	263641081	5069231	5	1947	26	153	0	
188	5058	13929257	262936668	5058913	5	1942	26	153	0	
189	5012	13842730	260926247	5012849	5	1930	25	150	0	
190	4981	13776544	259139630	4981242	5	1919	25	149	0	
191	4934	13698174	256995567	4934755	5	1906	24	146	0	
192	4929	13685981	256643848	4929650	5	1904	24	146	0	
193	4905	13620083	254922828	4905887	5	1892	24	146	0	
194	4876	13558254	253259426	4876777	5	1882	24	145	0	
195	4851	13487196	251558813	4851450	5	1870	24	145	0	
196	4830	13428791	250069885	4830900	5	1860	24	145	0	
197	4787	13353176	247999720	4787695	4	1846	23	144	0	
198	4782	13341155	247648417	4782012	4	1844	23	144	0	
199	4767	13295375	246507816	4767151	4	1836	23	144	0	
200	4740	13226213	244496695	4740381	4	1822	22	143	0	
201	4730	13198379	243860124	4730476	4	1818	22	143	0	
202	4701	13130533	242111959	4701228	4	1807	22	142	0	
203	4678	13062104	240514918	4678906	4	1796	22	142	0	
204	4668	13034154	239774082	4668393	4	1791	22	142	0	
205	4657	13004859	238974989	4657816	4	1786	22	142	0	
206	4642	12958826	237834102	4642269	4	1778	22	142	0	
207	4545	12823291	233966860	4545356	4	1764	20	132	0	
208	4524	12755088	232353881	4524142	4	1753	20	132	0	
209	4496	12682344	230318260	4496924	4	1739	20	132	0	
210	4484	12647007	229415897	4484560	4	1733	20	132	0	
211	4475	12618765	228688812	4475196	4	1728	20	132	0	
212	4460	12574086	227582461	4460013	4	1720	20	132	0	
213	4444	12529385	226476938	4444816	4	1712	20	132	0	
214	4423	12468666	225035007	4423716	4	1702	20	132	0	
215	4392	12402529	223353361	4392684	4	1692	20	131	0	
216	4378	12365474	222354307	4378664	4	1685	20	131	0	
217	4361	12320529	221138491	4361640	4	1677	20	131	0	
218	4273	12212691	218069024	4273441	3	1665	19	123	0	
219	4254	12152230	216649170	4254876	3	1655	19	123	0	
220	4224	12084798	214668314	4224209	3	1641	18	122	0	
221	4189	12022302	212978538	4189925	2	1630	17	121	0	
222	4171	11977667	211616315	4171243	2	1621	16	120	0	
223	4160	11949533	210840049	4160544	2	1616	16	120	0	
224	4140	11892950	209392080	4140871	2	1606	16	120	0	
225	4118	11832726	207836129	4118635	2	1595	16	120	0	
226	4091	11753596	205778382	4091509	2	1581	16	120	0	
227	4069	11695643	204189590	4069727	2	1570	15	119	0	
228	4043	11645252	202996076	4043832	2	1562	15	118	0	
229	4031	11610269	202110058	4031512	2	1556	15	118	0	
230	3995	11544739	200120349	3995646	1	1542	14	117	0	
231	3976	11489586	198847882	3976806	1	1533	14	117	0	
232	3951	11424082	197151728	3951965	1	1521	13	116	0	
233	3926	11352082	195298525	3926691	1	1508	13	116	0	
234	3915	11321583	194443513	3915144	1	1502	13	116	0	
235	3903	11291072	193724755	3903158	1	1497	13	116	0	
236	3865	11208906	191475408	3865632	1	1483	12	114	0	
237	3842	11137467	189823861	3842048	1	1471	12	114	0	
238	3828	11103783	188935648	3828959	1	1465	12	114	0	
239	3803	11031168	186917665	3803233	1	1451	12	114	0	
240	3790	10993338	186020854	3790354	1	1445	12	114	0	
241	3784	10982383	185685678	3784862	1	1443	12	114	0	
242	3763	10914817	184295239	3763924	1	1433	12	114	0	
243	3751	10874967	183616670	3751109	1	1427	12	114	0	
244	3730	10810457	182381944	3730896	1	1417	12	114	0	
245	3683	10706493	180289968	3683199	0	1402	11	113	0	
246	3652	10609615	178626773	3652630	0	1389	11	113	0	
247	3645	10587870	178236755	3645532	0	1387	11	113	0	
248	3625	10524384	177013725	3625136	0	1377	11	113	0	
249	3603	10448226	175616536	3603665	0	1366	11	113	0	
250	3581	10371686	174352351	3581058	0	1356	11	113	0	
251	3556	10293951	172896829	3556479	0	1345	11	113	0	
252	3534	10215170	171554832	3534346	0	1334	11	113	0	
253	3527	10193465	171165357	3527753	0	1332	11	113	0	
254	3502	10113100	169653852	3502993	0	1320	11	113	0	
255	3482	10045638	168486512	3482662	0	1311	11	113	0	
256	3453	9950859	166642214	3453318	0	1297	11	113	0	
257	3425	9866003	164979667	3425507	0	1284	11	113	0	
258	3402	9787574	163637699	3402398	0	1274	11	113	0	
259	3395	9765894	163249430	3395673	0	1272	11	113	0	
260	3373	9689313	162002597	3373408	0	1262	11	113	0	
261	3354	9625408	160960686	3354850	0	1254	11	113	0	
262	3323	9538633	159242351	3323990	0	1242	11	112	0	
263	3298	9448679	157560156	3298065	0	1230	11	111	0	
264	3269	9356926	155915851	3269762	0	1217	11	111	0	
265	3263	9335281	155527140	3263318	0	1215	11	111	0	
266	3242	9260850	154169622	3242047	0	1205	11	111	0	
267	3225	9208220	153144035	3225554	0	1197	11	111	0	
268	3203	9131151	151837306	3203514	0	1187	11	111	0	
269	3177	9048374	150366982	3177804	0	1176	11	111	0	
270	3155	8971799	149063954	3155742	0	1166	11	111	0	
271	3149	8950195	148673089	3149296	0	1164	11	111	0	
272	3129	8880432	147476796	3129349	0	1155	11	111	0	
273	3101	8787680	145832912	3101295	0	1142	11	111	0	
274	3070	8685942	143945390	3070570	0	1128	11	111	0	
275	3046	8601405	142452921	3046371	0	1117	11	111	0	
276	3022	8517610	141008717	3022648	0	1106	11	111	0	
277	3016	8496033	140617312	3016829	0	1104	11	111	0	
278	2995	8418204	139320693	2995517	0	1094	11	111	0	
279	2988	8397136	138928121	2988338	0	1091	11	111	0	
280	2959	8302972	137197259	2959349	0	1078	11	111	0	
281	2933	8218088	135531492	2933253	0	1066	10	110	0	
282	2907	8126758	133903692	2907899	0	1054	10	110	0	
283	2892	8072642	132915803	2892282	0	1047	10	110	0	
284	2879	8027025	132171668	2879650	0	1042	10	110	0	
285	2861	7961865	130991613	2861064	0	1034	10	110	0	
286	2834	7874170	129543207	2834979	0	1022	10	110	0	
287	2813	7800603	128327073	2813460	0	1013	10	110	0	
288	2782	7700072	126571637	2782611	0	1000	10	110	0	
289	2768	7650440	125776044	2768369	0	994	10	110	0	
290	2753	7598264	125011971	2753890	0	989	10	110	0	
291	2737	7539363	124062983	2737940	0	982	10	110	0	
292	2712	7444990	122537806	2712355	0	970	10	110	0	
293	2689	7364638	121377452	2689736	0	961	10	110	0	
294	2627	7224202	118445518	2627158	0	946	9	106	0	
295	2610	7164281	117450711	2610456	0	939	9	106	0	
296	2597	7117935	116699668	2597782	0	934	9	106	0	
297	2575	7033466	115307634	2575381	0	924	9	106	0	
298	2554	6955918	114032257	2554420	0	915	9	106	0	
299	2526	6852646	112420199	2526163	0	903	9	106	0	
300	2501	6762928	110927945	2501622	0	892	9	106	0	
301	2483	6700093	109928650	2483896	0	885	9	106	0	
302	2466	6637970	108884571	2466929	0	878	9	106	0	
303	2446	6560780	107588674	2446137	0	869	9	106	0	
304	2423	6473532	106198314	2423893	0	859	9	106	0	
305	2398	6381890	104711509	2398756	0	848	9	106	0	
306	2373	6293433	103292596	2373895	0	838	9	106	0	
307	2288	6170622	100450669	2288768	0	829	8	98	0	
308	2277	6132634	99844595	2277966	0	825	8	98	0	
309	2171	5951651	96164095	2171849	0	809	5	87	0	
310	2150	5874237	94998811	2150916	0	800	5	87	0	
311	2130	5805437	93784893	2130479	0	791	5	87	0	
312	2015	5636582	90180582	2015395	0	778	4	78	0	
313	1966	5561462	88690286	1966369	0	772	3	73	0	
314	1954	5513465	87956823	1954004	0	767	3	73	0	
315	1559	5049177	77994754	1559283	0	753	1	30	0	
316	1534	4963150	76338107	1534470	0	739	1	30	0	
317	1502	4877805	74731473	1502085	0	725	1	27	0	
318	1460	4789285	72878434	1460727	0	712	1	25	0	
319	1446	4743329	72011265	1446914	0	704	1	25	0	
320	1438	4712097	71422561	1438038	0	699	1	25	0	
321	1414	4632266	70012728	1414775	0	687	1	25	0	
322	1408	4612257	69630779	1408253	0	683	1	25	0	
323	1384	4531320	68166240	1384261	0	670	1	25	0	
324	1367	4470224	67184539	1367647	0	661	1	25	0	
325	1345	4394734	65743997	1345202	0	648	1	25	0	
326	1340	4383816	65504734	1340878	0	646	1	25	0	
327	1325	4327915	64563683	1325200	0	637	1	25	0	
328	1301	4245790	63026094	1301400	0	623	1	25	0	
329	1279	4168028	61610930	1279402	0	610	1	25	0	
330	1223	4076840	60024161	1223661	0	601	1	21	0	
331	1154	3944676	57473653	1154480	0	588	1	16	0	
332	1148	3923380	57222239	1148739	0	586	1	16	0	
333	1136	3874365	56604629	1136111	0	579	1	16	0	
334	1104	3792197	55234769	1104985	0	566	1	15	0	
335	1081	3712321	53818905	1081594	0	552	1	15	0	
336	1049	3629661	52390963	1049725	0	539	1	14	0	
337	1033	3568588	51561009	1033848	0	530	1	14	0	
338	1028	3551577	51308409	1028835	0	528	1	14	0	
339	1008	3474547	50107133	1008052	0	516	1	14	0	
340	986	3394250	48944065	986741	0	504	1	14	0	
341	953	3307867	47432731	953612	0	490	1	13	0	
342	926	3207004	45980149	926264	0	476	1	13	0	
343	911	3150119	45174809	911495	0	467	1	13	0	
344	907	3133235	44926762	907096	0	465	1	13	0	
345	865	3052385	43441880	865940	0	454	1	10	0	
346	845	2977711	42413154	845202	0	443	1	10	0	
347	817	2905861	41243318	817082	0	431	1	9	0	
348	785	2813912	39653943	785980	0	417	1	8	0	
349	768	2747503	38708181	768050	0	407	1	8	0	
350	762	2730727	38463985	762632	0	405	1	8	0	
351	747	2673998	37662100	747329	0	396	1	8	0	
352	729	2605646	36746790	729259	0	386	1	8	0	
353	682	2516824	35068589	682815	0	374	1	5	0	
354	660	2435513	33898857	660948	0	362	1	5	0	
355	640	2355139	32729020	640371	0	350	1	5	0	
356	635	2338477	32488187	635874	0	348	1	5	0	
357	606	2265046	31266745	606781	0	338	0	2	0	
358	593	2213504	30520718	593409	0	330	0	2	0	
359	574	2141551	29473231	574761	0	319	0	2	0	
360	553	2060491	28220908	553049	0	306	0	2	0	
361	529	1973138	26872550	529602	0	293	0	2	0	
362	524	1956581	26636141	524359	0	291	0	2	0	
363	502	1873858	25369801	502266	0	278	0	2	0	
364	481	1794885	24224246	481230	0	266	0	2	0	
365	461	1724562	23187321	461219	0	255	0	2	0	
366	441	1648055	22107559	441164	0	244	0	2	0	
367	407	1559850	20672159	407610	0	232	0	0	0	
368	402	1543418	20442188	402918	0	230	0	0	0	
369	387	1489352	19678671	387675	0	221	0	0	0	
370	367	1414402	18582786	367022	0	209	0	0	0	
371	347	1339223	17498795	347270	0	198	0	0	0	
372	328	1266258	16388219	328041	0	186	0	0	0	
373	310	1199073	15370232	310034	0	175	0	0	0	
374	305	1182750	15145697	305454	0	173	0	0	0	
375	292	1131093	14485355	292551	0	165	0	0	0	
376	279	1080846	13802118	279000	0	157	0	0	0	
377	259	1007993	12788463	259292	0	146	0	0	0	
378	239	933952	11760178	239778	0	135	0	0	0	
379	223	873935	10953543	223992	0	126	0	0	0	
380	218	857723	10734740	218580	0	124	0	0	0	
381	206	812393	10164807	206685	0	117	0	0	0	
382	190	747663	9288807	190398	0	107	0	0	0	
383	174	686120	8484076	174073	0	98	0	0	0	
384	158	627356	7702407	158359	0	89	0	0	0	
385	143	566452	6885559	143220	0	80	0	0	0	
386	138	550363	6671790	138435	0	78	0	0	0	
387	121	481676	5717095	121040	0	67	0	0	0	
388	106	422746	5066381	106641	0	59	0	0	0	
389	90	355290	4170520	90379	0	49	0	0	0	
390	78	306835	3584119	78285	0	42	0	0	0	
391	64	253529	2918088	64968	0	34	0	0	0	
392	60	235400	2699257	60235	0	32	0	0	0	
393	47	186864	2137042	47879	0	25	0	0	0	
394	35	137840	1578799	35760	0	18	0	0	0	
395	27	101652	1167152	27007	0	13	0	0	0	
396	18	65955	762584	18587	0	8	0	0	0	
397	10	35596	407127	10374	0	4	0	0	0	
398	5	17596	199972	5600	0	2	0	0	0	
399	1	99	815	1137	0	0	0	0	0	
