#input	time	ios	pfs	timems	pbo	dbo	ibo	pbu	ndo	
346	185134	5294	29163861	185134409	0	0	0	0	0	
347	181931	5196	28634393	181932006	0	0	0	0	0	
348	178787	5098	28111691	178787998	0	0	0	0	0	
349	175212	5000	27548706	175212196	0	0	0	0	0	
350	171860	4902	26997638	171860349	0	0	0	0	0	
351	168498	4804	26450640	168499026	0	0	0	0	0	
352	165175	4706	25906418	165175916	0	0	0	0	0	
353	161903	4608	25368070	161903381	0	0	0	0	0	
354	158577	4510	24831090	158577677	0	0	0	0	0	
355	155281	4412	24294220	155281438	0	0	0	0	0	
356	152037	4314	23765324	152037585	0	0	0	0	0	
357	148827	4216	23239476	148827294	0	0	0	0	0	
358	145653	4118	22719499	145653250	0	0	0	0	0	
359	142499	4020	22198664	142499773	0	0	0	0	0	
360	139283	3922	21675515	139283835	0	0	0	0	0	
361	136073	3824	21149212	136073339	0	0	0	0	0	
362	132805	3726	20618498	132806057	0	0	0	0	0	
363	129214	3628	20044937	129214426	0	0	0	0	0	
364	125607	3530	19472534	125607494	0	0	0	0	0	
365	122097	3432	18909870	122097450	0	0	0	0	0	
366	118551	3334	18343196	118551720	0	0	0	0	0	
367	115016	3236	17781010	115016859	0	0	0	0	0	
368	111532	3138	17226969	111532768	0	0	0	0	0	
369	108101	3040	16680041	108101161	0	0	0	0	0	
370	104577	2942	16127361	104577145	0	0	0	0	0	
371	101044	2843	15571354	101044699	0	0	0	0	0	
372	97533	2745	15020617	97533481	0	0	0	0	0	
373	94055	2647	14474011	94055239	0	0	0	0	0	
374	90508	2549	13915664	90508204	0	0	0	0	0	
375	86831	2451	13365391	86832065	0	0	0	0	0	
376	83402	2353	12828713	83402702	0	0	0	0	0	
377	79892	2255	12283325	79893102	0	0	0	0	0	
378	76340	2157	11733500	76340205	0	0	0	0	0	
379	72761	2059	11182940	72761168	0	0	0	0	0	
380	69205	1961	10637211	69205824	0	0	0	0	0	
381	65472	1863	10068807	65472622	0	0	0	0	0	
382	61578	1765	9484339	61578514	0	0	0	0	0	
383	57721	1667	8898282	57721498	0	0	0	0	0	
384	53916	1569	8320882	53917049	0	0	0	0	0	
385	50116	1471	7744868	50116112	0	0	0	0	0	
386	46522	1373	7193161	46522555	0	0	0	0	0	
387	43202	1275	6671403	43202681	0	0	0	0	0	
388	39849	1177	6140604	39849655	0	0	0	0	0	
389	36450	1079	5603344	36451029	0	0	0	0	0	
390	33006	981	5062431	33006692	0	0	0	0	0	
391	29737	883	4554236	29737753	0	0	0	0	0	
392	26549	785	4055350	26549728	0	0	0	0	0	
393	23345	687	3552167	23345508	0	0	0	0	0	
394	20179	589	3052818	20179831	0	0	0	0	0	
395	16922	491	2544032	16922503	0	0	0	0	0	
396	13677	393	2036783	13677751	0	0	0	0	0	
397	10366	295	1528267	10366651	0	0	0	0	0	
398	7177	197	1038192	7177109	0	0	0	0	0	
399	3995	99	548212	3995702	0	0	0	0	0	
