#input	time	ios	pfs	timems	
64	1	4097	2	1147	
128	2	8197	4	2324	
192	3	12297	4	3450	
256	4	16398	4	4578	
320	5	20498	4	5797	
384	6	24598	4	6927	
448	8	28698	4	8087	
512	9	32799	4	9255	
576	10	36899	4	10440	
640	11	40999	5	11703	
704	12	45100	6	12888	
768	14	49200	6	14074	
832	15	53300	6	15262	
896	16	57400	6	16447	
960	17	61501	6	17735	
1024	18	65601	6	18920	
1088	20	69701	6	20106	
1152	21	73802	6	21291	
1216	22	77902	6	22477	
1280	23	82002	6	23754	
1344	24	86102	6	24942	
1408	26	90203	6	26128	
1472	27	94303	6	27313	
1536	28	98403	7	28501	
1600	29	102504	7	29778	
1664	30	106604	7	30966	
1728	32	110704	7	32151	
1792	33	114804	7	33337	
1856	34	118905	7	34523	
1920	35	123005	7	35794	
1984	36	127105	7	36980	
2048	38	131205	7	38165	
2112	39	135306	7	39352	
2176	40	139406	7	40538	
2240	41	143506	7	41907	
2304	43	147607	7	43099	
2368	44	151707	7	44443	
2432	45	155807	7	45631	
2496	46	159907	7	46817	
2560	48	164008	8	48085	
2624	49	168108	8	49273	
2688	50	172208	8	50459	
2752	51	176309	8	51644	
2816	52	180409	8	52832	
2880	54	184510	8	54101	
2944	55	188611	8	55287	
3008	56	192713	8	56472	
3072	57	196814	8	57657	
3136	58	200915	8	58845	
3200	60	205017	8	60122	
3264	61	209118	8	61308	
3328	62	213219	8	62496	
3392	63	217320	8	63688	
3456	64	221422	8	64874	
3520	66	225523	8	66151	
3584	67	229624	8	67338	
3648	68	233725	9	68525	
3712	69	237827	9	69711	
3776	70	241928	9	70899	
3840	72	246029	9	72192	
3904	73	250131	9	73381	
3968	74	254232	9	74566	
4032	75	258333	9	75752	
4096	76	262434	9	76937	
4160	78	266536	9	78214	
4224	79	270637	9	79402	
4288	80	274738	9	80596	
4352	81	278840	9	81782	
4416	82	282941	9	82969	
4480	84	287042	9	84272	
4544	85	291143	9	85457	
4608	86	295245	9	86644	
4672	87	299346	9	87830	
4736	89	303447	9	89015	
4800	90	307549	9	90293	
4864	91	311650	9	91478	
4928	92	315751	10	92667	
4992	93	319852	10	93852	
5056	95	323954	10	95037	
5120	96	328055	10	96309	
