#input	time	ios	pfs	timems	
64	1	344485	3	1911	
128	3	360873	6	3894	
192	5	377261	6	5832	
256	7	393650	6	7707	
320	9	410038	6	9582	
384	11	426426	6	11573	
448	13	442814	6	13609	
512	15	459203	6	15588	
576	17	475591	6	17598	
640	19	491979	6	19487	
704	21	508368	7	21376	
768	23	524756	7	23340	
832	25	541144	8	25228	
896	27	557532	8	27118	
960	29	573921	8	29010	
1024	31	590309	8	31174	
1088	33	606697	8	33064	
1152	35	623086	8	35052	
1216	36	639474	8	36942	
1280	38	655862	8	38832	
1344	40	672250	8	40895	
1408	42	688639	8	42786	
1472	44	705027	8	44676	
1536	46	721415	8	46646	
1600	48	737804	8	48538	
1664	50	754192	8	50429	
1728	52	770580	8	52393	
1792	54	786968	8	54285	
1856	56	803357	8	56229	
1920	58	819745	8	58161	
1984	60	836133	8	60098	
2048	61	852521	8	61991	
2112	63	868910	8	63884	
2176	65	885298	9	65860	
2240	67	901686	9	67755	
2304	69	918075	9	69757	
2368	71	934463	9	71649	
2432	73	950851	9	73542	
2496	75	967239	9	75501	
2560	77	983628	9	77394	
2624	79	1000016	9	79287	
2688	81	1016404	9	81256	
2752	83	1032793	9	83151	
2816	85	1049182	10	85043	
2880	86	1065571	10	86935	
2944	88	1081960	10	88915	
3008	90	1098350	10	90808	
3072	92	1114739	10	92804	
3136	94	1131128	10	94697	
3200	96	1147518	10	96589	
3264	98	1163907	10	98546	
3328	100	1180296	10	100440	
3392	102	1196685	10	102358	
3456	104	1213075	10	104324	
3520	106	1229464	10	106219	
3584	108	1245853	10	108114	
3648	110	1262242	10	110008	
3712	111	1278632	10	111964	
3776	113	1295021	10	113892	
3840	115	1311410	10	115863	
3904	117	1327800	10	117756	
3968	119	1344189	10	119650	
4032	121	1360578	10	121655	
4096	123	1376967	10	123548	
4160	125	1393357	10	125444	
4224	127	1409746	10	127422	
4288	129	1426135	10	129317	
4352	131	1442525	10	131213	
4416	133	1458914	10	133163	
4480	135	1475303	10	135099	
4544	136	1491692	10	136993	
4608	138	1508082	11	138888	
4672	140	1524471	11	140871	
4736	142	1540860	11	142764	
4800	144	1557250	11	144775	
4864	146	1573639	11	146669	
4928	148	1590028	11	148563	
4992	150	1606417	11	150570	
5056	152	1622807	11	152465	
5120	154	1639196	11	154359	
