#input	time	ios	pfs	timems	
64	1	240063	2	1126	
128	2	240067	4	2311	
192	3	240071	4	3438	
256	4	240076	4	4564	
320	5	240080	4	5766	
384	7	240084	4	7014	
448	8	240088	4	8165	
512	9	240093	4	9333	
576	10	240097	4	10519	
640	11	240101	4	11790	
704	12	240106	6	12976	
768	14	240110	6	14161	
832	15	240114	6	15349	
896	16	240118	6	16534	
960	17	240123	6	17811	
1024	18	240127	6	18999	
1088	20	240131	6	20184	
1152	21	240136	6	21370	
1216	22	240140	6	22555	
1280	23	240144	6	23833	
1344	25	240148	6	25021	
1408	26	240153	6	26231	
1472	27	240157	6	27425	
1536	28	240161	6	28613	
1600	29	240166	6	29891	
1664	31	240170	6	31075	
1728	32	240174	6	32314	
1792	33	240178	6	33516	
1856	34	240183	6	34701	
1920	36	240187	6	36064	
1984	37	240191	6	37249	
2048	38	240195	6	38435	
2112	39	240200	6	39623	
2176	40	240204	6	40808	
2240	42	240208	6	42069	
2304	43	240213	6	43261	
2368	44	240217	6	44446	
2432	45	240221	6	45635	
2496	46	240225	6	46820	
2560	48	240230	6	48089	
2624	49	240234	6	49277	
2688	50	240238	7	50462	
2752	51	240243	7	51648	
2816	52	240248	8	52860	
2880	54	240253	8	54130	
2944	55	240258	8	55315	
3008	56	240264	8	56501	
3072	57	240269	8	57686	
3136	58	240274	8	58881	
3200	60	240280	8	60168	
3264	61	240285	8	61353	
3328	62	240290	8	62541	
3392	63	240295	8	63733	
3456	64	240301	8	64918	
3520	66	240306	8	66196	
3584	67	240311	8	67491	
3648	68	240316	8	68679	
3712	69	240322	8	69864	
3776	71	240327	8	71052	
3840	72	240332	8	72330	
3904	73	240338	8	73517	
3968	74	240343	8	74703	
4032	75	240348	8	75888	
4096	77	240353	8	77074	
4160	78	240359	8	78401	
4224	79	240364	8	79586	
4288	80	240369	8	80775	
4352	81	240375	8	81960	
4416	83	240380	8	83148	
4480	84	240385	8	84417	
4544	85	240390	8	85603	
4608	86	240396	8	86790	
4672	87	240401	8	87975	
4736	89	240406	8	89161	
4800	90	240412	8	90430	
4864	91	240417	9	91616	
4928	92	240422	9	92801	
4992	93	240427	9	93997	
5056	95	240433	9	95182	
5120	96	240438	9	96453	
