#input	time	ios	pfs	timems	pbo	dbo	ibo	pbu	ndo	ars	
25	32	18249	0	32418	0	0	0	0	0	0	
50	48	22818	0	48519	0	0	0	0	0	0	
75	63	28688	0	63394	0	0	0	0	0	0	
100	71	32969	0	71589	0	0	0	0	0	0	
125	84	36913	0	84065	0	0	0	0	0	0	
150	92	39961	0	92397	0	0	0	0	0	0	
175	79	34020	0	79507	0	0	0	0	0	0	
200	78	32359	0	78645	0	0	0	0	0	0	
225	80	33606	0	80890	0	0	0	0	0	0	
250	86	35194	0	86913	0	0	0	0	0	0	
275	93	36727	0	93819	0	0	0	0	0	0	
300	99	38604	0	99388	0	0	0	0	0	0	
325	85	32540	0	85218	0	0	0	0	0	0	
350	91	34887	0	91681	0	0	0	0	0	0	
375	86	33671	0	86066	0	0	0	0	0	0	
400	79	31249	0	79024	0	0	0	0	0	0	
425	88	34220	0	88602	0	0	0	0	0	0	
450	94	36926	0	94467	0	0	0	0	0	0	
475	99	38214	0	99313	0	0	0	0	0	0	
500	97	37903	0	97633	0	0	0	0	0	0	
