#input	time	ios	pfs	timems	pbo	dbo	ibo	pbu	ndo	ars	
8	0	511	0	133	0	0	0	0	0	0	
16	0	1024	0	556	0	0	0	0	0	0	
24	0	1537	0	696	0	0	0	0	0	0	
32	0	2050	0	836	0	0	0	0	0	0	
40	0	2563	0	976	0	0	0	0	0	0	
48	1	3076	0	1118	0	0	0	0	0	0	
56	1	3589	0	1258	0	0	0	0	0	0	
64	1	4102	0	1398	0	0	0	0	0	0	
72	1	4615	0	1538	0	0	0	0	0	0	
80	1	5128	0	1678	0	0	0	0	0	0	
88	1	5641	0	1818	0	0	0	0	0	0	
96	1	6154	0	1958	0	0	0	0	0	0	
104	2	6667	0	2098	0	0	0	0	0	0	
112	2	7180	0	2238	0	0	0	0	0	0	
120	2	7693	0	2378	0	0	0	0	0	0	
128	2	8206	0	2518	0	0	0	0	0	0	
136	2	8719	0	2658	0	0	0	0	0	0	
144	2	9232	0	2798	0	0	0	0	0	0	
152	2	9745	0	2939	0	0	0	0	0	0	
160	3	10258	0	3081	0	0	0	0	0	0	
168	3	10771	0	3221	0	0	0	0	0	0	
176	3	11284	0	3362	0	0	0	0	0	0	
184	3	11797	0	3502	0	0	0	0	0	0	
192	3	12310	0	3642	0	0	0	0	0	0	
200	3	12823	0	3783	0	0	0	0	0	0	
208	3	13336	0	3924	0	0	0	0	0	0	
216	4	13849	0	4064	0	0	0	0	0	0	
224	4	14362	0	4204	0	0	0	0	0	0	
232	4	14875	0	4345	0	0	0	0	0	0	
240	4	15388	0	4485	0	0	0	0	0	0	
248	4	15901	0	4626	0	0	0	0	0	0	
256	4	16414	0	4766	0	0	0	0	0	0	
264	4	16927	0	4907	0	0	0	0	0	0	
272	5	17440	0	5049	0	0	0	0	0	0	
280	5	17953	0	5190	0	0	0	0	0	0	
288	5	18466	0	5331	0	0	0	0	0	0	
296	5	18979	0	5471	0	0	0	0	0	0	
304	5	19492	0	5612	0	0	0	0	0	0	
312	5	20005	0	5753	0	0	0	0	0	0	
320	5	20518	0	5894	0	0	0	0	0	0	
328	6	21031	0	6034	0	0	0	0	0	0	
336	6	21544	0	6174	0	0	0	0	0	0	
344	6	22057	0	6314	0	0	0	0	0	0	
352	6	22570	0	6455	0	0	0	0	0	0	
360	6	23083	0	6596	0	0	0	0	0	0	
368	6	23596	0	6736	0	0	0	0	0	0	
376	6	24109	0	6877	0	0	0	0	0	0	
384	7	24622	0	7018	0	0	0	0	0	0	
392	7	25135	0	7160	0	0	0	0	0	0	
400	7	25648	0	7301	0	0	0	0	0	0	
408	7	26161	0	7442	0	0	0	0	0	0	
416	7	26674	0	7582	0	0	0	0	0	0	
424	7	27187	0	7723	0	0	0	0	0	0	
432	7	27700	0	7864	0	0	0	0	0	0	
440	8	28213	0	8005	0	0	0	0	0	0	
448	8	28726	0	8145	0	0	0	0	0	0	
456	8	29239	0	8287	0	0	0	0	0	0	
464	8	29752	0	8428	0	0	0	0	0	0	
472	8	30265	0	8568	0	0	0	0	0	0	
480	8	30778	0	8709	0	0	0	0	0	0	
488	8	31291	0	8850	0	0	0	0	0	0	
496	8	31804	0	8990	0	0	0	0	0	0	
504	9	32317	0	9133	0	0	0	0	0	0	
512	9	32830	0	9274	0	0	0	0	0	0	
520	9	33343	0	9414	0	0	0	0	0	0	
528	9	33856	0	9554	0	0	0	0	0	0	
536	9	34369	0	9695	0	0	0	0	0	0	
544	9	34882	0	9836	0	0	0	0	0	0	
552	9	35395	0	9978	0	0	0	0	0	0	
560	10	35908	0	10119	0	0	0	0	0	0	
568	10	36421	0	10259	0	0	0	0	0	0	
576	10	36934	0	10400	0	0	0	0	0	0	
584	10	37447	0	10540	0	0	0	0	0	0	
592	10	37960	0	10681	0	0	0	0	0	0	
600	10	38473	0	10823	0	0	0	0	0	0	
608	10	38986	0	10963	0	0	0	0	0	0	
616	11	39499	0	11106	0	0	0	0	0	0	
624	11	40012	0	11247	0	0	0	0	0	0	
632	11	40525	0	11388	0	0	0	0	0	0	
640	11	41038	0	11528	0	0	0	0	0	0	
648	11	41551	0	11669	0	0	0	0	0	0	
656	11	42064	0	11810	0	0	0	0	0	0	
664	11	42577	0	11951	0	0	0	0	0	0	
672	12	43090	0	12092	0	0	0	0	0	0	
680	12	43603	0	12232	0	0	0	0	0	0	
688	12	44116	0	12373	0	0	0	0	0	0	
696	12	44629	0	12514	0	0	0	0	0	0	
704	12	45142	0	12655	0	0	0	0	0	0	
712	12	45655	0	12796	0	0	0	0	0	0	
720	12	46168	0	12938	0	0	0	0	0	0	
728	13	46681	0	13080	0	0	0	0	0	0	
736	13	47194	0	13221	0	0	0	0	0	0	
744	13	47707	0	13362	0	0	0	0	0	0	
752	13	48220	0	13504	0	0	0	0	0	0	
760	13	48733	0	13645	0	0	0	0	0	0	
768	13	49246	0	13786	0	0	0	0	0	0	
776	13	49759	0	13927	0	0	0	0	0	0	
784	14	50272	0	14068	0	0	0	0	0	0	
792	14	50785	0	14209	0	0	0	0	0	0	
800	14	51298	0	14350	0	0	0	0	0	0	
808	14	51811	0	14492	0	0	0	0	0	0	
816	14	52324	0	14633	0	0	0	0	0	0	
824	14	52837	0	14773	0	0	0	0	0	0	
832	14	53350	0	14915	0	0	0	0	0	0	
840	15	53863	0	15057	0	0	0	0	0	0	
848	15	54376	0	15200	0	0	0	0	0	0	
856	15	54889	0	15341	0	0	0	0	0	0	
864	15	55402	0	15482	0	0	0	0	0	0	
872	15	55915	0	15623	0	0	0	0	0	0	
880	15	56428	0	15764	0	0	0	0	0	0	
888	15	56941	0	15907	0	0	0	0	0	0	
896	16	57454	0	16049	0	0	0	0	0	0	
904	16	57967	0	16190	0	0	0	0	0	0	
912	16	58480	0	16331	0	0	0	0	0	0	
920	16	58993	0	16472	0	0	0	0	0	0	
928	16	59506	0	16613	0	0	0	0	0	0	
936	16	60019	0	16754	0	0	0	0	0	0	
944	16	60532	0	16896	0	0	0	0	0	0	
952	17	61045	0	17037	0	0	0	0	0	0	
960	17	61558	0	17180	0	0	0	0	0	0	
968	17	62071	0	17321	0	0	0	0	0	0	
976	17	62584	0	17462	0	0	0	0	0	0	
984	17	63097	0	17603	0	0	0	0	0	0	
992	17	63610	0	17744	0	0	0	0	0	0	
1000	17	64123	0	17887	0	0	0	0	0	0	
1008	18	64636	0	18028	0	0	0	0	0	0	
1016	18	65149	0	18169	0	0	0	0	0	0	
1024	18	65662	0	18310	0	0	0	0	0	0	
1032	18	66175	0	18451	0	0	0	0	0	0	
1040	18	66688	0	18592	0	0	0	0	0	0	
1048	18	67201	0	18734	0	0	0	0	0	0	
1056	18	67714	0	18876	0	0	0	0	0	0	
1064	19	68227	0	19017	0	0	0	0	0	0	
1072	19	68740	0	19160	0	0	0	0	0	0	
1080	19	69253	0	19301	0	0	0	0	0	0	
1088	19	69766	0	19442	0	0	0	0	0	0	
1096	19	70279	0	19583	0	0	0	0	0	0	
1104	19	70792	0	19725	0	0	0	0	0	0	
1112	19	71305	0	19866	0	0	0	0	0	0	
1120	20	71818	0	20009	0	0	0	0	0	0	
1128	20	72331	0	20150	0	0	0	0	0	0	
1136	20	72844	0	20291	0	0	0	0	0	0	
1144	20	73357	0	20433	0	0	0	0	0	0	
1152	20	73870	0	20574	0	0	0	0	0	0	
1160	20	74383	0	20716	0	0	0	0	0	0	
1168	20	74896	0	20857	0	0	0	0	0	0	
1176	20	75409	0	20999	0	0	0	0	0	0	
1184	21	75922	0	21141	0	0	0	0	0	0	
1192	21	76435	0	21283	0	0	0	0	0	0	
1200	21	76948	0	21424	0	0	0	0	0	0	
1208	21	77461	0	21566	0	0	0	0	0	0	
1216	21	77974	0	21707	0	0	0	0	0	0	
1224	21	78487	0	21849	0	0	0	0	0	0	
1232	21	79000	0	21990	0	0	0	0	0	0	
1240	22	79513	0	22132	0	0	0	0	0	0	
1248	22	80026	0	22273	0	0	0	0	0	0	
1256	22	80539	0	22415	0	0	0	0	0	0	
1264	22	81052	0	22556	0	0	0	0	0	0	
1272	22	81565	0	22698	0	0	0	0	0	0	
1280	22	82078	0	22839	0	0	0	0	0	0	
1288	22	82591	0	22981	0	0	0	0	0	0	
1296	23	83104	0	23124	0	0	0	0	0	0	
1304	23	83617	0	23266	0	0	0	0	0	0	
1312	23	84130	0	23407	0	0	0	0	0	0	
1320	23	84643	0	23549	0	0	0	0	0	0	
1328	23	85156	0	23690	0	0	0	0	0	0	
1336	23	85669	0	23832	0	0	0	0	0	0	
1344	23	86182	0	23973	0	0	0	0	0	0	
1352	24	86695	0	24115	0	0	0	0	0	0	
1360	24	87208	0	24257	0	0	0	0	0	0	
1368	24	87721	0	24399	0	0	0	0	0	0	
1376	24	88234	0	24540	0	0	0	0	0	0	
1384	24	88747	0	24682	0	0	0	0	0	0	
1392	24	89260	0	24823	0	0	0	0	0	0	
1400	24	89773	0	24967	0	0	0	0	0	0	
1408	25	90286	0	25110	0	0	0	0	0	0	
1416	25	90799	0	25252	0	0	0	0	0	0	
1424	25	91312	0	25393	0	0	0	0	0	0	
1432	25	91825	0	25535	0	0	0	0	0	0	
1440	25	92338	0	25677	0	0	0	0	0	0	
1448	25	92851	0	25819	0	0	0	0	0	0	
1456	25	93364	0	25960	0	0	0	0	0	0	
1464	26	93877	0	26102	0	0	0	0	0	0	
1472	26	94390	0	26243	0	0	0	0	0	0	
1480	26	94903	0	26385	0	0	0	0	0	0	
1488	26	95416	0	26526	0	0	0	0	0	0	
1496	26	95929	0	26668	0	0	0	0	0	0	
1504	26	96442	0	26810	0	0	0	0	0	0	
1512	26	96955	0	26952	0	0	0	0	0	0	
1520	27	97468	0	27094	0	0	0	0	0	0	
1528	27	97981	0	27237	0	0	0	0	0	0	
1536	27	98494	0	27379	0	0	0	0	0	0	
1544	27	99007	0	27520	0	0	0	0	0	0	
1552	27	99520	0	27663	0	0	0	0	0	0	
1560	27	100033	0	27805	0	0	0	0	0	0	
1568	27	100546	0	27946	0	0	0	0	0	0	
1576	28	101059	0	28088	0	0	0	0	0	0	
1584	28	101572	0	28230	0	0	0	0	0	0	
1592	28	102085	0	28372	0	0	0	0	0	0	
1600	28	102598	0	28514	0	0	0	0	0	0	
1608	28	103111	0	28656	0	0	0	0	0	0	
1616	28	103624	0	28798	0	0	0	0	0	0	
1624	28	104137	0	28940	0	0	0	0	0	0	
1632	29	104650	0	29081	0	0	0	0	0	0	
1640	29	105163	0	29224	0	0	0	0	0	0	
1648	29	105676	0	29366	0	0	0	0	0	0	
1656	29	106189	0	29509	0	0	0	0	0	0	
1664	29	106702	0	29650	0	0	0	0	0	0	
1672	29	107215	0	29792	0	0	0	0	0	0	
1680	29	107728	0	29935	0	0	0	0	0	0	
1688	30	108241	0	30077	0	0	0	0	0	0	
1696	30	108754	0	30219	0	0	0	0	0	0	
1704	30	109267	0	30362	0	0	0	0	0	0	
1712	30	109780	0	30504	0	0	0	0	0	0	
1720	30	110293	0	30646	0	0	0	0	0	0	
1728	30	110806	0	30788	0	0	0	0	0	0	
1736	30	111319	0	30931	0	0	0	0	0	0	
1744	31	111832	0	31073	0	0	0	0	0	0	
1752	31	112345	0	31218	0	0	0	0	0	0	
1760	31	112858	0	31360	0	0	0	0	0	0	
1768	31	113371	0	31502	0	0	0	0	0	0	
1776	31	113884	0	31644	0	0	0	0	0	0	
1784	31	114397	0	31787	0	0	0	0	0	0	
1792	31	114910	0	31929	0	0	0	0	0	0	
1800	32	115423	0	32071	0	0	0	0	0	0	
1808	32	115936	0	32213	0	0	0	0	0	0	
1816	32	116449	0	32356	0	0	0	0	0	0	
1824	32	116962	0	32498	0	0	0	0	0	0	
1832	32	117475	0	32640	0	0	0	0	0	0	
1840	32	117988	0	32782	0	0	0	0	0	0	
1848	32	118501	0	32926	0	0	0	0	0	0	
1856	33	119014	0	33069	0	0	0	0	0	0	
1864	33	119527	0	33213	0	0	0	0	0	0	
1872	33	120040	0	33355	0	0	0	0	0	0	
1880	33	120553	0	33497	0	0	0	0	0	0	
1888	33	121066	0	33639	0	0	0	0	0	0	
1896	33	121579	0	33781	0	0	0	0	0	0	
1904	33	122092	0	33924	0	0	0	0	0	0	
1912	34	122605	0	34066	0	0	0	0	0	0	
1920	34	123118	0	34208	0	0	0	0	0	0	
1928	34	123631	0	34350	0	0	0	0	0	0	
1936	34	124144	0	34492	0	0	0	0	0	0	
1944	34	124657	0	34634	0	0	0	0	0	0	
1952	34	125170	0	34777	0	0	0	0	0	0	
1960	34	125683	0	34920	0	0	0	0	0	0	
1968	35	126196	0	35063	0	0	0	0	0	0	
1976	35	126709	0	35207	0	0	0	0	0	0	
1984	35	127222	0	35348	0	0	0	0	0	0	
1992	35	127735	0	35491	0	0	0	0	0	0	
2000	35	128248	0	35633	0	0	0	0	0	0	
2008	35	128761	0	35776	0	0	0	0	0	0	
2016	35	129274	0	35918	0	0	0	0	0	0	
2024	36	129787	0	36060	0	0	0	0	0	0	
2032	36	130300	0	36202	0	0	0	0	0	0	
2040	36	130813	0	36345	0	0	0	0	0	0	
2048	36	131326	0	36487	0	0	0	0	0	0	
2056	36	131839	0	36629	0	0	0	0	0	0	
2064	36	132352	0	36772	0	0	0	0	0	0	
2072	36	132865	0	36915	0	0	0	0	0	0	
2080	37	133378	0	37057	0	0	0	0	0	0	
2088	37	133891	0	37201	0	0	0	0	0	0	
2096	37	134404	0	37343	0	0	0	0	0	0	
2104	37	134917	0	37486	0	0	0	0	0	0	
2112	37	135430	0	37628	0	0	0	0	0	0	
2120	37	135943	0	37770	0	0	0	0	0	0	
2128	37	136456	0	37913	0	0	0	0	0	0	
2136	38	136969	0	38055	0	0	0	0	0	0	
2144	38	137482	0	38198	0	0	0	0	0	0	
2152	38	137995	0	38341	0	0	0	0	0	0	
2160	38	138508	0	38483	0	0	0	0	0	0	
2168	38	139021	0	38625	0	0	0	0	0	0	
2176	38	139534	0	38767	0	0	0	0	0	0	
2184	38	140047	0	38911	0	0	0	0	0	0	
2192	39	140560	0	39053	0	0	0	0	0	0	
2200	39	141073	0	39198	0	0	0	0	0	0	
2208	39	141586	0	39340	0	0	0	0	0	0	
2216	39	142099	0	39483	0	0	0	0	0	0	
2224	39	142612	0	39625	0	0	0	0	0	0	
2232	39	143125	0	39767	0	0	0	0	0	0	
2240	39	143638	0	39910	0	0	0	0	0	0	
2248	40	144151	0	40054	0	0	0	0	0	0	
2256	40	144664	0	40197	0	0	0	0	0	0	
2264	40	145177	0	40339	0	0	0	0	0	0	
2272	40	145690	0	40482	0	0	0	0	0	0	
2280	40	146203	0	40625	0	0	0	0	0	0	
2288	40	146716	0	40767	0	0	0	0	0	0	
2296	40	147229	0	40910	0	0	0	0	0	0	
2304	41	147742	0	41053	0	0	0	0	0	0	
2312	41	148255	0	41198	0	0	0	0	0	0	
2320	41	148768	0	41340	0	0	0	0	0	0	
2328	41	149281	0	41483	0	0	0	0	0	0	
2336	41	149794	0	41625	0	0	0	0	0	0	
2344	41	150307	0	41768	0	0	0	0	0	0	
2352	41	150820	0	41911	0	0	0	0	0	0	
2360	42	151333	0	42054	0	0	0	0	0	0	
2368	42	151846	0	42196	0	0	0	0	0	0	
2376	42	152359	0	42339	0	0	0	0	0	0	
2384	42	152872	0	42482	0	0	0	0	0	0	
2392	42	153385	0	42624	0	0	0	0	0	0	
2400	42	153898	0	42767	0	0	0	0	0	0	
2408	42	154411	0	42911	0	0	0	0	0	0	
2416	43	154924	0	43053	0	0	0	0	0	0	
2424	43	155437	0	43197	0	0	0	0	0	0	
2432	43	155950	0	43340	0	0	0	0	0	0	
2440	43	156463	0	43483	0	0	0	0	0	0	
2448	43	156976	0	43625	0	0	0	0	0	0	
2456	43	157489	0	43769	0	0	0	0	0	0	
2464	43	158002	0	43912	0	0	0	0	0	0	
2472	44	158515	0	44054	0	0	0	0	0	0	
2480	44	159028	0	44197	0	0	0	0	0	0	
2488	44	159541	0	44340	0	0	0	0	0	0	
2496	44	160054	0	44483	0	0	0	0	0	0	
2504	44	160567	0	44626	0	0	0	0	0	0	
2512	44	161080	0	44768	0	0	0	0	0	0	
2520	44	161593	0	44912	0	0	0	0	0	0	
2528	45	162106	0	45055	0	0	0	0	0	0	
2536	45	162619	0	45200	0	0	0	0	0	0	
2544	45	163132	0	45343	0	0	0	0	0	0	
2552	45	163645	0	45486	0	0	0	0	0	0	
2560	45	164158	0	45629	0	0	0	0	0	0	
2568	45	164671	0	45772	0	0	0	0	0	0	
2576	45	165184	0	45915	0	0	0	0	0	0	
2584	46	165697	0	46058	0	0	0	0	0	0	
2592	46	166210	0	46201	0	0	0	0	0	0	
2600	46	166723	0	46344	0	0	0	0	0	0	
2608	46	167236	0	46487	0	0	0	0	0	0	
2616	46	167749	0	46630	0	0	0	0	0	0	
2624	46	168262	0	46772	0	0	0	0	0	0	
2632	46	168775	0	46916	0	0	0	0	0	0	
2640	47	169288	0	47059	0	0	0	0	0	0	
2648	47	169801	0	47203	0	0	0	0	0	0	
2656	47	170314	0	47347	0	0	0	0	0	0	
2664	47	170827	0	47490	0	0	0	0	0	0	
2672	47	171340	0	47633	0	0	0	0	0	0	
2680	47	171853	0	47776	0	0	0	0	0	0	
2688	47	172366	0	47919	0	0	0	0	0	0	
2696	48	172879	0	48063	0	0	0	0	0	0	
2704	48	173392	0	48207	0	0	0	0	0	0	
2712	48	173905	0	48350	0	0	0	0	0	0	
2720	48	174418	0	48493	0	0	0	0	0	0	
2728	48	174931	0	48637	0	0	0	0	0	0	
2736	48	175444	0	48780	0	0	0	0	0	0	
2744	48	175957	0	48923	0	0	0	0	0	0	
2752	49	176470	0	49067	0	0	0	0	0	0	
2760	49	176983	0	49211	0	0	0	0	0	0	
2768	49	177496	0	49354	0	0	0	0	0	0	
2776	49	178009	0	49497	0	0	0	0	0	0	
2784	49	178522	0	49640	0	0	0	0	0	0	
2792	49	179035	0	49784	0	0	0	0	0	0	
2800	49	179548	0	49928	0	0	0	0	0	0	
2808	50	180061	0	50071	0	0	0	0	0	0	
2816	50	180574	0	50214	0	0	0	0	0	0	
2824	50	181087	0	50357	0	0	0	0	0	0	
2832	50	181600	0	50501	0	0	0	0	0	0	
2840	50	182113	0	50644	0	0	0	0	0	0	
2848	50	182626	0	50787	0	0	0	0	0	0	
2856	50	183139	0	50931	0	0	0	0	0	0	
2864	51	183652	0	51074	0	0	0	0	0	0	
2872	51	184165	0	51219	0	0	0	0	0	0	
2880	51	184678	0	51362	0	0	0	0	0	0	
2888	51	185191	0	51506	0	0	0	0	0	0	
2896	51	185704	0	51649	0	0	0	0	0	0	
2904	51	186217	0	51793	0	0	0	0	0	0	
2912	51	186730	0	51936	0	0	0	0	0	0	
2920	52	187243	0	52079	0	0	0	0	0	0	
2928	52	187756	0	52223	0	0	0	0	0	0	
2936	52	188269	0	52366	0	0	0	0	0	0	
2944	52	188782	0	52509	0	0	0	0	0	0	
2952	52	189295	0	52653	0	0	0	0	0	0	
2960	52	189808	0	52796	0	0	0	0	0	0	
2968	52	190321	0	52940	0	0	0	0	0	0	
2976	53	190834	0	53084	0	0	0	0	0	0	
2984	53	191347	0	53229	0	0	0	0	0	0	
2992	53	191860	0	53372	0	0	0	0	0	0	
3000	53	192373	0	53516	0	0	0	0	0	0	
3008	53	192886	0	53659	0	0	0	0	0	0	
3016	53	193399	0	53803	0	0	0	0	0	0	
3024	53	193912	0	53946	0	0	0	0	0	0	
3032	54	194425	0	54090	0	0	0	0	0	0	
3040	54	194938	0	54233	0	0	0	0	0	0	
3048	54	195451	0	54377	0	0	0	0	0	0	
3056	54	195964	0	54521	0	0	0	0	0	0	
3064	54	196477	0	54664	0	0	0	0	0	0	
3072	54	196990	0	54808	0	0	0	0	0	0	
3080	54	197503	0	54952	0	0	0	0	0	0	
3088	55	198016	0	55096	0	0	0	0	0	0	
3096	55	198529	0	55241	0	0	0	0	0	0	
3104	55	199042	0	55385	0	0	0	0	0	0	
3112	55	199555	0	55528	0	0	0	0	0	0	
3120	55	200068	0	55671	0	0	0	0	0	0	
3128	55	200581	0	55815	0	0	0	0	0	0	
3136	55	201094	0	55959	0	0	0	0	0	0	
3144	56	201607	0	56102	0	0	0	0	0	0	
3152	56	202120	0	56246	0	0	0	0	0	0	
3160	56	202633	0	56390	0	0	0	0	0	0	
3168	56	203146	0	56534	0	0	0	0	0	0	
3176	56	203659	0	56677	0	0	0	0	0	0	
3184	56	204172	0	56821	0	0	0	0	0	0	
3192	56	204685	0	56965	0	0	0	0	0	0	
3200	57	205198	0	57109	0	0	0	0	0	0	
3208	57	205711	0	57254	0	0	0	0	0	0	
3216	57	206224	0	57397	0	0	0	0	0	0	
3224	57	206737	0	57541	0	0	0	0	0	0	
3232	57	207250	0	57685	0	0	0	0	0	0	
3240	57	207763	0	57829	0	0	0	0	0	0	
3248	57	208276	0	57972	0	0	0	0	0	0	
3256	58	208789	0	58116	0	0	0	0	0	0	
3264	58	209302	0	58260	0	0	0	0	0	0	
3272	58	209815	0	58404	0	0	0	0	0	0	
3280	58	210328	0	58548	0	0	0	0	0	0	
3288	58	210841	0	58691	0	0	0	0	0	0	
3296	58	211354	0	58835	0	0	0	0	0	0	
3304	58	211867	0	58979	0	0	0	0	0	0	
3312	59	212380	0	59123	0	0	0	0	0	0	
3320	59	212893	0	59268	0	0	0	0	0	0	
3328	59	213406	0	59412	0	0	0	0	0	0	
3336	59	213919	0	59556	0	0	0	0	0	0	
3344	59	214432	0	59700	0	0	0	0	0	0	
3352	59	214945	0	59845	0	0	0	0	0	0	
3360	59	215458	0	59989	0	0	0	0	0	0	
3368	60	215971	0	60133	0	0	0	0	0	0	
3376	60	216484	0	60277	0	0	0	0	0	0	
3384	60	216997	0	60421	0	0	0	0	0	0	
3392	60	217510	0	60564	0	0	0	0	0	0	
3400	60	218023	0	60708	0	0	0	0	0	0	
3408	60	218536	0	60852	0	0	0	0	0	0	
3416	60	219049	0	60996	0	0	0	0	0	0	
3424	61	219562	0	61140	0	0	0	0	0	0	
3432	61	220075	0	61286	0	0	0	0	0	0	
3440	61	220588	0	61430	0	0	0	0	0	0	
3448	61	221101	0	61575	0	0	0	0	0	0	
3456	61	221614	0	61719	0	0	0	0	0	0	
3464	61	222127	0	61864	0	0	0	0	0	0	
3472	62	222640	0	62008	0	0	0	0	0	0	
3480	62	223153	0	62152	0	0	0	0	0	0	
3488	62	223666	0	62296	0	0	0	0	0	0	
3496	62	224179	0	62440	0	0	0	0	0	0	
3504	62	224692	0	62585	0	0	0	0	0	0	
3512	62	225205	0	62729	0	0	0	0	0	0	
3520	62	225718	0	62873	0	0	0	0	0	0	
3528	63	226231	0	63017	0	0	0	0	0	0	
3536	63	226744	0	63161	0	0	0	0	0	0	
3544	63	227257	0	63306	0	0	0	0	0	0	
3552	63	227770	0	63451	0	0	0	0	0	0	
3560	63	228283	0	63595	0	0	0	0	0	0	
3568	63	228796	0	63738	0	0	0	0	0	0	
3576	63	229309	0	63883	0	0	0	0	0	0	
3584	64	229822	0	64026	0	0	0	0	0	0	
3592	64	230335	0	64170	0	0	0	0	0	0	
3600	64	230848	0	64314	0	0	0	0	0	0	
3608	64	231361	0	64458	0	0	0	0	0	0	
3616	64	231874	0	64602	0	0	0	0	0	0	
3624	64	232387	0	64747	0	0	0	0	0	0	
3632	64	232900	0	64891	0	0	0	0	0	0	
3640	65	233413	0	65036	0	0	0	0	0	0	
3648	65	233926	0	65182	0	0	0	0	0	0	
3656	65	234439	0	65326	0	0	0	0	0	0	
3664	65	234952	0	65470	0	0	0	0	0	0	
3672	65	235465	0	65614	0	0	0	0	0	0	
3680	65	235978	0	65758	0	0	0	0	0	0	
3688	65	236491	0	65903	0	0	0	0	0	0	
3696	66	237004	0	66047	0	0	0	0	0	0	
3704	66	237517	0	66191	0	0	0	0	0	0	
3712	66	238030	0	66335	0	0	0	0	0	0	
3720	66	238543	0	66479	0	0	0	0	0	0	
3728	66	239056	0	66623	0	0	0	0	0	0	
3736	66	239569	0	66767	0	0	0	0	0	0	
3744	66	240082	0	66911	0	0	0	0	0	0	
3752	67	240595	0	67056	0	0	0	0	0	0	
3760	67	241108	0	67202	0	0	0	0	0	0	
3768	67	241621	0	67347	0	0	0	0	0	0	
3776	67	242134	0	67491	0	0	0	0	0	0	
3784	67	242647	0	67635	0	0	0	0	0	0	
3792	67	243160	0	67780	0	0	0	0	0	0	
3800	67	243673	0	67925	0	0	0	0	0	0	
3808	68	244186	0	68069	0	0	0	0	0	0	
3816	68	244699	0	68214	0	0	0	0	0	0	
3824	68	245212	0	68359	0	0	0	0	0	0	
3832	68	245725	0	68503	0	0	0	0	0	0	
3840	68	246238	0	68647	0	0	0	0	0	0	
3848	68	246751	0	68792	0	0	0	0	0	0	
3856	68	247264	0	68937	0	0	0	0	0	0	
3864	69	247777	0	69081	0	0	0	0	0	0	
3872	69	248290	0	69227	0	0	0	0	0	0	
3880	69	248803	0	69372	0	0	0	0	0	0	
3888	69	249316	0	69517	0	0	0	0	0	0	
3896	69	249829	0	69661	0	0	0	0	0	0	
3904	69	250342	0	69807	0	0	0	0	0	0	
3912	69	250855	0	69952	0	0	0	0	0	0	
3920	70	251368	0	70097	0	0	0	0	0	0	
3928	70	251881	0	70241	0	0	0	0	0	0	
3936	70	252394	0	70385	0	0	0	0	0	0	
3944	70	252907	0	70530	0	0	0	0	0	0	
3952	70	253420	0	70675	0	0	0	0	0	0	
3960	70	253933	0	70820	0	0	0	0	0	0	
3968	70	254446	0	70964	0	0	0	0	0	0	
3976	71	254959	0	71109	0	0	0	0	0	0	
3984	71	255472	0	71255	0	0	0	0	0	0	
3992	71	255985	0	71399	0	0	0	0	0	0	
4000	71	256498	0	71544	0	0	0	0	0	0	
4008	71	257011	0	71689	0	0	0	0	0	0	
4016	71	257524	0	71834	0	0	0	0	0	0	
4024	71	258037	0	71979	0	0	0	0	0	0	
4032	72	258550	0	72123	0	0	0	0	0	0	
4040	72	259063	0	72268	0	0	0	0	0	0	
4048	72	259576	0	72413	0	0	0	0	0	0	
4056	72	260089	0	72558	0	0	0	0	0	0	
4064	72	260602	0	72703	0	0	0	0	0	0	
4072	72	261115	0	72847	0	0	0	0	0	0	
4080	72	261628	0	72992	0	0	0	0	0	0	
4088	73	262141	0	73137	0	0	0	0	0	0	
4096	73	262654	0	73283	0	0	0	0	0	0	
4104	73	263167	0	73428	0	0	0	0	0	0	
4112	73	263680	0	73573	0	0	0	0	0	0	
4120	73	264193	0	73717	0	0	0	0	0	0	
4128	73	264706	0	73862	0	0	0	0	0	0	
4136	74	265219	0	74007	0	0	0	0	0	0	
4144	74	265732	0	74152	0	0	0	0	0	0	
4152	74	266245	0	74297	0	0	0	0	0	0	
4160	74	266758	0	74442	0	0	0	0	0	0	
4168	74	267271	0	74586	0	0	0	0	0	0	
4176	74	267784	0	74731	0	0	0	0	0	0	
4184	74	268297	0	74876	0	0	0	0	0	0	
4192	75	268810	0	75022	0	0	0	0	0	0	
4200	75	269323	0	75167	0	0	0	0	0	0	
4208	75	269836	0	75313	0	0	0	0	0	0	
4216	75	270349	0	75458	0	0	0	0	0	0	
4224	75	270862	0	75603	0	0	0	0	0	0	
4232	75	271375	0	75748	0	0	0	0	0	0	
4240	75	271888	0	75893	0	0	0	0	0	0	
4248	76	272401	0	76038	0	0	0	0	0	0	
4256	76	272914	0	76183	0	0	0	0	0	0	
4264	76	273427	0	76328	0	0	0	0	0	0	
4272	76	273940	0	76472	0	0	0	0	0	0	
4280	76	274453	0	76617	0	0	0	0	0	0	
4288	76	274966	0	76762	0	0	0	0	0	0	
4296	76	275479	0	76907	0	0	0	0	0	0	
4304	77	275992	0	77052	0	0	0	0	0	0	
4312	77	276505	0	77199	0	0	0	0	0	0	
4320	77	277018	0	77344	0	0	0	0	0	0	
4328	77	277531	0	77489	0	0	0	0	0	0	
4336	77	278044	0	77634	0	0	0	0	0	0	
4344	77	278557	0	77779	0	0	0	0	0	0	
4352	77	279070	0	77924	0	0	0	0	0	0	
4360	78	279583	0	78069	0	0	0	0	0	0	
4368	78	280096	0	78214	0	0	0	0	0	0	
4376	78	280609	0	78360	0	0	0	0	0	0	
4384	78	281122	0	78504	0	0	0	0	0	0	
4392	78	281635	0	78649	0	0	0	0	0	0	
4400	78	282148	0	78794	0	0	0	0	0	0	
4408	78	282661	0	78940	0	0	0	0	0	0	
4416	79	283174	0	79085	0	0	0	0	0	0	
4424	79	283687	0	79231	0	0	0	0	0	0	
4432	79	284200	0	79376	0	0	0	0	0	0	
4440	79	284713	0	79521	0	0	0	0	0	0	
4448	79	285226	0	79666	0	0	0	0	0	0	
4456	79	285739	0	79812	0	0	0	0	0	0	
4464	79	286252	0	79958	0	0	0	0	0	0	
4472	80	286765	0	80104	0	0	0	0	0	0	
4480	80	287278	0	80249	0	0	0	0	0	0	
4488	80	287791	0	80395	0	0	0	0	0	0	
4496	80	288304	0	80540	0	0	0	0	0	0	
4504	80	288817	0	80687	0	0	0	0	0	0	
4512	80	289330	0	80832	0	0	0	0	0	0	
4520	80	289843	0	80978	0	0	0	0	0	0	
4528	81	290356	0	81123	0	0	0	0	0	0	
4536	81	290869	0	81270	0	0	0	0	0	0	
4544	81	291382	0	81415	0	0	0	0	0	0	
4552	81	291895	0	81560	0	0	0	0	0	0	
4560	81	292408	0	81706	0	0	0	0	0	0	
4568	81	292921	0	81852	0	0	0	0	0	0	
4576	81	293434	0	81997	0	0	0	0	0	0	
4584	82	293947	0	82142	0	0	0	0	0	0	
4592	82	294460	0	82288	0	0	0	0	0	0	
4600	82	294973	0	82433	0	0	0	0	0	0	
4608	82	295486	0	82579	0	0	0	0	0	0	
4616	82	295999	0	82724	0	0	0	0	0	0	
4624	82	296512	0	82869	0	0	0	0	0	0	
4632	83	297025	0	83015	0	0	0	0	0	0	
4640	83	297538	0	83160	0	0	0	0	0	0	
4648	83	298051	0	83307	0	0	0	0	0	0	
4656	83	298564	0	83452	0	0	0	0	0	0	
4664	83	299077	0	83598	0	0	0	0	0	0	
4672	83	299590	0	83743	0	0	0	0	0	0	
4680	83	300103	0	83889	0	0	0	0	0	0	
4688	84	300616	0	84034	0	0	0	0	0	0	
4696	84	301129	0	84179	0	0	0	0	0	0	
4704	84	301642	0	84325	0	0	0	0	0	0	
4712	84	302155	0	84470	0	0	0	0	0	0	
4720	84	302668	0	84616	0	0	0	0	0	0	
4728	84	303181	0	84762	0	0	0	0	0	0	
4736	84	303694	0	84908	0	0	0	0	0	0	
4744	85	304207	0	85054	0	0	0	0	0	0	
4752	85	304720	0	85200	0	0	0	0	0	0	
4760	85	305233	0	85347	0	0	0	0	0	0	
4768	85	305746	0	85492	0	0	0	0	0	0	
4776	85	306259	0	85638	0	0	0	0	0	0	
4784	85	306772	0	85783	0	0	0	0	0	0	
4792	85	307285	0	85929	0	0	0	0	0	0	
4800	86	307798	0	86075	0	0	0	0	0	0	
4808	86	308311	0	86220	0	0	0	0	0	0	
4816	86	308824	0	86365	0	0	0	0	0	0	
4824	86	309337	0	86511	0	0	0	0	0	0	
4832	86	309850	0	86656	0	0	0	0	0	0	
4840	86	310363	0	86802	0	0	0	0	0	0	
4848	86	310876	0	86947	0	0	0	0	0	0	
4856	87	311389	0	87093	0	0	0	0	0	0	
4864	87	311902	0	87240	0	0	0	0	0	0	
4872	87	312415	0	87386	0	0	0	0	0	0	
4880	87	312928	0	87531	0	0	0	0	0	0	
4888	87	313441	0	87677	0	0	0	0	0	0	
4896	87	313954	0	87823	0	0	0	0	0	0	
4904	87	314467	0	87969	0	0	0	0	0	0	
4912	88	314980	0	88114	0	0	0	0	0	0	
4920	88	315493	0	88261	0	0	0	0	0	0	
4928	88	316006	0	88407	0	0	0	0	0	0	
4936	88	316519	0	88552	0	0	0	0	0	0	
4944	88	317032	0	88698	0	0	0	0	0	0	
4952	88	317545	0	88844	0	0	0	0	0	0	
4960	88	318058	0	88989	0	0	0	0	0	0	
4968	89	318571	0	89135	0	0	0	0	0	0	
4976	89	319084	0	89283	0	0	0	0	0	0	
4984	89	319597	0	89428	0	0	0	0	0	0	
4992	89	320110	0	89574	0	0	0	0	0	0	
5000	89	320623	0	89720	0	0	0	0	0	0	
5008	89	321136	0	89866	0	0	0	0	0	0	
5016	90	321649	0	90013	0	0	0	0	0	0	
5024	90	322162	0	90159	0	0	0	0	0	0	
5032	90	322675	0	90304	0	0	0	0	0	0	
5040	90	323188	0	90450	0	0	0	0	0	0	
5048	90	323701	0	90595	0	0	0	0	0	0	
5056	90	324214	0	90742	0	0	0	0	0	0	
5064	90	324727	0	90888	0	0	0	0	0	0	
5072	91	325240	0	91033	0	0	0	0	0	0	
5080	91	325753	0	91179	0	0	0	0	0	0	
5088	91	326266	0	91327	0	0	0	0	0	0	
5096	91	326779	0	91473	0	0	0	0	0	0	
5104	91	327292	0	91619	0	0	0	0	0	0	
5112	91	327805	0	91765	0	0	0	0	0	0	
5120	91	328318	0	91910	0	0	0	0	0	0	
