#input	time	ios	pfs	timems	pbo	dbo	ibo	pbu	ndo	ars	
8	0	0	0	231	0	0	0	0	0	0	
16	0	0	0	762	0	0	0	0	0	0	
24	0	0	0	999	0	0	0	0	0	0	
32	1	0	0	1237	0	0	0	0	0	0	
40	1	0	0	1478	0	0	0	0	0	0	
48	1	0	0	1715	0	0	0	0	0	0	
56	1	0	0	1954	0	0	0	0	0	0	
64	2	0	0	2192	0	0	0	0	0	0	
72	2	0	0	2429	0	0	0	0	0	0	
80	2	0	0	2666	0	0	0	0	0	0	
88	2	0	0	2905	0	0	0	0	0	0	
96	3	0	0	3143	0	0	0	0	0	0	
104	3	0	0	3382	0	0	0	0	0	0	
112	3	0	0	3621	0	0	0	0	0	0	
120	3	0	0	3859	0	0	0	0	0	0	
128	4	0	0	4097	0	0	0	0	0	0	
136	4	0	0	4335	0	0	0	0	0	0	
144	4	0	0	4573	0	0	0	0	0	0	
152	4	0	0	4812	0	0	0	0	0	0	
160	5	0	0	5051	0	0	0	0	0	0	
168	5	0	0	5288	0	0	0	0	0	0	
176	5	0	0	5528	0	0	0	0	0	0	
184	5	0	0	5765	0	0	0	0	0	0	
192	6	0	0	6006	0	0	0	0	0	0	
200	6	0	0	6244	0	0	0	0	0	0	
208	6	0	0	6481	0	0	0	0	0	0	
216	6	0	0	6719	0	0	0	0	0	0	
224	6	0	0	6957	0	0	0	0	0	0	
232	7	0	0	7199	0	0	0	0	0	0	
240	7	0	0	7439	0	0	0	0	0	0	
248	7	0	0	7679	0	0	0	0	0	0	
256	7	0	0	7918	0	0	0	0	0	0	
264	8	0	0	8160	0	0	0	0	0	0	
272	8	0	0	8398	0	0	0	0	0	0	
280	8	0	0	8636	0	0	0	0	0	0	
288	8	0	0	8874	0	0	0	0	0	0	
296	9	0	0	9113	0	0	0	0	0	0	
304	9	0	0	9351	0	0	0	0	0	0	
312	9	0	0	9591	0	0	0	0	0	0	
320	9	0	0	9828	0	0	0	0	0	0	
328	10	0	0	10068	0	0	0	0	0	0	
336	10	0	0	10306	0	0	0	0	0	0	
344	10	0	0	10543	0	0	0	0	0	0	
352	10	0	0	10781	0	0	0	0	0	0	
360	11	0	0	11021	0	0	0	0	0	0	
368	11	0	0	11259	0	0	0	0	0	0	
376	11	0	0	11499	0	0	0	0	0	0	
384	11	0	0	11737	0	0	0	0	0	0	
392	11	0	0	11978	0	0	0	0	0	0	
400	12	0	0	12217	0	0	0	0	0	0	
408	12	0	0	12455	0	0	0	0	0	0	
416	12	0	0	12694	0	0	0	0	0	0	
424	12	0	0	12933	0	0	0	0	0	0	
432	13	0	0	13173	0	0	0	0	0	0	
440	13	0	0	13411	0	0	0	0	0	0	
448	13	0	0	13653	0	0	0	0	0	0	
456	13	0	0	13895	0	0	0	0	0	0	
464	14	0	0	14133	0	0	0	0	0	0	
472	14	0	0	14371	0	0	0	0	0	0	
480	14	0	0	14610	0	0	0	0	0	0	
488	14	0	0	14847	0	0	0	0	0	0	
496	15	0	0	15086	0	0	0	0	0	0	
504	15	0	0	15326	0	0	0	0	0	0	
512	15	0	0	15566	0	0	0	0	0	0	
520	15	0	0	15803	0	0	0	0	0	0	
528	16	0	0	16041	0	0	0	0	0	0	
536	16	0	0	16280	0	0	0	0	0	0	
544	16	0	0	16517	0	0	0	0	0	0	
552	16	0	0	16756	0	0	0	0	0	0	
560	16	0	0	16994	0	0	0	0	0	0	
568	17	0	0	17232	0	0	0	0	0	0	
576	17	0	0	17472	0	0	0	0	0	0	
584	17	0	0	17714	0	0	0	0	0	0	
592	17	0	0	17953	0	0	0	0	0	0	
600	18	0	0	18193	0	0	0	0	0	0	
608	18	0	0	18433	0	0	0	0	0	0	
616	18	0	0	18674	0	0	0	0	0	0	
624	18	0	0	18914	0	0	0	0	0	0	
632	19	0	0	19153	0	0	0	0	0	0	
640	19	0	0	19391	0	0	0	0	0	0	
648	19	0	0	19631	0	0	0	0	0	0	
656	19	0	0	19871	0	0	0	0	0	0	
664	20	0	0	20110	0	0	0	0	0	0	
672	20	0	0	20349	0	0	0	0	0	0	
680	20	0	0	20587	0	0	0	0	0	0	
688	20	0	0	20825	0	0	0	0	0	0	
696	21	0	0	21064	0	0	0	0	0	0	
704	21	0	0	21303	0	0	0	0	0	0	
712	21	0	0	21542	0	0	0	0	0	0	
720	21	0	0	21781	0	0	0	0	0	0	
728	22	0	0	22022	0	0	0	0	0	0	
736	22	0	0	22261	0	0	0	0	0	0	
744	22	0	0	22500	0	0	0	0	0	0	
752	22	0	0	22738	0	0	0	0	0	0	
760	22	0	0	22977	0	0	0	0	0	0	
768	23	0	0	23216	0	0	0	0	0	0	
776	23	0	0	23455	0	0	0	0	0	0	
784	23	0	0	23694	0	0	0	0	0	0	
792	23	0	0	23933	0	0	0	0	0	0	
800	24	0	0	24172	0	0	0	0	0	0	
808	24	0	0	24413	0	0	0	0	0	0	
816	24	0	0	24652	0	0	0	0	0	0	
824	24	0	0	24894	0	0	0	0	0	0	
832	25	0	0	25134	0	0	0	0	0	0	
840	25	0	0	25373	0	0	0	0	0	0	
848	25	0	0	25613	0	0	0	0	0	0	
856	25	0	0	25853	0	0	0	0	0	0	
864	26	0	0	26092	0	0	0	0	0	0	
872	26	0	0	26333	0	0	0	0	0	0	
880	26	0	0	26573	0	0	0	0	0	0	
888	26	0	0	26813	0	0	0	0	0	0	
896	27	0	0	27052	0	0	0	0	0	0	
904	27	0	0	27294	0	0	0	0	0	0	
912	27	0	0	27534	0	0	0	0	0	0	
920	27	0	0	27776	0	0	0	0	0	0	
928	28	0	0	28015	0	0	0	0	0	0	
936	28	0	0	28253	0	0	0	0	0	0	
944	28	0	0	28492	0	0	0	0	0	0	
952	28	0	0	28732	0	0	0	0	0	0	
960	28	0	0	28971	0	0	0	0	0	0	
968	29	0	0	29211	0	0	0	0	0	0	
976	29	0	0	29449	0	0	0	0	0	0	
984	29	0	0	29690	0	0	0	0	0	0	
992	29	0	0	29930	0	0	0	0	0	0	
1000	30	0	0	30171	0	0	0	0	0	0	
1008	30	0	0	30409	0	0	0	0	0	0	
1016	30	0	0	30650	0	0	0	0	0	0	
1024	30	0	0	30889	0	0	0	0	0	0	
1032	31	0	0	31128	0	0	0	0	0	0	
1040	31	0	0	31367	0	0	0	0	0	0	
1048	31	0	0	31608	0	0	0	0	0	0	
1056	31	0	0	31847	0	0	0	0	0	0	
1064	32	0	0	32089	0	0	0	0	0	0	
1072	32	0	0	32328	0	0	0	0	0	0	
1080	32	0	0	32570	0	0	0	0	0	0	
1088	32	0	0	32811	0	0	0	0	0	0	
1096	33	0	0	33052	0	0	0	0	0	0	
1104	33	0	0	33293	0	0	0	0	0	0	
1112	33	0	0	33537	0	0	0	0	0	0	
1120	33	0	0	33777	0	0	0	0	0	0	
1128	34	0	0	34016	0	0	0	0	0	0	
1136	34	0	0	34255	0	0	0	0	0	0	
1144	34	0	0	34494	0	0	0	0	0	0	
1152	34	0	0	34737	0	0	0	0	0	0	
1160	34	0	0	34976	0	0	0	0	0	0	
1168	35	0	0	35218	0	0	0	0	0	0	
1176	35	0	0	35459	0	0	0	0	0	0	
1184	35	0	0	35699	0	0	0	0	0	0	
1192	35	0	0	35938	0	0	0	0	0	0	
1200	36	0	0	36180	0	0	0	0	0	0	
1208	36	0	0	36419	0	0	0	0	0	0	
1216	36	0	0	36657	0	0	0	0	0	0	
1224	36	0	0	36900	0	0	0	0	0	0	
1232	37	0	0	37140	0	0	0	0	0	0	
1240	37	0	0	37379	0	0	0	0	0	0	
1248	37	0	0	37619	0	0	0	0	0	0	
1256	37	0	0	37858	0	0	0	0	0	0	
1264	38	0	0	38098	0	0	0	0	0	0	
1272	38	0	0	38340	0	0	0	0	0	0	
1280	38	0	0	38579	0	0	0	0	0	0	
1288	38	0	0	38821	0	0	0	0	0	0	
1296	39	0	0	39061	0	0	0	0	0	0	
1304	39	0	0	39301	0	0	0	0	0	0	
1312	39	0	0	39541	0	0	0	0	0	0	
1320	39	0	0	39781	0	0	0	0	0	0	
1328	40	0	0	40021	0	0	0	0	0	0	
1336	40	0	0	40264	0	0	0	0	0	0	
1344	40	0	0	40502	0	0	0	0	0	0	
1352	40	0	0	40742	0	0	0	0	0	0	
1360	40	0	0	40981	0	0	0	0	0	0	
1368	41	0	0	41220	0	0	0	0	0	0	
1376	41	0	0	41459	0	0	0	0	0	0	
1384	41	0	0	41699	0	0	0	0	0	0	
1392	41	0	0	41938	0	0	0	0	0	0	
1400	42	0	0	42179	0	0	0	0	0	0	
1408	42	0	0	42422	0	0	0	0	0	0	
1416	42	0	0	42661	0	0	0	0	0	0	
1424	42	0	0	42903	0	0	0	0	0	0	
1432	43	0	0	43144	0	0	0	0	0	0	
1440	43	0	0	43385	0	0	0	0	0	0	
1448	43	0	0	43627	0	0	0	0	0	0	
1456	43	0	0	43869	0	0	0	0	0	0	
1464	44	0	0	44112	0	0	0	0	0	0	
1472	44	0	0	44352	0	0	0	0	0	0	
1480	44	0	0	44592	0	0	0	0	0	0	
1488	44	0	0	44834	0	0	0	0	0	0	
1496	45	0	0	45076	0	0	0	0	0	0	
1504	45	0	0	45317	0	0	0	0	0	0	
1512	45	0	0	45558	0	0	0	0	0	0	
1520	45	0	0	45799	0	0	0	0	0	0	
1528	46	0	0	46039	0	0	0	0	0	0	
1536	46	0	0	46280	0	0	0	0	0	0	
1544	46	0	0	46519	0	0	0	0	0	0	
1552	46	0	0	46761	0	0	0	0	0	0	
1560	47	0	0	47001	0	0	0	0	0	0	
1568	47	0	0	47242	0	0	0	0	0	0	
1576	47	0	0	47482	0	0	0	0	0	0	
1584	47	0	0	47724	0	0	0	0	0	0	
1592	47	0	0	47964	0	0	0	0	0	0	
1600	48	0	0	48206	0	0	0	0	0	0	
1608	48	0	0	48445	0	0	0	0	0	0	
1616	48	0	0	48688	0	0	0	0	0	0	
1624	48	0	0	48929	0	0	0	0	0	0	
1632	49	0	0	49170	0	0	0	0	0	0	
1640	49	0	0	49410	0	0	0	0	0	0	
1648	49	0	0	49653	0	0	0	0	0	0	
1656	49	0	0	49893	0	0	0	0	0	0	
1664	50	0	0	50135	0	0	0	0	0	0	
1672	50	0	0	50375	0	0	0	0	0	0	
1680	50	0	0	50615	0	0	0	0	0	0	
1688	50	0	0	50854	0	0	0	0	0	0	
1696	51	0	0	51095	0	0	0	0	0	0	
1704	51	0	0	51334	0	0	0	0	0	0	
1712	51	0	0	51577	0	0	0	0	0	0	
1720	51	0	0	51817	0	0	0	0	0	0	
1728	52	0	0	52059	0	0	0	0	0	0	
1736	52	0	0	52298	0	0	0	0	0	0	
1744	52	0	0	52540	0	0	0	0	0	0	
1752	52	0	0	52781	0	0	0	0	0	0	
1760	53	0	0	53025	0	0	0	0	0	0	
1768	53	0	0	53267	0	0	0	0	0	0	
1776	53	0	0	53509	0	0	0	0	0	0	
1784	53	0	0	53751	0	0	0	0	0	0	
1792	53	0	0	53993	0	0	0	0	0	0	
1800	54	0	0	54233	0	0	0	0	0	0	
1808	54	0	0	54477	0	0	0	0	0	0	
1816	54	0	0	54718	0	0	0	0	0	0	
1824	54	0	0	54961	0	0	0	0	0	0	
1832	55	0	0	55202	0	0	0	0	0	0	
1840	55	0	0	55444	0	0	0	0	0	0	
1848	55	0	0	55686	0	0	0	0	0	0	
1856	55	0	0	55929	0	0	0	0	0	0	
1864	56	0	0	56170	0	0	0	0	0	0	
1872	56	0	0	56412	0	0	0	0	0	0	
1880	56	0	0	56653	0	0	0	0	0	0	
1888	56	0	0	56894	0	0	0	0	0	0	
1896	57	0	0	57135	0	0	0	0	0	0	
1904	57	0	0	57376	0	0	0	0	0	0	
1912	57	0	0	57618	0	0	0	0	0	0	
1920	57	0	0	57861	0	0	0	0	0	0	
1928	58	0	0	58102	0	0	0	0	0	0	
1936	58	0	0	58344	0	0	0	0	0	0	
1944	58	0	0	58585	0	0	0	0	0	0	
1952	58	0	0	58827	0	0	0	0	0	0	
1960	59	0	0	59068	0	0	0	0	0	0	
1968	59	0	0	59310	0	0	0	0	0	0	
1976	59	0	0	59551	0	0	0	0	0	0	
1984	59	0	0	59795	0	0	0	0	0	0	
1992	60	0	0	60037	0	0	0	0	0	0	
2000	60	0	0	60279	0	0	0	0	0	0	
2008	60	0	0	60520	0	0	0	0	0	0	
2016	60	0	0	60762	0	0	0	0	0	0	
2024	61	0	0	61002	0	0	0	0	0	0	
2032	61	0	0	61244	0	0	0	0	0	0	
2040	61	0	0	61487	0	0	0	0	0	0	
2048	61	0	0	61731	0	0	0	0	0	0	
2056	61	0	0	61971	0	0	0	0	0	0	
2064	62	0	0	62215	0	0	0	0	0	0	
2072	62	0	0	62456	0	0	0	0	0	0	
2080	62	0	0	62698	0	0	0	0	0	0	
2088	62	0	0	62942	0	0	0	0	0	0	
2096	63	0	0	63185	0	0	0	0	0	0	
2104	63	0	0	63426	0	0	0	0	0	0	
2112	63	0	0	63671	0	0	0	0	0	0	
2120	63	0	0	63912	0	0	0	0	0	0	
2128	64	0	0	64156	0	0	0	0	0	0	
2136	64	0	0	64397	0	0	0	0	0	0	
2144	64	0	0	64639	0	0	0	0	0	0	
2152	64	0	0	64879	0	0	0	0	0	0	
2160	65	0	0	65123	0	0	0	0	0	0	
2168	65	0	0	65363	0	0	0	0	0	0	
2176	65	0	0	65607	0	0	0	0	0	0	
2184	65	0	0	65847	0	0	0	0	0	0	
2192	66	0	0	66089	0	0	0	0	0	0	
2200	66	0	0	66329	0	0	0	0	0	0	
2208	66	0	0	66571	0	0	0	0	0	0	
2216	66	0	0	66815	0	0	0	0	0	0	
2224	67	0	0	67057	0	0	0	0	0	0	
2232	67	0	0	67298	0	0	0	0	0	0	
2240	67	0	0	67540	0	0	0	0	0	0	
2248	67	0	0	67782	0	0	0	0	0	0	
2256	68	0	0	68025	0	0	0	0	0	0	
2264	68	0	0	68266	0	0	0	0	0	0	
2272	68	0	0	68510	0	0	0	0	0	0	
2280	68	0	0	68752	0	0	0	0	0	0	
2288	68	0	0	68995	0	0	0	0	0	0	
2296	69	0	0	69235	0	0	0	0	0	0	
2304	69	0	0	69478	0	0	0	0	0	0	
2312	69	0	0	69722	0	0	0	0	0	0	
2320	69	0	0	69965	0	0	0	0	0	0	
2328	70	0	0	70207	0	0	0	0	0	0	
2336	70	0	0	70452	0	0	0	0	0	0	
2344	70	0	0	70695	0	0	0	0	0	0	
2352	70	0	0	70938	0	0	0	0	0	0	
2360	71	0	0	71179	0	0	0	0	0	0	
2368	71	0	0	71421	0	0	0	0	0	0	
2376	71	0	0	71664	0	0	0	0	0	0	
2384	71	0	0	71907	0	0	0	0	0	0	
2392	72	0	0	72149	0	0	0	0	0	0	
2400	72	0	0	72392	0	0	0	0	0	0	
2408	72	0	0	72633	0	0	0	0	0	0	
2416	72	0	0	72876	0	0	0	0	0	0	
2424	73	0	0	73117	0	0	0	0	0	0	
2432	73	0	0	73360	0	0	0	0	0	0	
2440	73	0	0	73602	0	0	0	0	0	0	
2448	73	0	0	73844	0	0	0	0	0	0	
2456	74	0	0	74085	0	0	0	0	0	0	
2464	74	0	0	74328	0	0	0	0	0	0	
2472	74	0	0	74569	0	0	0	0	0	0	
2480	74	0	0	74813	0	0	0	0	0	0	
2488	75	0	0	75056	0	0	0	0	0	0	
2496	75	0	0	75299	0	0	0	0	0	0	
2504	75	0	0	75541	0	0	0	0	0	0	
2512	75	0	0	75785	0	0	0	0	0	0	
2520	76	0	0	76027	0	0	0	0	0	0	
2528	76	0	0	76271	0	0	0	0	0	0	
2536	76	0	0	76511	0	0	0	0	0	0	
2544	76	0	0	76753	0	0	0	0	0	0	
2552	76	0	0	76994	0	0	0	0	0	0	
2560	77	0	0	77237	0	0	0	0	0	0	
2568	77	0	0	77479	0	0	0	0	0	0	
2576	77	0	0	77722	0	0	0	0	0	0	
2584	77	0	0	77966	0	0	0	0	0	0	
2592	78	0	0	78208	0	0	0	0	0	0	
2600	78	0	0	78449	0	0	0	0	0	0	
2608	78	0	0	78691	0	0	0	0	0	0	
2616	78	0	0	78932	0	0	0	0	0	0	
2624	79	0	0	79175	0	0	0	0	0	0	
2632	79	0	0	79417	0	0	0	0	0	0	
2640	79	0	0	79661	0	0	0	0	0	0	
2648	79	0	0	79902	0	0	0	0	0	0	
2656	80	0	0	80147	0	0	0	0	0	0	
2664	80	0	0	80388	0	0	0	0	0	0	
2672	80	0	0	80630	0	0	0	0	0	0	
2680	80	0	0	80873	0	0	0	0	0	0	
2688	81	0	0	81120	0	0	0	0	0	0	
2696	81	0	0	81360	0	0	0	0	0	0	
2704	81	0	0	81605	0	0	0	0	0	0	
2712	81	0	0	81846	0	0	0	0	0	0	
2720	82	0	0	82090	0	0	0	0	0	0	
2728	82	0	0	82331	0	0	0	0	0	0	
2736	82	0	0	82574	0	0	0	0	0	0	
2744	82	0	0	82815	0	0	0	0	0	0	
2752	83	0	0	83058	0	0	0	0	0	0	
2760	83	0	0	83302	0	0	0	0	0	0	
2768	83	0	0	83544	0	0	0	0	0	0	
2776	83	0	0	83788	0	0	0	0	0	0	
2784	84	0	0	84033	0	0	0	0	0	0	
2792	84	0	0	84275	0	0	0	0	0	0	
2800	84	0	0	84521	0	0	0	0	0	0	
2808	84	0	0	84762	0	0	0	0	0	0	
2816	85	0	0	85005	0	0	0	0	0	0	
2824	85	0	0	85246	0	0	0	0	0	0	
2832	85	0	0	85490	0	0	0	0	0	0	
2840	85	0	0	85733	0	0	0	0	0	0	
2848	85	0	0	85976	0	0	0	0	0	0	
2856	86	0	0	86217	0	0	0	0	0	0	
2864	86	0	0	86462	0	0	0	0	0	0	
2872	86	0	0	86702	0	0	0	0	0	0	
2880	86	0	0	86946	0	0	0	0	0	0	
2888	87	0	0	87188	0	0	0	0	0	0	
2896	87	0	0	87431	0	0	0	0	0	0	
2904	87	0	0	87673	0	0	0	0	0	0	
2912	87	0	0	87915	0	0	0	0	0	0	
2920	88	0	0	88156	0	0	0	0	0	0	
2928	88	0	0	88399	0	0	0	0	0	0	
2936	88	0	0	88641	0	0	0	0	0	0	
2944	88	0	0	88884	0	0	0	0	0	0	
2952	89	0	0	89127	0	0	0	0	0	0	
2960	89	0	0	89372	0	0	0	0	0	0	
2968	89	0	0	89614	0	0	0	0	0	0	
2976	89	0	0	89858	0	0	0	0	0	0	
2984	90	0	0	90100	0	0	0	0	0	0	
2992	90	0	0	90343	0	0	0	0	0	0	
3000	90	0	0	90585	0	0	0	0	0	0	
3008	90	0	0	90829	0	0	0	0	0	0	
3016	91	0	0	91071	0	0	0	0	0	0	
3024	91	0	0	91316	0	0	0	0	0	0	
3032	91	0	0	91557	0	0	0	0	0	0	
3040	91	0	0	91802	0	0	0	0	0	0	
3048	92	0	0	92046	0	0	0	0	0	0	
3056	92	0	0	92290	0	0	0	0	0	0	
3064	92	0	0	92534	0	0	0	0	0	0	
3072	92	0	0	92778	0	0	0	0	0	0	
3080	93	0	0	93019	0	0	0	0	0	0	
3088	93	0	0	93262	0	0	0	0	0	0	
3096	93	0	0	93506	0	0	0	0	0	0	
3104	93	0	0	93751	0	0	0	0	0	0	
3112	93	0	0	93993	0	0	0	0	0	0	
3120	94	0	0	94237	0	0	0	0	0	0	
3128	94	0	0	94478	0	0	0	0	0	0	
3136	94	0	0	94721	0	0	0	0	0	0	
3144	94	0	0	94963	0	0	0	0	0	0	
3152	95	0	0	95206	0	0	0	0	0	0	
3160	95	0	0	95447	0	0	0	0	0	0	
3168	95	0	0	95728	0	0	0	0	0	0	
3176	95	0	0	95973	0	0	0	0	0	0	
3184	96	0	0	96219	0	0	0	0	0	0	
3192	96	0	0	96460	0	0	0	0	0	0	
3200	96	0	0	96703	0	0	0	0	0	0	
3208	96	0	0	96944	0	0	0	0	0	0	
3216	97	0	0	97188	0	0	0	0	0	0	
3224	97	0	0	97429	0	0	0	0	0	0	
3232	97	0	0	97675	0	0	0	0	0	0	
3240	97	0	0	97918	0	0	0	0	0	0	
3248	98	0	0	98162	0	0	0	0	0	0	
3256	98	0	0	98403	0	0	0	0	0	0	
3264	98	0	0	98647	0	0	0	0	0	0	
3272	98	0	0	98889	0	0	0	0	0	0	
3280	99	0	0	99132	0	0	0	0	0	0	
3288	99	0	0	99373	0	0	0	0	0	0	
3296	99	0	0	99616	0	0	0	0	0	0	
3304	99	0	0	99862	0	0	0	0	0	0	
3312	100	0	0	100109	0	0	0	0	0	0	
3320	100	0	0	100350	0	0	0	0	0	0	
3328	100	0	0	100593	0	0	0	0	0	0	
3336	100	0	0	100836	0	0	0	0	0	0	
3344	101	0	0	101080	0	0	0	0	0	0	
3352	101	0	0	101322	0	0	0	0	0	0	
3360	101	0	0	101567	0	0	0	0	0	0	
3368	101	0	0	101812	0	0	0	0	0	0	
3376	102	0	0	102058	0	0	0	0	0	0	
3384	102	0	0	102301	0	0	0	0	0	0	
3392	102	0	0	102545	0	0	0	0	0	0	
3400	102	0	0	102787	0	0	0	0	0	0	
3408	103	0	0	103031	0	0	0	0	0	0	
3416	103	0	0	103272	0	0	0	0	0	0	
3424	103	0	0	103516	0	0	0	0	0	0	
3432	103	0	0	103759	0	0	0	0	0	0	
3440	104	0	0	104003	0	0	0	0	0	0	
3448	104	0	0	104245	0	0	0	0	0	0	
3456	104	0	0	104488	0	0	0	0	0	0	
3464	104	0	0	104731	0	0	0	0	0	0	
3472	104	0	0	104976	0	0	0	0	0	0	
3480	105	0	0	105219	0	0	0	0	0	0	
3488	105	0	0	105463	0	0	0	0	0	0	
3496	105	0	0	105706	0	0	0	0	0	0	
3504	105	0	0	105950	0	0	0	0	0	0	
3512	106	0	0	106192	0	0	0	0	0	0	
3520	106	0	0	106436	0	0	0	0	0	0	
3528	106	0	0	106677	0	0	0	0	0	0	
3536	106	0	0	106921	0	0	0	0	0	0	
3544	107	0	0	107162	0	0	0	0	0	0	
3552	107	0	0	107406	0	0	0	0	0	0	
3560	107	0	0	107649	0	0	0	0	0	0	
3568	107	0	0	107893	0	0	0	0	0	0	
3576	108	0	0	108138	0	0	0	0	0	0	
3584	108	0	0	108382	0	0	0	0	0	0	
3592	108	0	0	108625	0	0	0	0	0	0	
3600	108	0	0	108886	0	0	0	0	0	0	
3608	109	0	0	109132	0	0	0	0	0	0	
3616	109	0	0	109376	0	0	0	0	0	0	
3624	109	0	0	109619	0	0	0	0	0	0	
3632	109	0	0	109864	0	0	0	0	0	0	
3640	110	0	0	110107	0	0	0	0	0	0	
3648	110	0	0	110351	0	0	0	0	0	0	
3656	110	0	0	110594	0	0	0	0	0	0	
3664	110	0	0	110838	0	0	0	0	0	0	
3672	111	0	0	111080	0	0	0	0	0	0	
3680	111	0	0	111323	0	0	0	0	0	0	
3688	111	0	0	111566	0	0	0	0	0	0	
3696	111	0	0	111813	0	0	0	0	0	0	
3704	112	0	0	112055	0	0	0	0	0	0	
3712	112	0	0	112299	0	0	0	0	0	0	
3720	112	0	0	112541	0	0	0	0	0	0	
3728	112	0	0	112786	0	0	0	0	0	0	
3736	113	0	0	113029	0	0	0	0	0	0	
3744	113	0	0	113275	0	0	0	0	0	0	
3752	113	0	0	113517	0	0	0	0	0	0	
3760	113	0	0	113762	0	0	0	0	0	0	
3768	114	0	0	114007	0	0	0	0	0	0	
3776	114	0	0	114252	0	0	0	0	0	0	
3784	114	0	0	114493	0	0	0	0	0	0	
3792	114	0	0	114738	0	0	0	0	0	0	
3800	114	0	0	114981	0	0	0	0	0	0	
3808	115	0	0	115225	0	0	0	0	0	0	
3816	115	0	0	115466	0	0	0	0	0	0	
3824	115	0	0	115712	0	0	0	0	0	0	
3832	115	0	0	115954	0	0	0	0	0	0	
3840	116	0	0	116198	0	0	0	0	0	0	
3848	116	0	0	116440	0	0	0	0	0	0	
3856	116	0	0	116684	0	0	0	0	0	0	
3864	116	0	0	116926	0	0	0	0	0	0	
3872	117	0	0	117170	0	0	0	0	0	0	
3880	117	0	0	117412	0	0	0	0	0	0	
3888	117	0	0	117658	0	0	0	0	0	0	
3896	117	0	0	117902	0	0	0	0	0	0	
3904	118	0	0	118148	0	0	0	0	0	0	
3912	118	0	0	118391	0	0	0	0	0	0	
3920	118	0	0	118635	0	0	0	0	0	0	
3928	118	0	0	118878	0	0	0	0	0	0	
3936	119	0	0	119122	0	0	0	0	0	0	
3944	119	0	0	119365	0	0	0	0	0	0	
3952	119	0	0	119610	0	0	0	0	0	0	
3960	119	0	0	119854	0	0	0	0	0	0	
3968	120	0	0	120099	0	0	0	0	0	0	
3976	120	0	0	120344	0	0	0	0	0	0	
3984	120	0	0	120590	0	0	0	0	0	0	
3992	120	0	0	120833	0	0	0	0	0	0	
4000	121	0	0	121078	0	0	0	0	0	0	
4008	121	0	0	121322	0	0	0	0	0	0	
4016	121	0	0	121566	0	0	0	0	0	0	
4024	121	0	0	121810	0	0	0	0	0	0	
4032	122	0	0	122057	0	0	0	0	0	0	
4040	122	0	0	122300	0	0	0	0	0	0	
4048	122	0	0	122543	0	0	0	0	0	0	
4056	122	0	0	122787	0	0	0	0	0	0	
4064	123	0	0	123033	0	0	0	0	0	0	
4072	123	0	0	123275	0	0	0	0	0	0	
4080	123	0	0	123519	0	0	0	0	0	0	
4088	123	0	0	123763	0	0	0	0	0	0	
4096	124	0	0	124007	0	0	0	0	0	0	
4104	124	0	0	124252	0	0	0	0	0	0	
4112	124	0	0	124496	0	0	0	0	0	0	
4120	124	0	0	124738	0	0	0	0	0	0	
4128	124	0	0	124983	0	0	0	0	0	0	
4136	125	0	0	125226	0	0	0	0	0	0	
4144	125	0	0	125471	0	0	0	0	0	0	
4152	125	0	0	125716	0	0	0	0	0	0	
4160	125	0	0	125960	0	0	0	0	0	0	
4168	126	0	0	126202	0	0	0	0	0	0	
4176	126	0	0	126449	0	0	0	0	0	0	
4184	126	0	0	126692	0	0	0	0	0	0	
4192	126	0	0	126936	0	0	0	0	0	0	
4200	127	0	0	127179	0	0	0	0	0	0	
4208	127	0	0	127423	0	0	0	0	0	0	
4216	127	0	0	127666	0	0	0	0	0	0	
4224	127	0	0	127912	0	0	0	0	0	0	
4232	128	0	0	128156	0	0	0	0	0	0	
4240	128	0	0	128401	0	0	0	0	0	0	
4248	128	0	0	128646	0	0	0	0	0	0	
4256	128	0	0	128891	0	0	0	0	0	0	
4264	129	0	0	129134	0	0	0	0	0	0	
4272	129	0	0	129379	0	0	0	0	0	0	
4280	129	0	0	129621	0	0	0	0	0	0	
4288	129	0	0	129867	0	0	0	0	0	0	
4296	130	0	0	130111	0	0	0	0	0	0	
4304	130	0	0	130355	0	0	0	0	0	0	
4312	130	0	0	130600	0	0	0	0	0	0	
4320	130	0	0	130846	0	0	0	0	0	0	
4328	131	0	0	131091	0	0	0	0	0	0	
4336	131	0	0	131335	0	0	0	0	0	0	
4344	131	0	0	131577	0	0	0	0	0	0	
4352	131	0	0	131824	0	0	0	0	0	0	
4360	132	0	0	132068	0	0	0	0	0	0	
4368	132	0	0	132314	0	0	0	0	0	0	
4376	132	0	0	132559	0	0	0	0	0	0	
4384	132	0	0	132804	0	0	0	0	0	0	
4392	133	0	0	133047	0	0	0	0	0	0	
4400	133	0	0	133292	0	0	0	0	0	0	
4408	133	0	0	133534	0	0	0	0	0	0	
4416	133	0	0	133780	0	0	0	0	0	0	
4424	134	0	0	134023	0	0	0	0	0	0	
4432	134	0	0	134267	0	0	0	0	0	0	
4440	134	0	0	134512	0	0	0	0	0	0	
4448	134	0	0	134757	0	0	0	0	0	0	
4456	135	0	0	135002	0	0	0	0	0	0	
4464	135	0	0	135246	0	0	0	0	0	0	
4472	135	0	0	135489	0	0	0	0	0	0	
4480	135	0	0	135735	0	0	0	0	0	0	
4488	135	0	0	135978	0	0	0	0	0	0	
4496	136	0	0	136223	0	0	0	0	0	0	
4504	136	0	0	136467	0	0	0	0	0	0	
4512	136	0	0	136712	0	0	0	0	0	0	
4520	136	0	0	136955	0	0	0	0	0	0	
4528	137	0	0	137200	0	0	0	0	0	0	
4536	137	0	0	137444	0	0	0	0	0	0	
4544	137	0	0	137688	0	0	0	0	0	0	
4552	137	0	0	137933	0	0	0	0	0	0	
4560	138	0	0	138181	0	0	0	0	0	0	
4568	138	0	0	138423	0	0	0	0	0	0	
4576	138	0	0	138668	0	0	0	0	0	0	
4584	138	0	0	138910	0	0	0	0	0	0	
4592	139	0	0	139156	0	0	0	0	0	0	
4600	139	0	0	139400	0	0	0	0	0	0	
4608	139	0	0	139644	0	0	0	0	0	0	
4616	139	0	0	139889	0	0	0	0	0	0	
4624	140	0	0	140135	0	0	0	0	0	0	
4632	140	0	0	140378	0	0	0	0	0	0	
4640	140	0	0	140622	0	0	0	0	0	0	
4648	140	0	0	140866	0	0	0	0	0	0	
4656	141	0	0	141111	0	0	0	0	0	0	
4664	141	0	0	141354	0	0	0	0	0	0	
4672	141	0	0	141600	0	0	0	0	0	0	
4680	141	0	0	141845	0	0	0	0	0	0	
4688	142	0	0	142090	0	0	0	0	0	0	
4696	142	0	0	142333	0	0	0	0	0	0	
4704	142	0	0	142579	0	0	0	0	0	0	
4712	142	0	0	142822	0	0	0	0	0	0	
4720	143	0	0	143067	0	0	0	0	0	0	
4728	143	0	0	143311	0	0	0	0	0	0	
4736	143	0	0	143557	0	0	0	0	0	0	
4744	143	0	0	143803	0	0	0	0	0	0	
4752	144	0	0	144050	0	0	0	0	0	0	
4760	144	0	0	144297	0	0	0	0	0	0	
4768	144	0	0	144543	0	0	0	0	0	0	
4776	144	0	0	144787	0	0	0	0	0	0	
4784	145	0	0	145033	0	0	0	0	0	0	
4792	145	0	0	145284	0	0	0	0	0	0	
4800	145	0	0	145531	0	0	0	0	0	0	
4808	145	0	0	145776	0	0	0	0	0	0	
4816	146	0	0	146021	0	0	0	0	0	0	
4824	146	0	0	146264	0	0	0	0	0	0	
4832	146	0	0	146509	0	0	0	0	0	0	
4840	146	0	0	146753	0	0	0	0	0	0	
4848	146	0	0	146998	0	0	0	0	0	0	
4856	147	0	0	147245	0	0	0	0	0	0	
4864	147	0	0	147491	0	0	0	0	0	0	
4872	147	0	0	147735	0	0	0	0	0	0	
4880	147	0	0	147981	0	0	0	0	0	0	
4888	148	0	0	148224	0	0	0	0	0	0	
4896	148	0	0	148469	0	0	0	0	0	0	
4904	148	0	0	148713	0	0	0	0	0	0	
4912	148	0	0	148957	0	0	0	0	0	0	
4920	149	0	0	149203	0	0	0	0	0	0	
4928	149	0	0	149448	0	0	0	0	0	0	
4936	149	0	0	149692	0	0	0	0	0	0	
4944	149	0	0	149939	0	0	0	0	0	0	
4952	150	0	0	150183	0	0	0	0	0	0	
4960	150	0	0	150428	0	0	0	0	0	0	
4968	150	0	0	150671	0	0	0	0	0	0	
4976	150	0	0	150917	0	0	0	0	0	0	
4984	151	0	0	151164	0	0	0	0	0	0	
4992	151	0	0	151411	0	0	0	0	0	0	
5000	151	0	0	151656	0	0	0	0	0	0	
5008	151	0	0	151904	0	0	0	0	0	0	
5016	152	0	0	152148	0	0	0	0	0	0	
5024	152	0	0	152393	0	0	0	0	0	0	
5032	152	0	0	152637	0	0	0	0	0	0	
5040	152	0	0	152882	0	0	0	0	0	0	
5048	153	0	0	153126	0	0	0	0	0	0	
5056	153	0	0	153372	0	0	0	0	0	0	
5064	153	0	0	153615	0	0	0	0	0	0	
5072	153	0	0	153863	0	0	0	0	0	0	
5080	154	0	0	154107	0	0	0	0	0	0	
5088	154	0	0	154352	0	0	0	0	0	0	
5096	154	0	0	154596	0	0	0	0	0	0	
5104	154	0	0	154841	0	0	0	0	0	0	
5112	155	0	0	155088	0	0	0	0	0	0	
5120	155	0	0	155334	0	0	0	0	0	0	
