#input	time	ios	pfs	timems	pbo	dbo	ibo	pbu	ndo	ars	
8	0	0	511	121	0	0	0	0	0	0	
16	0	0	1023	527	0	0	0	0	0	0	
24	0	0	1535	671	0	0	0	0	0	0	
32	0	0	2047	801	0	0	0	0	0	0	
40	0	0	2559	929	0	0	0	0	0	0	
48	1	0	3071	1058	0	0	0	0	0	0	
56	1	0	3583	1188	0	0	0	0	0	0	
64	1	0	4095	1317	0	0	0	0	0	0	
72	1	0	4607	1446	0	0	0	0	0	0	
80	1	0	5119	1576	0	0	0	0	0	0	
88	1	0	5631	1705	0	0	0	0	0	0	
96	1	0	6143	1836	0	0	0	0	0	0	
104	1	0	6655	1966	0	0	0	0	0	0	
112	2	0	7167	2095	0	0	0	0	0	0	
120	2	0	7679	2224	0	0	0	0	0	0	
128	2	0	8191	2353	0	0	0	0	0	0	
136	2	0	8703	2482	0	0	0	0	0	0	
144	2	0	9215	2611	0	0	0	0	0	0	
152	2	0	9727	2741	0	0	0	0	0	0	
160	2	0	10239	2870	0	0	0	0	0	0	
168	2	0	10751	2999	0	0	0	0	0	0	
176	3	0	11263	3128	0	0	0	0	0	0	
184	3	0	11775	3258	0	0	0	0	0	0	
192	3	0	12287	3387	0	0	0	0	0	0	
200	3	0	12799	3516	0	0	0	0	0	0	
208	3	0	13311	3645	0	0	0	0	0	0	
216	3	0	13823	3775	0	0	0	0	0	0	
224	3	0	14335	3906	0	0	0	0	0	0	
232	4	0	14847	4035	0	0	0	0	0	0	
240	4	0	15359	4165	0	0	0	0	0	0	
248	4	0	15871	4294	0	0	0	0	0	0	
256	4	0	16383	4424	0	0	0	0	0	0	
264	4	0	16895	4553	0	0	0	0	0	0	
272	4	0	17407	4682	0	0	0	0	0	0	
280	4	0	17919	4812	0	0	0	0	0	0	
288	4	0	18431	4943	0	0	0	0	0	0	
296	5	0	18943	5073	0	0	0	0	0	0	
304	5	0	19455	5203	0	0	0	0	0	0	
312	5	0	19967	5332	0	0	0	0	0	0	
320	5	0	20479	5462	0	0	0	0	0	0	
328	5	0	20991	5591	0	0	0	0	0	0	
336	5	0	21503	5721	0	0	0	0	0	0	
344	5	0	22015	5853	0	0	0	0	0	0	
352	5	0	22527	5984	0	0	0	0	0	0	
360	6	0	23039	6113	0	0	0	0	0	0	
368	6	0	23551	6243	0	0	0	0	0	0	
376	6	0	24063	6373	0	0	0	0	0	0	
384	6	0	24575	6503	0	0	0	0	0	0	
392	6	0	25087	6632	0	0	0	0	0	0	
400	6	0	25599	6764	0	0	0	0	0	0	
408	6	0	26111	6893	0	0	0	0	0	0	
416	7	0	26623	7023	0	0	0	0	0	0	
424	7	0	27135	7152	0	0	0	0	0	0	
432	7	0	27647	7282	0	0	0	0	0	0	
440	7	0	28159	7412	0	0	0	0	0	0	
448	7	0	28671	7541	0	0	0	0	0	0	
456	7	0	29183	7671	0	0	0	0	0	0	
464	7	0	29695	7803	0	0	0	0	0	0	
472	7	0	30207	7933	0	0	0	0	0	0	
480	8	0	30719	8063	0	0	0	0	0	0	
488	8	0	31231	8192	0	0	0	0	0	0	
496	8	0	31743	8322	0	0	0	0	0	0	
504	8	0	32255	8452	0	0	0	0	0	0	
512	8	0	32767	8581	0	0	0	0	0	0	
520	8	0	33279	8711	0	0	0	0	0	0	
528	8	0	33791	8841	0	0	0	0	0	0	
536	8	0	34303	8970	0	0	0	0	0	0	
544	9	0	34815	9100	0	0	0	0	0	0	
552	9	0	35327	9230	0	0	0	0	0	0	
560	9	0	35839	9360	0	0	0	0	0	0	
568	9	0	36351	9490	0	0	0	0	0	0	
576	9	0	36863	9620	0	0	0	0	0	0	
584	9	0	37375	9750	0	0	0	0	0	0	
592	9	0	37887	9882	0	0	0	0	0	0	
600	10	0	38399	10012	0	0	0	0	0	0	
608	10	0	38911	10142	0	0	0	0	0	0	
616	10	0	39423	10272	0	0	0	0	0	0	
624	10	0	39935	10402	0	0	0	0	0	0	
632	10	0	40447	10531	0	0	0	0	0	0	
640	10	0	40959	10661	0	0	0	0	0	0	
648	10	0	41471	10791	0	0	0	0	0	0	
656	10	0	41983	10922	0	0	0	0	0	0	
664	11	0	42495	11051	0	0	0	0	0	0	
672	11	0	43007	11181	0	0	0	0	0	0	
680	11	0	43519	11311	0	0	0	0	0	0	
688	11	0	44031	11441	0	0	0	0	0	0	
696	11	0	44543	11571	0	0	0	0	0	0	
704	11	0	45055	11701	0	0	0	0	0	0	
712	11	0	45567	11833	0	0	0	0	0	0	
720	11	0	46079	11963	0	0	0	0	0	0	
728	12	0	46591	12093	0	0	0	0	0	0	
736	12	0	47103	12222	0	0	0	0	0	0	
744	12	0	47615	12352	0	0	0	0	0	0	
752	12	0	48127	12482	0	0	0	0	0	0	
760	12	0	48639	12612	0	0	0	0	0	0	
768	12	0	49151	12743	0	0	0	0	0	0	
776	12	0	49663	12873	0	0	0	0	0	0	
784	13	0	50175	13003	0	0	0	0	0	0	
792	13	0	50687	13133	0	0	0	0	0	0	
800	13	0	51199	13263	0	0	0	0	0	0	
808	13	0	51711	13393	0	0	0	0	0	0	
816	13	0	52223	13523	0	0	0	0	0	0	
824	13	0	52735	13653	0	0	0	0	0	0	
832	13	0	53247	13783	0	0	0	0	0	0	
840	13	0	53759	13915	0	0	0	0	0	0	
848	14	0	54271	14045	0	0	0	0	0	0	
856	14	0	54783	14176	0	0	0	0	0	0	
864	14	0	55295	14307	0	0	0	0	0	0	
872	14	0	55807	14437	0	0	0	0	0	0	
880	14	0	56319	14567	0	0	0	0	0	0	
888	14	0	56831	14697	0	0	0	0	0	0	
896	14	0	57343	14828	0	0	0	0	0	0	
904	14	0	57855	14959	0	0	0	0	0	0	
912	15	0	58367	15090	0	0	0	0	0	0	
920	15	0	58879	15220	0	0	0	0	0	0	
928	15	0	59391	15350	0	0	0	0	0	0	
936	15	0	59903	15481	0	0	0	0	0	0	
944	15	0	60415	15611	0	0	0	0	0	0	
952	15	0	60927	15742	0	0	0	0	0	0	
960	15	0	61439	15874	0	0	0	0	0	0	
968	16	0	61951	16004	0	0	0	0	0	0	
976	16	0	62463	16135	0	0	0	0	0	0	
984	16	0	62975	16265	0	0	0	0	0	0	
992	16	0	63487	16395	0	0	0	0	0	0	
1000	16	0	63999	16525	0	0	0	0	0	0	
1008	16	0	64511	16656	0	0	0	0	0	0	
1016	16	0	65023	16786	0	0	0	0	0	0	
1024	16	0	65535	16917	0	0	0	0	0	0	
1032	17	0	66047	17047	0	0	0	0	0	0	
1040	17	0	66559	17177	0	0	0	0	0	0	
1048	17	0	67071	17307	0	0	0	0	0	0	
1056	17	0	67583	17438	0	0	0	0	0	0	
1064	17	0	68095	17568	0	0	0	0	0	0	
1072	17	0	68607	17698	0	0	0	0	0	0	
1080	17	0	69119	17831	0	0	0	0	0	0	
1088	17	0	69631	17961	0	0	0	0	0	0	
1096	18	0	70143	18092	0	0	0	0	0	0	
1104	18	0	70655	18223	0	0	0	0	0	0	
1112	18	0	71167	18353	0	0	0	0	0	0	
1120	18	0	71679	18483	0	0	0	0	0	0	
1128	18	0	72191	18613	0	0	0	0	0	0	
1136	18	0	72703	18744	0	0	0	0	0	0	
1144	18	0	73215	18874	0	0	0	0	0	0	
1152	19	0	73727	19005	0	0	0	0	0	0	
1160	19	0	74239	19135	0	0	0	0	0	0	
1168	19	0	74751	19266	0	0	0	0	0	0	
1176	19	0	75263	19396	0	0	0	0	0	0	
1184	19	0	75775	19526	0	0	0	0	0	0	
1192	19	0	76287	19656	0	0	0	0	0	0	
1200	19	0	76799	19787	0	0	0	0	0	0	
1208	19	0	77311	19921	0	0	0	0	0	0	
1216	20	0	77823	20052	0	0	0	0	0	0	
1224	20	0	78335	20182	0	0	0	0	0	0	
1232	20	0	78847	20313	0	0	0	0	0	0	
1240	20	0	79359	20443	0	0	0	0	0	0	
1248	20	0	79871	20574	0	0	0	0	0	0	
1256	20	0	80383	20706	0	0	0	0	0	0	
1264	20	0	80895	20836	0	0	0	0	0	0	
1272	20	0	81407	20967	0	0	0	0	0	0	
1280	21	0	81919	21098	0	0	0	0	0	0	
1288	21	0	82431	21228	0	0	0	0	0	0	
1296	21	0	82943	21359	0	0	0	0	0	0	
1304	21	0	83455	21490	0	0	0	0	0	0	
1312	21	0	83967	21620	0	0	0	0	0	0	
1320	21	0	84479	21751	0	0	0	0	0	0	
1328	21	0	84991	21884	0	0	0	0	0	0	
1336	22	0	85503	22014	0	0	0	0	0	0	
1344	22	0	86015	22145	0	0	0	0	0	0	
1352	22	0	86527	22275	0	0	0	0	0	0	
1360	22	0	87039	22406	0	0	0	0	0	0	
1368	22	0	87551	22537	0	0	0	0	0	0	
1376	22	0	88063	22667	0	0	0	0	0	0	
1384	22	0	88575	22798	0	0	0	0	0	0	
1392	22	0	89087	22929	0	0	0	0	0	0	
1400	23	0	89599	23060	0	0	0	0	0	0	
1408	23	0	90111	23191	0	0	0	0	0	0	
1416	23	0	90623	23321	0	0	0	0	0	0	
1424	23	0	91135	23452	0	0	0	0	0	0	
1432	23	0	91647	23582	0	0	0	0	0	0	
1440	23	0	92159	23713	0	0	0	0	0	0	
1448	23	0	92671	23846	0	0	0	0	0	0	
1456	23	0	93183	23977	0	0	0	0	0	0	
1464	24	0	93695	24108	0	0	0	0	0	0	
1472	24	0	94207	24238	0	0	0	0	0	0	
1480	24	0	94719	24369	0	0	0	0	0	0	
1488	24	0	95231	24500	0	0	0	0	0	0	
1496	24	0	95743	24630	0	0	0	0	0	0	
1504	24	0	96255	24762	0	0	0	0	0	0	
1512	24	0	96767	24895	0	0	0	0	0	0	
1520	25	0	97279	25026	0	0	0	0	0	0	
1528	25	0	97791	25157	0	0	0	0	0	0	
1536	25	0	98303	25288	0	0	0	0	0	0	
1544	25	0	98815	25419	0	0	0	0	0	0	
1552	25	0	99327	25550	0	0	0	0	0	0	
1560	25	0	99839	25681	0	0	0	0	0	0	
1568	25	0	100351	25812	0	0	0	0	0	0	
1576	25	0	100863	25944	0	0	0	0	0	0	
1584	26	0	101375	26075	0	0	0	0	0	0	
1592	26	0	101887	26206	0	0	0	0	0	0	
1600	26	0	102399	26337	0	0	0	0	0	0	
1608	26	0	102911	26468	0	0	0	0	0	0	
1616	26	0	103423	26600	0	0	0	0	0	0	
1624	26	0	103935	26731	0	0	0	0	0	0	
1632	26	0	104447	26862	0	0	0	0	0	0	
1640	26	0	104959	26993	0	0	0	0	0	0	
1648	27	0	105471	27124	0	0	0	0	0	0	
1656	27	0	105983	27256	0	0	0	0	0	0	
1664	27	0	106495	27386	0	0	0	0	0	0	
1672	27	0	107007	27517	0	0	0	0	0	0	
1680	27	0	107519	27649	0	0	0	0	0	0	
1688	27	0	108031	27780	0	0	0	0	0	0	
1696	27	0	108543	27913	0	0	0	0	0	0	
1704	28	0	109055	28044	0	0	0	0	0	0	
1712	28	0	109567	28176	0	0	0	0	0	0	
1720	28	0	110079	28306	0	0	0	0	0	0	
1728	28	0	110591	28437	0	0	0	0	0	0	
1736	28	0	111103	28568	0	0	0	0	0	0	
1744	28	0	111615	28699	0	0	0	0	0	0	
1752	28	0	112127	28831	0	0	0	0	0	0	
1760	28	0	112639	28962	0	0	0	0	0	0	
1768	29	0	113151	29093	0	0	0	0	0	0	
1776	29	0	113663	29224	0	0	0	0	0	0	
1784	29	0	114175	29355	0	0	0	0	0	0	
1792	29	0	114687	29486	0	0	0	0	0	0	
1800	29	0	115199	29618	0	0	0	0	0	0	
1808	29	0	115711	29749	0	0	0	0	0	0	
1816	29	0	116223	29884	0	0	0	0	0	0	
1824	30	0	116735	30015	0	0	0	0	0	0	
1832	30	0	117247	30146	0	0	0	0	0	0	
1840	30	0	117759	30277	0	0	0	0	0	0	
1848	30	0	118271	30408	0	0	0	0	0	0	
1856	30	0	118783	30540	0	0	0	0	0	0	
1864	30	0	119295	30671	0	0	0	0	0	0	
1872	30	0	119807	30803	0	0	0	0	0	0	
1880	30	0	120319	30934	0	0	0	0	0	0	
1888	31	0	120831	31066	0	0	0	0	0	0	
1896	31	0	121343	31197	0	0	0	0	0	0	
1904	31	0	121855	31329	0	0	0	0	0	0	
1912	31	0	122367	31460	0	0	0	0	0	0	
1920	31	0	122879	31591	0	0	0	0	0	0	
1928	31	0	123391	31722	0	0	0	0	0	0	
1936	31	0	123903	31856	0	0	0	0	0	0	
1944	31	0	124415	31987	0	0	0	0	0	0	
1952	32	0	124927	32119	0	0	0	0	0	0	
1960	32	0	125439	32251	0	0	0	0	0	0	
1968	32	0	125951	32383	0	0	0	0	0	0	
1976	32	0	126463	32514	0	0	0	0	0	0	
1984	32	0	126975	32646	0	0	0	0	0	0	
1992	32	0	127487	32777	0	0	0	0	0	0	
2000	32	0	127999	32909	0	0	0	0	0	0	
2008	33	0	128511	33041	0	0	0	0	0	0	
2016	33	0	129023	33173	0	0	0	0	0	0	
2024	33	0	129535	33304	0	0	0	0	0	0	
2032	33	0	130047	33435	0	0	0	0	0	0	
2040	33	0	130559	33567	0	0	0	0	0	0	
2048	33	0	131071	33699	0	0	0	0	0	0	
2056	33	0	131583	33831	0	0	0	0	0	0	
2064	33	0	132095	33965	0	0	0	0	0	0	
2072	34	0	132607	34097	0	0	0	0	0	0	
2080	34	0	133119	34228	0	0	0	0	0	0	
2088	34	0	133631	34360	0	0	0	0	0	0	
2096	34	0	134143	34491	0	0	0	0	0	0	
2104	34	0	134655	34623	0	0	0	0	0	0	
2112	34	0	135167	34755	0	0	0	0	0	0	
2120	34	0	135679	34888	0	0	0	0	0	0	
2128	35	0	136191	35020	0	0	0	0	0	0	
2136	35	0	136703	35151	0	0	0	0	0	0	
2144	35	0	137215	35283	0	0	0	0	0	0	
2152	35	0	137727	35415	0	0	0	0	0	0	
2160	35	0	138239	35546	0	0	0	0	0	0	
2168	35	0	138751	35678	0	0	0	0	0	0	
2176	35	0	139263	35811	0	0	0	0	0	0	
2184	35	0	139775	35944	0	0	0	0	0	0	
2192	36	0	140287	36076	0	0	0	0	0	0	
2200	36	0	140799	36207	0	0	0	0	0	0	
2208	36	0	141311	36340	0	0	0	0	0	0	
2216	36	0	141823	36471	0	0	0	0	0	0	
2224	36	0	142335	36603	0	0	0	0	0	0	
2232	36	0	142847	36735	0	0	0	0	0	0	
2240	36	0	143359	36867	0	0	0	0	0	0	
2248	36	0	143871	36998	0	0	0	0	0	0	
2256	37	0	144383	37131	0	0	0	0	0	0	
2264	37	0	144895	37262	0	0	0	0	0	0	
2272	37	0	145407	37394	0	0	0	0	0	0	
2280	37	0	145919	37526	0	0	0	0	0	0	
2288	37	0	146431	37658	0	0	0	0	0	0	
2296	37	0	146943	37790	0	0	0	0	0	0	
2304	37	0	147455	37924	0	0	0	0	0	0	
2312	38	0	147967	38056	0	0	0	0	0	0	
2320	38	0	148479	38188	0	0	0	0	0	0	
2328	38	0	148991	38319	0	0	0	0	0	0	
2336	38	0	149503	38451	0	0	0	0	0	0	
2344	38	0	150015	38583	0	0	0	0	0	0	
2352	38	0	150527	38715	0	0	0	0	0	0	
2360	38	0	151039	38847	0	0	0	0	0	0	
2368	38	0	151551	38979	0	0	0	0	0	0	
2376	39	0	152063	39111	0	0	0	0	0	0	
2384	39	0	152575	39243	0	0	0	0	0	0	
2392	39	0	153087	39375	0	0	0	0	0	0	
2400	39	0	153599	39507	0	0	0	0	0	0	
2408	39	0	154111	39640	0	0	0	0	0	0	
2416	39	0	154623	39772	0	0	0	0	0	0	
2424	39	0	155135	39907	0	0	0	0	0	0	
2432	40	0	155647	40040	0	0	0	0	0	0	
2440	40	0	156159	40171	0	0	0	0	0	0	
2448	40	0	156671	40303	0	0	0	0	0	0	
2456	40	0	157183	40435	0	0	0	0	0	0	
2464	40	0	157695	40568	0	0	0	0	0	0	
2472	40	0	158207	40699	0	0	0	0	0	0	
2480	40	0	158719	40832	0	0	0	0	0	0	
2488	40	0	159231	40964	0	0	0	0	0	0	
2496	41	0	159743	41096	0	0	0	0	0	0	
2504	41	0	160255	41229	0	0	0	0	0	0	
2512	41	0	160767	41361	0	0	0	0	0	0	
2520	41	0	161279	41492	0	0	0	0	0	0	
2528	41	0	161791	41625	0	0	0	0	0	0	
2536	41	0	162303	41757	0	0	0	0	0	0	
2544	41	0	162815	41891	0	0	0	0	0	0	
2552	42	0	163327	42024	0	0	0	0	0	0	
2560	42	0	163839	42156	0	0	0	0	0	0	
2568	42	0	164351	42288	0	0	0	0	0	0	
2576	42	0	164863	42420	0	0	0	0	0	0	
2584	42	0	165375	42552	0	0	0	0	0	0	
2592	42	0	165887	42686	0	0	0	0	0	0	
2600	42	0	166399	42819	0	0	0	0	0	0	
2608	42	0	166911	42951	0	0	0	0	0	0	
2616	43	0	167423	43083	0	0	0	0	0	0	
2624	43	0	167935	43215	0	0	0	0	0	0	
2632	43	0	168447	43348	0	0	0	0	0	0	
2640	43	0	168959	43480	0	0	0	0	0	0	
2648	43	0	169471	43612	0	0	0	0	0	0	
2656	43	0	169983	43745	0	0	0	0	0	0	
2664	43	0	170495	43878	0	0	0	0	0	0	
2672	44	0	171007	44011	0	0	0	0	0	0	
2680	44	0	171519	44143	0	0	0	0	0	0	
2688	44	0	172031	44275	0	0	0	0	0	0	
2696	44	0	172543	44408	0	0	0	0	0	0	
2704	44	0	173055	44541	0	0	0	0	0	0	
2712	44	0	173567	44673	0	0	0	0	0	0	
2720	44	0	174079	44805	0	0	0	0	0	0	
2728	44	0	174591	44939	0	0	0	0	0	0	
2736	45	0	175103	45072	0	0	0	0	0	0	
2744	45	0	175615	45204	0	0	0	0	0	0	
2752	45	0	176127	45337	0	0	0	0	0	0	
2760	45	0	176639	45469	0	0	0	0	0	0	
2768	45	0	177151	45601	0	0	0	0	0	0	
2776	45	0	177663	45734	0	0	0	0	0	0	
2784	45	0	178175	45866	0	0	0	0	0	0	
2792	46	0	178687	46000	0	0	0	0	0	0	
2800	46	0	179199	46133	0	0	0	0	0	0	
2808	46	0	179711	46265	0	0	0	0	0	0	
2816	46	0	180223	46397	0	0	0	0	0	0	
2824	46	0	180735	46529	0	0	0	0	0	0	
2832	46	0	181247	46661	0	0	0	0	0	0	
2840	46	0	181759	46794	0	0	0	0	0	0	
2848	46	0	182271	46926	0	0	0	0	0	0	
2856	47	0	182783	47059	0	0	0	0	0	0	
2864	47	0	183295	47192	0	0	0	0	0	0	
2872	47	0	183807	47324	0	0	0	0	0	0	
2880	47	0	184319	47457	0	0	0	0	0	0	
2888	47	0	184831	47590	0	0	0	0	0	0	
2896	47	0	185343	47722	0	0	0	0	0	0	
2904	47	0	185855	47855	0	0	0	0	0	0	
2912	47	0	186367	47989	0	0	0	0	0	0	
2920	48	0	186879	48122	0	0	0	0	0	0	
2928	48	0	187391	48254	0	0	0	0	0	0	
2936	48	0	187903	48386	0	0	0	0	0	0	
2944	48	0	188415	48519	0	0	0	0	0	0	
2952	48	0	188927	48652	0	0	0	0	0	0	
2960	48	0	189439	48785	0	0	0	0	0	0	
2968	48	0	189951	48917	0	0	0	0	0	0	
2976	49	0	190463	49050	0	0	0	0	0	0	
2984	49	0	190975	49182	0	0	0	0	0	0	
2992	49	0	191487	49314	0	0	0	0	0	0	
3000	49	0	191999	49447	0	0	0	0	0	0	
3008	49	0	192511	49580	0	0	0	0	0	0	
3016	49	0	193023	49712	0	0	0	0	0	0	
3024	49	0	193535	49845	0	0	0	0	0	0	
3032	49	0	194047	49981	0	0	0	0	0	0	
3040	50	0	194559	50113	0	0	0	0	0	0	
3048	50	0	195071	50245	0	0	0	0	0	0	
3056	50	0	195583	50379	0	0	0	0	0	0	
3064	50	0	196095	50511	0	0	0	0	0	0	
3072	50	0	196607	50644	0	0	0	0	0	0	
3080	50	0	197119	50777	0	0	0	0	0	0	
3088	50	0	197631	50910	0	0	0	0	0	0	
3096	51	0	198143	51043	0	0	0	0	0	0	
3104	51	0	198655	51177	0	0	0	0	0	0	
3112	51	0	199167	51309	0	0	0	0	0	0	
3120	51	0	199679	51442	0	0	0	0	0	0	
3128	51	0	200191	51575	0	0	0	0	0	0	
3136	51	0	200703	51708	0	0	0	0	0	0	
3144	51	0	201215	51841	0	0	0	0	0	0	
3152	51	0	201727	51977	0	0	0	0	0	0	
3160	52	0	202239	52110	0	0	0	0	0	0	
3168	52	0	202751	52242	0	0	0	0	0	0	
3176	52	0	203263	52375	0	0	0	0	0	0	
3184	52	0	203775	52508	0	0	0	0	0	0	
3192	52	0	204287	52640	0	0	0	0	0	0	
3200	52	0	204799	52774	0	0	0	0	0	0	
3208	52	0	205311	52907	0	0	0	0	0	0	
3216	53	0	205823	53039	0	0	0	0	0	0	
3224	53	0	206335	53172	0	0	0	0	0	0	
3232	53	0	206847	53305	0	0	0	0	0	0	
3240	53	0	207359	53438	0	0	0	0	0	0	
3248	53	0	207871	53570	0	0	0	0	0	0	
3256	53	0	208383	53704	0	0	0	0	0	0	
3264	53	0	208895	53837	0	0	0	0	0	0	
3272	53	0	209407	53972	0	0	0	0	0	0	
3280	54	0	209919	54105	0	0	0	0	0	0	
3288	54	0	210431	54238	0	0	0	0	0	0	
3296	54	0	210943	54370	0	0	0	0	0	0	
3304	54	0	211455	54504	0	0	0	0	0	0	
3312	54	0	211967	54636	0	0	0	0	0	0	
3320	54	0	212479	54769	0	0	0	0	0	0	
3328	54	0	212991	54903	0	0	0	0	0	0	
3336	55	0	213503	55037	0	0	0	0	0	0	
3344	55	0	214015	55170	0	0	0	0	0	0	
3352	55	0	214527	55304	0	0	0	0	0	0	
3360	55	0	215039	55437	0	0	0	0	0	0	
3368	55	0	215551	55570	0	0	0	0	0	0	
3376	55	0	216063	55703	0	0	0	0	0	0	
3384	55	0	216575	55837	0	0	0	0	0	0	
3392	55	0	217087	55972	0	0	0	0	0	0	
3400	56	0	217599	56105	0	0	0	0	0	0	
3408	56	0	218111	56239	0	0	0	0	0	0	
3416	56	0	218623	56372	0	0	0	0	0	0	
3424	56	0	219135	56505	0	0	0	0	0	0	
3432	56	0	219647	56637	0	0	0	0	0	0	
3440	56	0	220159	56771	0	0	0	0	0	0	
3448	56	0	220671	56904	0	0	0	0	0	0	
3456	57	0	221183	57038	0	0	0	0	0	0	
3464	57	0	221695	57171	0	0	0	0	0	0	
3472	57	0	222207	57304	0	0	0	0	0	0	
3480	57	0	222719	57437	0	0	0	0	0	0	
3488	57	0	223231	57571	0	0	0	0	0	0	
3496	57	0	223743	57704	0	0	0	0	0	0	
3504	57	0	224255	57838	0	0	0	0	0	0	
3512	57	0	224767	57973	0	0	0	0	0	0	
3520	58	0	225279	58106	0	0	0	0	0	0	
3528	58	0	225791	58239	0	0	0	0	0	0	
3536	58	0	226303	58373	0	0	0	0	0	0	
3544	58	0	226815	58506	0	0	0	0	0	0	
3552	58	0	227327	58639	0	0	0	0	0	0	
3560	58	0	227839	58773	0	0	0	0	0	0	
3568	58	0	228351	58906	0	0	0	0	0	0	
3576	59	0	228863	59040	0	0	0	0	0	0	
3584	59	0	229375	59173	0	0	0	0	0	0	
3592	59	0	229887	59307	0	0	0	0	0	0	
3600	59	0	230399	59441	0	0	0	0	0	0	
3608	59	0	230911	59574	0	0	0	0	0	0	
3616	59	0	231423	59707	0	0	0	0	0	0	
3624	59	0	231935	59841	0	0	0	0	0	0	
3632	59	0	232447	59982	0	0	0	0	0	0	
3640	60	0	232959	60130	0	0	0	0	0	0	
3648	60	0	233471	60293	0	0	0	0	0	0	
3656	60	0	233983	60427	0	0	0	0	0	0	
3664	60	0	234495	60561	0	0	0	0	0	0	
3672	60	0	235007	60695	0	0	0	0	0	0	
3680	60	0	235519	60828	0	0	0	0	0	0	
3688	60	0	236031	60962	0	0	0	0	0	0	
3696	61	0	236543	61095	0	0	0	0	0	0	
3704	61	0	237055	61230	0	0	0	0	0	0	
3712	61	0	237567	61363	0	0	0	0	0	0	
3720	61	0	238079	61496	0	0	0	0	0	0	
3728	61	0	238591	61630	0	0	0	0	0	0	
3736	61	0	239103	61764	0	0	0	0	0	0	
3744	61	0	239615	61897	0	0	0	0	0	0	
3752	62	0	240127	62033	0	0	0	0	0	0	
3760	62	0	240639	62167	0	0	0	0	0	0	
3768	62	0	241151	62300	0	0	0	0	0	0	
3776	62	0	241663	62434	0	0	0	0	0	0	
3784	62	0	242175	62568	0	0	0	0	0	0	
3792	62	0	242687	62701	0	0	0	0	0	0	
3800	62	0	243199	62836	0	0	0	0	0	0	
3808	62	0	243711	62969	0	0	0	0	0	0	
3816	63	0	244223	63103	0	0	0	0	0	0	
3824	63	0	244735	63237	0	0	0	0	0	0	
3832	63	0	245247	63370	0	0	0	0	0	0	
3840	63	0	245759	63504	0	0	0	0	0	0	
3848	63	0	246271	63638	0	0	0	0	0	0	
3856	63	0	246783	63772	0	0	0	0	0	0	
3864	63	0	247295	63907	0	0	0	0	0	0	
3872	64	0	247807	64041	0	0	0	0	0	0	
3880	64	0	248319	64175	0	0	0	0	0	0	
3888	64	0	248831	64309	0	0	0	0	0	0	
3896	64	0	249343	64443	0	0	0	0	0	0	
3904	64	0	249855	64577	0	0	0	0	0	0	
3912	64	0	250367	64711	0	0	0	0	0	0	
3920	64	0	250879	64844	0	0	0	0	0	0	
3928	64	0	251391	64979	0	0	0	0	0	0	
3936	65	0	251903	65113	0	0	0	0	0	0	
3944	65	0	252415	65247	0	0	0	0	0	0	
3952	65	0	252927	65381	0	0	0	0	0	0	
3960	65	0	253439	65515	0	0	0	0	0	0	
3968	65	0	253951	65648	0	0	0	0	0	0	
3976	65	0	254463	65783	0	0	0	0	0	0	
3984	65	0	254975	65917	0	0	0	0	0	0	
3992	66	0	255487	66052	0	0	0	0	0	0	
4000	66	0	255999	66186	0	0	0	0	0	0	
4008	66	0	256511	66320	0	0	0	0	0	0	
4016	66	0	257023	66454	0	0	0	0	0	0	
4024	66	0	257535	66588	0	0	0	0	0	0	
4032	66	0	258047	66722	0	0	0	0	0	0	
4040	66	0	258559	66857	0	0	0	0	0	0	
4048	66	0	259071	66991	0	0	0	0	0	0	
4056	67	0	259583	67127	0	0	0	0	0	0	
4064	67	0	260095	67260	0	0	0	0	0	0	
4072	67	0	260607	67395	0	0	0	0	0	0	
4080	67	0	261119	67529	0	0	0	0	0	0	
4088	67	0	261631	67662	0	0	0	0	0	0	
4096	67	0	262143	67796	0	0	0	0	0	0	
4104	67	0	262655	67933	0	0	0	0	0	0	
4112	68	0	263167	68067	0	0	0	0	0	0	
4120	68	0	263679	68201	0	0	0	0	0	0	
4128	68	0	264191	68335	0	0	0	0	0	0	
4136	68	0	264703	68469	0	0	0	0	0	0	
4144	68	0	265215	68602	0	0	0	0	0	0	
4152	68	0	265727	68737	0	0	0	0	0	0	
4160	68	0	266239	68871	0	0	0	0	0	0	
4168	69	0	266751	69005	0	0	0	0	0	0	
4176	69	0	267263	69139	0	0	0	0	0	0	
4184	69	0	267775	69273	0	0	0	0	0	0	
4192	69	0	268287	69407	0	0	0	0	0	0	
4200	69	0	268799	69541	0	0	0	0	0	0	
4208	69	0	269311	69675	0	0	0	0	0	0	
4216	69	0	269823	69811	0	0	0	0	0	0	
4224	69	0	270335	69947	0	0	0	0	0	0	
4232	70	0	270847	70082	0	0	0	0	0	0	
4240	70	0	271359	70216	0	0	0	0	0	0	
4248	70	0	271871	70350	0	0	0	0	0	0	
4256	70	0	272383	70484	0	0	0	0	0	0	
4264	70	0	272895	70619	0	0	0	0	0	0	
4272	70	0	273407	70753	0	0	0	0	0	0	
4280	70	0	273919	70887	0	0	0	0	0	0	
4288	71	0	274431	71021	0	0	0	0	0	0	
4296	71	0	274943	71156	0	0	0	0	0	0	
4304	71	0	275455	71290	0	0	0	0	0	0	
4312	71	0	275967	71424	0	0	0	0	0	0	
4320	71	0	276479	71558	0	0	0	0	0	0	
4328	71	0	276991	71692	0	0	0	0	0	0	
4336	71	0	277503	71827	0	0	0	0	0	0	
4344	71	0	278015	71963	0	0	0	0	0	0	
4352	72	0	278527	72098	0	0	0	0	0	0	
4360	72	0	279039	72232	0	0	0	0	0	0	
4368	72	0	279551	72366	0	0	0	0	0	0	
4376	72	0	280063	72500	0	0	0	0	0	0	
4384	72	0	280575	72634	0	0	0	0	0	0	
4392	72	0	281087	72769	0	0	0	0	0	0	
4400	72	0	281599	72903	0	0	0	0	0	0	
4408	73	0	282111	73038	0	0	0	0	0	0	
4416	73	0	282623	73172	0	0	0	0	0	0	
4424	73	0	283135	73307	0	0	0	0	0	0	
4432	73	0	283647	73441	0	0	0	0	0	0	
4440	73	0	284159	73575	0	0	0	0	0	0	
4448	73	0	284671	73710	0	0	0	0	0	0	
4456	73	0	285183	73845	0	0	0	0	0	0	
4464	73	0	285695	73981	0	0	0	0	0	0	
4472	74	0	286207	74115	0	0	0	0	0	0	
4480	74	0	286719	74249	0	0	0	0	0	0	
4488	74	0	287231	74384	0	0	0	0	0	0	
4496	74	0	287743	74517	0	0	0	0	0	0	
4504	74	0	288255	74653	0	0	0	0	0	0	
4512	74	0	288767	74787	0	0	0	0	0	0	
4520	74	0	289279	74923	0	0	0	0	0	0	
4528	75	0	289791	75058	0	0	0	0	0	0	
4536	75	0	290303	75192	0	0	0	0	0	0	
4544	75	0	290815	75326	0	0	0	0	0	0	
4552	75	0	291327	75462	0	0	0	0	0	0	
4560	75	0	291839	75596	0	0	0	0	0	0	
4568	75	0	292351	75731	0	0	0	0	0	0	
4576	75	0	292863	75865	0	0	0	0	0	0	
4584	76	0	293375	76001	0	0	0	0	0	0	
4592	76	0	293887	76136	0	0	0	0	0	0	
4600	76	0	294399	76271	0	0	0	0	0	0	
4608	76	0	294911	76405	0	0	0	0	0	0	
4616	76	0	295423	76540	0	0	0	0	0	0	
4624	76	0	295935	76675	0	0	0	0	0	0	
4632	76	0	296447	76810	0	0	0	0	0	0	
4640	76	0	296959	76944	0	0	0	0	0	0	
4648	77	0	297471	77079	0	0	0	0	0	0	
4656	77	0	297983	77214	0	0	0	0	0	0	
4664	77	0	298495	77349	0	0	0	0	0	0	
4672	77	0	299007	77483	0	0	0	0	0	0	
4680	77	0	299519	77617	0	0	0	0	0	0	
4688	77	0	300031	77752	0	0	0	0	0	0	
4696	77	0	300543	77888	0	0	0	0	0	0	
4704	78	0	301055	78024	0	0	0	0	0	0	
4712	78	0	301567	78160	0	0	0	0	0	0	
4720	78	0	302079	78294	0	0	0	0	0	0	
4728	78	0	302591	78429	0	0	0	0	0	0	
4736	78	0	303103	78563	0	0	0	0	0	0	
4744	78	0	303615	78697	0	0	0	0	0	0	
4752	78	0	304127	78833	0	0	0	0	0	0	
4760	78	0	304639	78968	0	0	0	0	0	0	
4768	79	0	305151	79102	0	0	0	0	0	0	
4776	79	0	305663	79237	0	0	0	0	0	0	
4784	79	0	306175	79372	0	0	0	0	0	0	
4792	79	0	306687	79506	0	0	0	0	0	0	
4800	79	0	307199	79641	0	0	0	0	0	0	
4808	79	0	307711	79777	0	0	0	0	0	0	
4816	79	0	308223	79913	0	0	0	0	0	0	
4824	80	0	308735	80050	0	0	0	0	0	0	
4832	80	0	309247	80184	0	0	0	0	0	0	
4840	80	0	309759	80319	0	0	0	0	0	0	
4848	80	0	310271	80454	0	0	0	0	0	0	
4856	80	0	310783	80589	0	0	0	0	0	0	
4864	80	0	311295	80724	0	0	0	0	0	0	
4872	80	0	311807	80860	0	0	0	0	0	0	
4880	80	0	312319	80994	0	0	0	0	0	0	
4888	81	0	312831	81130	0	0	0	0	0	0	
4896	81	0	313343	81264	0	0	0	0	0	0	
4904	81	0	313855	81400	0	0	0	0	0	0	
4912	81	0	314367	81535	0	0	0	0	0	0	
4920	81	0	314879	81670	0	0	0	0	0	0	
4928	81	0	315391	81805	0	0	0	0	0	0	
4936	81	0	315903	81940	0	0	0	0	0	0	
4944	82	0	316415	82076	0	0	0	0	0	0	
4952	82	0	316927	82212	0	0	0	0	0	0	
4960	82	0	317439	82347	0	0	0	0	0	0	
4968	82	0	317951	82482	0	0	0	0	0	0	
4976	82	0	318463	82617	0	0	0	0	0	0	
4984	82	0	318975	82752	0	0	0	0	0	0	
4992	82	0	319487	82886	0	0	0	0	0	0	
5000	83	0	319999	83022	0	0	0	0	0	0	
5008	83	0	320511	83157	0	0	0	0	0	0	
5016	83	0	321023	83292	0	0	0	0	0	0	
5024	83	0	321535	83427	0	0	0	0	0	0	
5032	83	0	322047	83562	0	0	0	0	0	0	
5040	83	0	322559	83697	0	0	0	0	0	0	
5048	83	0	323071	83833	0	0	0	0	0	0	
5056	83	0	323583	83971	0	0	0	0	0	0	
5064	84	0	324095	84106	0	0	0	0	0	0	
5072	84	0	324607	84241	0	0	0	0	0	0	
5080	84	0	325119	84376	0	0	0	0	0	0	
5088	84	0	325631	84511	0	0	0	0	0	0	
5096	84	0	326143	84647	0	0	0	0	0	0	
5104	84	0	326655	84782	0	0	0	0	0	0	
5112	84	0	327167	84919	0	0	0	0	0	0	
5120	85	0	327679	85054	0	0	0	0	0	0	
