#input	time	ios	pfs	timems	pbo	dbo	ibo	pbu	ndo	ars	
1	3	18939	0	3518	850	0	137	42	16	0	
2	10	52603	0	10628	874	0	411	88	42	0	
3	18	90264	0	18378	897	0	771	108	58	0	
4	26	130898	0	26447	906	0	1140	147	79	0	
5	36	180038	0	36604	930	0	1553	208	112	0	
6	46	226148	0	46418	940	0	1925	283	141	0	
7	55	270684	0	55163	952	0	2380	296	151	0	
8	64	320882	0	64996	971	0	2813	362	184	0	
9	74	370666	0	74599	982	0	3299	389	203	0	
10	85	423342	0	85946	1002	0	3799	428	225	0	
11	96	476637	0	96717	1022	0	4334	443	238	0	
12	111	543018	0	111474	1048	0	4863	540	279	0	
13	121	594205	0	121879	1059	0	5378	568	298	0	
14	134	658864	0	134934	1086	0	6024	611	328	0	
15	149	724719	0	149173	1106	0	6624	687	360	0	
16	160	783083	0	160688	1116	0	7188	735	380	0	
17	172	844048	0	172268	1137	0	7796	767	397	0	
18	184	901335	0	184285	1152	0	8384	784	407	0	
19	197	969815	0	197877	1170	0	9026	834	433	0	
20	211	1036662	0	211795	1189	0	9621	907	466	0	
21	226	1103119	0	226928	1198	0	10232	984	495	0	
22	242	1174463	0	242206	1217	0	10954	1036	520	0	
23	257	1245555	0	257052	1242	0	11673	1081	540	0	
24	271	1313179	0	271063	1255	0	12400	1100	552	0	
25	288	1388430	0	288211	1269	0	13159	1135	573	0	
26	301	1458226	0	301778	1288	0	13882	1159	593	0	
27	316	1526931	0	316311	1302	0	14559	1202	617	0	
28	334	1608651	0	334449	1318	0	15315	1286	655	0	
29	348	1682415	0	348703	1337	0	16031	1342	685	0	
30	364	1756275	0	364692	1359	0	16786	1373	707	0	
31	380	1825243	0	380102	1371	0	17515	1383	716	0	
32	398	1903742	0	398292	1399	0	18268	1428	753	0	
33	413	1976178	0	413865	1425	0	18951	1492	786	0	
34	427	2049491	0	427723	1439	0	19730	1516	798	0	
35	446	2130244	0	446541	1464	0	20526	1565	826	0	
36	461	2202374	0	461125	1471	0	21317	1576	834	0	
37	480	2276683	0	480343	1481	0	22083	1595	853	0	
38	497	2357954	0	497727	1501	0	22896	1645	878	0	
39	514	2432893	0	514535	1522	0	23680	1665	888	0	
40	530	2513419	0	530954	1539	0	24497	1698	906	0	
41	550	2590276	0	550842	1558	0	25287	1716	922	0	
42	569	2671810	0	569193	1586	0	26113	1749	943	0	
43	591	2757899	0	591105	1609	0	26961	1794	967	0	
44	611	2840624	0	611825	1635	0	27768	1833	996	0	
45	627	2920237	0	627564	1648	0	28538	1876	1023	0	
46	643	2992736	0	643435	1668	0	29260	1902	1044	0	
47	666	3074817	0	666165	1685	0	30019	1974	1076	0	
48	689	3165421	0	689694	1707	0	30838	2061	1121	0	
49	704	3237582	0	704607	1720	0	31603	2072	1131	0	
50	722	3321326	0	722382	1743	0	32419	2118	1157	0	
51	744	3404401	0	744720	1763	0	33243	2161	1182	0	
52	759	3483908	0	759898	1782	0	34074	2178	1198	0	
53	780	3565248	0	780063	1804	0	34824	2258	1238	0	
54	796	3648050	0	796962	1826	0	35653	2298	1268	0	
55	822	3732234	0	822209	1840	0	36494	2360	1286	0	
56	839	3820786	0	839934	1857	0	37362	2411	1320	0	
57	862	3897537	0	862228	1868	0	38193	2422	1328	0	
58	878	3979087	0	878094	1881	0	39033	2449	1352	0	
59	901	4063371	0	901667	1907	0	39902	2485	1376	0	
60	919	4146599	0	919215	1921	0	40757	2520	1392	0	
61	939	4224620	0	939185	1928	0	41594	2531	1399	0	
62	956	4307197	0	956510	1944	0	42454	2548	1413	0	
63	981	4401304	0	981730	1973	0	43342	2630	1450	0	
64	999	4482885	0	999802	1978	0	44205	2644	1459	0	
65	1026	4572358	0	1026439	1998	0	45057	2705	1494	0	
66	1043	4657999	0	1043289	2013	0	45884	2768	1521	0	
67	1066	4743632	0	1066421	2034	0	46724	2814	1546	0	
68	1084	4827338	0	1084148	2054	0	47551	2858	1565	0	
69	1104	4908928	0	1104799	2071	0	48378	2882	1584	0	
70	1122	4993161	0	1122993	2093	0	49191	2932	1617	0	
71	1151	5094622	0	1151178	2113	0	50064	3056	1665	0	
72	1168	5172698	0	1168139	2126	0	50890	3070	1675	0	
73	1189	5255642	0	1189382	2147	0	51680	3124	1712	0	
74	1209	5342922	0	1209943	2171	0	52544	3169	1743	0	
75	1232	5423468	0	1232675	2190	0	53404	3180	1750	0	
76	1250	5506853	0	1250142	2209	0	54257	3211	1768	0	
77	1272	5588634	0	1272903	2226	0	55109	3231	1784	0	
78	1292	5674552	0	1292365	2242	0	55997	3252	1799	0	
79	1317	5760575	0	1317770	2257	0	56803	3325	1823	0	
80	1336	5839840	0	1336292	2266	0	57674	3333	1828	0	
81	1361	5931241	0	1361527	2285	0	58608	3371	1854	0	
82	1385	6025593	0	1385282	2309	0	59534	3429	1891	0	
83	1405	6104552	0	1405252	2318	0	60420	3432	1894	0	
84	1425	6194687	0	1425115	2338	0	61352	3464	1918	0	
85	1446	6275915	0	1446903	2344	0	62144	3531	1942	0	
86	1468	6376674	0	1468380	2372	0	63132	3613	1988	0	
87	1496	6465733	0	1496733	2385	0	64074	3651	2016	0	
88	1520	6554267	0	1520530	2397	0	65056	3668	2031	0	
89	1545	6649835	0	1545114	2412	0	65973	3757	2076	0	
90	1570	6744574	0	1570175	2429	0	66926	3823	2116	0	
91	1589	6837395	0	1589165	2442	0	67897	3866	2147	0	
92	1617	6930237	0	1617434	2465	0	68857	3923	2169	0	
93	1638	7022756	0	1638272	2481	0	69831	3964	2198	0	
94	1665	7111855	0	1665987	2495	0	70758	4009	2223	0	
95	1685	7199708	0	1685788	2508	0	71728	4025	2236	0	
96	1714	7292044	0	1714441	2519	0	72693	4064	2259	0	
97	1732	7379733	0	1732357	2531	0	73669	4081	2272	0	
98	1757	7469607	0	1757822	2546	0	74632	4113	2289	0	
99	1781	7572381	0	1781304	2564	0	75639	4202	2328	0	
100	1808	7662981	0	1808906	2581	0	76599	4234	2347	0	
101	1833	7762561	0	1833728	2608	0	77596	4295	2385	0	
102	1861	7850380	0	1861179	2622	0	78543	4323	2402	0	
103	1883	7941831	0	1883126	2642	0	79525	4348	2422	0	
104	1906	8028453	0	1906950	2653	0	80472	4356	2426	0	
105	1934	8123522	0	1934123	2675	0	81454	4402	2453	0	
106	1957	8225431	0	1957395	2696	0	82472	4464	2482	0	
107	1986	8317861	0	1986681	2713	0	83472	4483	2493	0	
108	2005	8408077	0	2005744	2727	0	84435	4502	2508	0	
109	2034	8502430	0	2034372	2748	0	85399	4541	2533	0	
110	2057	8596761	0	2057886	2770	0	86362	4584	2555	0	
111	2085	8692923	0	2085065	2793	0	87329	4637	2581	0	
112	2108	8789200	0	2108546	2812	0	88247	4717	2612	0	
113	2130	8880584	0	2130869	2826	0	89166	4766	2641	0	
114	2159	8970111	0	2159594	2839	0	90110	4790	2659	0	
115	2182	9059732	0	2182390	2849	0	91066	4808	2672	0	
116	2208	9163768	0	2208079	2860	0	92046	4904	2708	0	
117	2230	9249599	0	2230858	2875	0	92959	4925	2724	0	
118	2253	9342239	0	2253874	2897	0	93920	4962	2745	0	
119	2280	9438771	0	2280812	2907	0	94878	5014	2780	0	
120	2305	9532384	0	2305410	2921	0	95865	5041	2800	0	
121	2327	9626827	0	2327569	2934	0	96770	5112	2834	0	
122	2354	9716260	0	2354131	2942	0	97700	5150	2852	0	
123	2376	9813226	0	2376530	2967	0	98679	5197	2882	0	
124	2409	9918737	0	2409544	2994	0	99666	5312	2924	0	
125	2431	10009939	0	2431133	3009	0	100590	5354	2953	0	
126	2456	10103873	0	2456925	3032	0	101548	5396	2980	0	
127	2485	10207656	0	2485522	3056	0	102535	5487	3019	0	
128	2511	10298947	0	2511431	3071	0	103485	5515	3036	0	
129	2539	10396179	0	2539193	3091	0	104453	5571	3064	0	
130	2566	10487552	0	2566224	3107	0	105447	5582	3074	0	
131	2595	10578562	0	2595477	3115	0	106395	5613	3086	0	
132	2616	10674814	0	2616815	3134	0	107371	5656	3108	0	
133	2647	10767570	0	2647938	3152	0	108309	5704	3127	0	
134	2672	10862005	0	2672186	3162	0	109291	5730	3146	0	
135	2704	10960836	0	2704565	3179	0	110275	5782	3180	0	
136	2724	11048861	0	2724015	3193	0	111230	5789	3186	0	
137	2756	11142589	0	2756406	3222	0	112204	5816	3206	0	
138	2778	11230498	0	2778145	3237	0	113056	5881	3237	0	
139	2810	11332984	0	2810669	3247	0	114097	5941	3266	0	
140	2830	11425823	0	2830496	3262	0	115106	5957	3279	0	
141	2864	11524522	0	2864795	3279	0	116132	5998	3300	0	
142	2887	11626971	0	2887124	3299	0	117141	6077	3333	0	
143	2920	11725026	0	2920720	3317	0	118139	6128	3354	0	
144	2942	11818320	0	2942045	3330	0	119134	6145	3371	0	
145	2979	11915851	0	2979831	3356	0	120149	6191	3400	0	
146	3004	12027438	0	3004324	3385	0	121204	6299	3457	0	
147	3035	12120824	0	3035936	3396	0	122222	6319	3471	0	
148	3059	12213695	0	3059307	3404	0	123234	6333	3482	0	
149	3091	12312704	0	3091135	3420	0	124257	6380	3502	0	
150	3113	12418635	0	3113486	3447	0	125300	6456	3547	0	
151	3154	12538082	0	3154105	3473	0	126258	6655	3621	0	
152	3173	12628195	0	3173472	3480	0	127213	6678	3635	0	
153	3205	12716911	0	3205471	3491	0	128180	6690	3645	0	
154	3230	12820262	0	3230171	3527	0	129223	6751	3684	0	
155	3259	12916593	0	3259011	3547	0	130230	6788	3706	0	
156	3285	13014972	0	3285765	3568	0	131232	6837	3736	0	
157	3319	13117291	0	3319732	3583	0	132252	6898	3776	0	
158	3346	13206463	0	3346521	3591	0	133217	6908	3787	0	
159	3376	13305809	0	3376097	3607	0	134243	6947	3813	0	
160	3407	13400806	0	3407336	3622	0	135250	6976	3828	0	
161	3431	13496990	0	3431846	3636	0	136259	7005	3849	0	
162	3461	13592513	0	3461556	3659	0	137276	7034	3869	0	
163	3486	13689451	0	3486599	3674	0	138311	7057	3885	0	
164	3519	13802206	0	3519092	3700	0	139398	7152	3932	0	
165	3555	13901992	0	3555271	3724	0	140437	7181	3951	0	
166	3585	14013369	0	3585330	3747	0	141510	7273	3993	0	
167	3616	14110954	0	3616193	3758	0	142513	7313	4012	0	
168	3643	14206426	0	3643347	3772	0	143527	7328	4024	0	
169	3673	14305193	0	3673021	3784	0	144567	7348	4037	0	
170	3690	14391283	0	3690263	3787	0	145507	7354	4041	0	
171	3723	14490169	0	3723775	3805	0	146506	7400	4066	0	
172	3750	14595487	0	3750992	3823	0	147550	7458	4096	0	
173	3776	14699182	0	3776421	3845	0	148593	7505	4125	0	
174	3807	14799523	0	3807527	3867	0	149650	7529	4144	0	
175	3829	14902144	0	3829604	3885	0	150667	7582	4175	0	
176	3866	15000708	0	3866270	3904	0	151708	7602	4191	0	
177	3895	15098975	0	3895022	3924	0	152751	7619	4204	0	
178	3927	15204099	0	3927248	3943	0	153809	7676	4228	0	
179	3961	15300038	0	3961656	3958	0	154829	7693	4236	0	
180	3985	15404451	0	3985530	3986	0	155895	7736	4267	0	
181	4014	15511985	0	4014960	4007	0	156965	7793	4299	0	
182	4042	15605820	0	4042752	4016	0	157935	7820	4314	0	
183	4074	15701388	0	4074057	4025	0	158974	7825	4318	0	
184	4098	15808943	0	4098763	4049	0	160024	7889	4354	0	
185	4133	15917647	0	4133363	4059	0	161060	7956	4394	0	
186	4161	16012462	0	4161497	4070	0	162037	7980	4410	0	
187	4183	16113508	0	4183582	4083	0	163048	8031	4431	0	
188	4214	16210167	0	4214417	4094	0	164049	8057	4448	0	
189	4249	16306297	0	4249519	4109	0	165053	8076	4465	0	
190	4269	16403630	0	4269796	4127	0	166082	8095	4478	0	
191	4303	16501556	0	4303566	4143	0	167132	8108	4489	0	
192	4336	16601860	0	4336185	4168	0	168169	8134	4504	0	
193	4356	16702413	0	4356402	4177	0	169225	8157	4519	0	
194	4386	16809361	0	4386842	4209	0	170277	8221	4552	0	
195	4428	16917052	0	4428561	4230	0	171290	8307	4598	0	
196	4448	17015995	0	4448353	4246	0	172281	8350	4627	0	
197	4479	17109341	0	4479312	4261	0	173270	8363	4638	0	
198	4517	17217802	0	4517103	4286	0	174320	8435	4673	0	
199	4538	17321108	0	4538878	4295	0	175356	8480	4697	0	
200	4569	17423270	0	4569322	4307	0	176424	8504	4713	0	
201	4604	17523662	0	4604992	4320	0	177469	8527	4731	0	
202	4638	17619713	0	4638370	4332	0	178499	8537	4738	0	
203	4659	17722215	0	4659612	4346	0	179555	8563	4759	0	
204	4695	17823634	0	4695158	4359	0	180618	8578	4773	0	
205	4732	17929041	0	4732597	4381	0	181679	8626	4805	0	
206	4751	18026047	0	4751375	4394	0	182694	8645	4818	0	
207	4784	18133120	0	4784622	4416	0	183799	8678	4839	0	
208	4812	18235004	0	4812899	4435	0	184851	8707	4857	0	
209	4847	18339916	0	4847853	4449	0	185939	8735	4879	0	
210	4876	18449018	0	4876800	4470	0	187032	8788	4908	0	
211	4913	18555031	0	4913807	4496	0	188114	8826	4931	0	
212	4943	18666779	0	4943866	4515	0	189164	8907	4976	0	
213	4971	18767576	0	4971668	4532	0	190209	8937	4991	0	
214	4998	18869338	0	4998938	4546	0	191261	8962	5006	0	
215	5033	18970137	0	5033465	4559	0	192298	8992	5025	0	
216	5062	19073970	0	5062952	4567	0	193368	9020	5045	0	
217	5099	19169716	0	5099212	4570	0	194392	9027	5049	0	
218	5124	19276432	0	5124714	4593	0	195495	9054	5066	0	
219	5154	19376470	0	5154441	4602	0	196543	9073	5078	0	
220	5189	19480456	0	5189239	4620	0	197607	9111	5097	0	
221	5218	19573153	0	5218910	4644	0	198507	9175	5133	0	
222	5243	19675821	0	5243896	4656	0	199577	9207	5151	0	
223	5282	19788669	0	5282405	4679	0	200706	9277	5181	0	
224	5316	19889023	0	5316136	4691	0	201782	9297	5195	0	
225	5338	19996799	0	5338694	4716	0	202894	9334	5221	0	
226	5379	20098789	0	5379018	4732	0	203929	9375	5256	0	
227	5415	20203425	0	5415991	4750	0	204947	9455	5296	0	
228	5440	20311396	0	5440225	4762	0	206013	9534	5329	0	
229	5476	20413773	0	5476757	4772	0	207069	9570	5363	0	
230	5514	20518169	0	5514683	4804	0	208171	9604	5386	0	
231	5533	20611088	0	5533222	4818	0	209199	9612	5393	0	
232	5565	20717778	0	5565854	4837	0	210323	9654	5416	0	
233	5611	20835117	0	5611410	4863	0	211400	9760	5476	0	
234	5641	20940922	0	5641542	4877	0	212440	9843	5514	0	
235	5668	21042483	0	5668543	4892	0	213471	9898	5548	0	
236	5704	21145629	0	5704067	4906	0	214540	9945	5573	0	
237	5739	21250477	0	5739269	4928	0	215633	9979	5602	0	
238	5767	21347367	0	5767248	4944	0	216658	10006	5626	0	
239	5811	21451996	0	5811537	4969	0	217759	10046	5657	0	
240	5837	21559373	0	5837231	4990	0	218835	10116	5690	0	
241	5863	21661959	0	5863703	5015	0	219905	10158	5718	0	
242	5898	21765714	0	5898879	5029	0	220994	10198	5739	0	
243	5938	21873499	0	5938442	5056	0	222102	10249	5770	0	
244	5965	21972666	0	5965198	5080	0	223164	10269	5786	0	
245	5997	22072381	0	5997054	5095	0	224237	10286	5802	0	
246	6041	22177818	0	6041103	5111	0	225323	10333	5831	0	
247	6065	22276522	0	6065067	5131	0	226408	10345	5842	0	
248	6105	22381268	0	6105337	5149	0	227522	10382	5862	0	
249	6143	22484460	0	6143554	5165	0	228609	10423	5887	0	
250	6167	22591645	0	6167599	5187	0	229727	10462	5915	0	
251	6200	22702723	0	6200271	5215	0	230854	10515	5954	0	
252	6235	22800473	0	6235485	5223	0	231918	10532	5967	0	
253	6271	22905494	0	6271612	5234	0	233021	10574	5987	0	
254	6297	23015276	0	6297847	5259	0	234104	10643	6021	0	
255	6331	23115023	0	6331056	5271	0	235171	10664	6036	0	
256	6372	23225073	0	6372075	5299	0	236278	10722	6071	0	
257	6402	23327491	0	6402991	5315	0	237374	10751	6089	0	
258	6431	23429890	0	6431430	5331	0	238468	10776	6104	0	
259	6458	23530567	0	6458194	5352	0	239555	10793	6120	0	
260	6496	23646952	0	6496116	5363	0	240689	10871	6154	0	
261	6532	23753483	0	6532031	5387	0	241739	10940	6189	0	
262	6566	23860286	0	6566822	5401	0	242830	10983	6220	0	
263	6591	23960943	0	6591112	5415	0	243909	11003	6235	0	
264	6620	24058456	0	6620254	5429	0	244950	11022	6251	0	
265	6658	24169707	0	6658158	5451	0	246068	11080	6283	0	
266	6699	24283359	0	6699910	5463	0	247139	11184	6316	0	
267	6725	24382397	0	6725340	5473	0	248194	11204	6332	0	
268	6757	24481657	0	6757097	5488	0	249252	11222	6345	0	
269	6788	24582874	0	6788984	5504	0	250340	11237	6356	0	
270	6828	24695987	0	6828396	5526	0	251442	11319	6395	0	
271	6863	24799111	0	6863996	5543	0	252520	11354	6415	0	
272	6901	24898852	0	6901674	5552	0	253604	11371	6426	0	
273	6929	25005072	0	6929940	5569	0	254686	11415	6454	0	
274	6973	25107662	0	6973518	5581	0	255758	11447	6470	0	
275	7010	25214047	0	7010423	5605	0	256875	11478	6487	0	
276	7042	25333706	0	7042092	5633	0	257977	11595	6533	0	
277	7070	25440938	0	7070913	5653	0	259112	11622	6551	0	
278	7102	25541940	0	7102639	5667	0	260176	11651	6566	0	
279	7145	25648789	0	7145958	5687	0	261261	11696	6599	0	
280	7185	25758358	0	7185603	5709	0	262303	11787	6640	0	
281	7209	25856477	0	7209233	5728	0	263362	11798	6649	0	
282	7244	25964993	0	7244280	5749	0	264467	11852	6677	0	
283	7275	26060154	0	7275581	5759	0	265500	11863	6687	0	
284	7311	26169505	0	7311407	5768	0	266621	11905	6709	0	
285	7346	26278059	0	7346749	5793	0	267721	11955	6736	0	
286	7386	26381804	0	7386216	5806	0	268822	11972	6750	0	
287	7425	26485360	0	7425602	5824	0	269884	12018	6773	0	
288	7451	26593053	0	7451815	5841	0	270993	12061	6797	0	
289	7489	26702115	0	7489397	5871	0	272117	12102	6826	0	
290	7524	26806893	0	7524811	5886	0	273220	12129	6842	0	
291	7574	26913997	0	7574101	5909	0	274284	12183	6874	0	
292	7606	27024082	0	7606024	5937	0	275325	12266	6922	0	
293	7633	27124324	0	7633743	5948	0	276383	12301	6939	0	
294	7669	27231409	0	7669619	5961	0	277422	12378	6967	0	
295	7706	27339571	0	7706153	5984	0	278531	12425	6998	0	
296	7745	27445663	0	7745012	6000	0	279626	12460	7021	0	
297	7779	27549210	0	7779304	6026	0	280689	12511	7043	0	
298	7816	27652568	0	7816226	6041	0	281792	12534	7059	0	
299	7856	27751642	0	7856577	6051	0	282875	12541	7065	0	
300	7891	27852108	0	7891889	6058	0	283924	12571	7081	0	
301	7918	27958704	0	7918691	6076	0	285037	12605	7099	0	
302	7952	28064101	0	7952677	6095	0	286137	12635	7119	0	
303	7990	28178506	0	7990762	6117	0	287285	12693	7158	0	
304	8022	28284728	0	8022631	6139	0	288418	12712	7172	0	
305	8057	28392391	0	8057914	6150	0	289534	12747	7195	0	
306	8088	28500735	0	8088746	6168	0	290577	12825	7235	0	
307	8122	28593917	0	8122971	6180	0	291561	12862	7251	0	
308	8164	28708025	0	8164127	6191	0	292742	12914	7284	0	
309	8195	28807237	0	8195699	6199	0	293871	12917	7287	0	
310	8219	28908500	0	8219879	6210	0	294981	12940	7300	0	
311	8258	29012802	0	8258218	6219	0	296125	12961	7311	0	
312	8294	29119294	0	8294519	6236	0	297288	12986	7327	0	
313	8332	29230653	0	8332933	6253	0	298440	13036	7360	0	
314	8375	29334121	0	8375336	6270	0	299590	13044	7368	0	
315	8408	29442440	0	8408287	6283	0	300769	13067	7385	0	
316	8447	29549171	0	8447867	6304	0	301923	13090	7403	0	
317	8495	29655279	0	8495601	6316	0	303088	13113	7414	0	
318	8524	29763012	0	8524886	6331	0	304239	13142	7439	0	
319	8559	29863706	0	8559218	6342	0	305378	13145	7441	0	
320	8591	29970200	0	8591100	6360	0	306540	13166	7455	0	
321	8626	30084455	0	8626079	6384	0	307722	13219	7485	0	
322	8665	30197254	0	8665902	6406	0	308859	13280	7524	0	
323	8705	30301485	0	8705609	6417	0	310001	13295	7536	0	
324	8748	30412962	0	8748551	6435	0	311167	13342	7562	0	
325	8789	30520544	0	8789438	6454	0	312333	13371	7579	0	
326	8820	30625376	0	8820559	6465	0	313470	13391	7592	0	
327	8854	30730193	0	8854971	6477	0	314608	13412	7608	0	
328	8896	30837920	0	8896811	6493	0	315770	13434	7624	0	
329	8934	30954135	0	8934119	6523	0	316956	13494	7660	0	
330	8975	31068214	0	8975015	6543	0	318157	13536	7683	0	
331	9016	31185444	0	9016783	6564	0	319353	13602	7720	0	
332	9070	31305425	0	9070686	6596	0	320513	13687	7774	0	
333	9097	31403940	0	9097653	6603	0	321568	13709	7787	0	
334	9135	31517431	0	9135212	6624	0	322684	13787	7829	0	
335	9173	31624135	0	9173325	6645	0	323826	13813	7851	0	
336	9207	31732725	0	9207646	6660	0	324962	13858	7869	0	
337	9252	31844581	0	9252081	6679	0	326104	13908	7908	0	
338	9298	31964697	0	9298193	6704	0	327283	13990	7949	0	
339	9338	32068409	0	9338386	6714	0	328421	14001	7957	0	
340	9371	32184136	0	9371352	6743	0	329596	14067	7992	0	
341	9405	32296358	0	9405469	6757	0	330743	14123	8020	0	
342	9437	32404687	0	9437854	6771	0	331907	14145	8038	0	
343	9475	32515127	0	9475907	6783	0	333061	14184	8058	0	
344	9515	32623454	0	9515123	6801	0	334212	14215	8079	0	
345	9559	32733146	0	9559547	6821	0	335345	14268	8109	0	
346	9606	32845804	0	9606048	6848	0	336512	14318	8141	0	
347	9635	32953267	0	9635774	6865	0	337620	14363	8164	0	
348	9672	33064033	0	9672908	6876	0	338768	14413	8182	0	
349	9710	33167338	0	9710995	6896	0	339877	14433	8198	0	
350	9749	33277262	0	9749305	6900	0	341042	14468	8214	0	
351	9787	33386294	0	9787886	6920	0	342202	14497	8236	0	
352	9830	33503714	0	9830891	6940	0	343384	14565	8270	0	
353	9870	33620037	0	9870921	6958	0	344553	14634	8295	0	
354	9912	33726423	0	9912387	6970	0	345697	14656	8307	0	
355	9950	33828928	0	9950613	6985	0	346828	14665	8314	0	
356	9992	33940096	0	9992293	7006	0	347992	14695	8340	0	
357	10039	34050729	0	10039549	7027	0	349163	14732	8361	0	
358	10088	34167472	0	10088640	7035	0	350293	14814	8391	0	
359	10114	34279599	0	10114813	7058	0	351470	14840	8414	0	
360	10151	34389208	0	10151692	7079	0	352587	14881	8451	0	
361	10186	34493359	0	10186535	7100	0	353703	14900	8467	0	
362	10223	34612268	0	10223428	7121	0	354867	14983	8506	0	
363	10263	34719940	0	10263488	7141	0	356008	15012	8525	0	
364	10295	34819056	0	10295864	7148	0	357104	15017	8529	0	
365	10334	34925973	0	10334900	7163	0	358075	15138	8567	0	
366	10379	35034315	0	10379251	7173	0	359290	15144	8573	0	
367	10414	35153959	0	10414477	7202	0	360547	15192	8601	0	
368	10449	35266365	0	10449840	7219	0	361730	15245	8635	0	
369	10491	35383214	0	10491218	7232	0	362955	15296	8659	0	
370	10537	35494589	0	10537920	7251	0	364172	15317	8675	0	
371	10582	35607501	0	10582527	7263	0	365393	15356	8695	0	
372	10616	35719745	0	10616834	7285	0	366597	15386	8718	0	
373	10660	35835038	0	10660586	7299	0	367810	15440	8745	0	
374	10700	35950508	0	10700131	7330	0	369019	15488	8770	0	
375	10742	36067291	0	10742411	7352	0	370250	15532	8797	0	
376	10773	36175320	0	10773244	7363	0	371443	15547	8810	0	
377	10807	36296852	0	10807049	7383	0	372683	15626	8842	0	
378	10842	36408209	0	10842708	7401	0	373893	15654	8861	0	
379	10881	36526373	0	10881566	7414	0	375127	15713	8891	0	
380	10915	36640928	0	10915379	7436	0	376255	15800	8935	0	
381	10957	36749104	0	10957513	7449	0	377441	15818	8949	0	
382	10998	36862179	0	10998278	7472	0	378640	15862	8975	0	
383	11036	36969848	0	11036094	7490	0	379834	15875	8986	0	
384	11071	37082613	0	11071832	7517	0	381049	15913	9006	0	
385	11110	37200655	0	11110904	7535	0	382299	15958	9029	0	
386	11146	37324963	0	11146560	7563	0	383564	16036	9069	0	
387	11185	37436340	0	11185560	7578	0	384747	16072	9091	0	
388	11226	37549593	0	11226875	7594	0	385974	16094	9108	0	
389	11266	37656690	0	11266277	7606	0	387137	16113	9126	0	
390	11314	37784666	0	11314672	7632	0	388413	16194	9173	0	
391	11356	37913121	0	11356999	7652	0	389663	16296	9228	0	
392	11390	38030626	0	11390140	7673	0	390910	16342	9257	0	
393	11426	38147799	0	11426910	7684	0	392134	16386	9292	0	
394	11457	38254732	0	11457487	7699	0	393245	16431	9320	0	
395	11493	38369422	0	11493895	7719	0	394482	16460	9340	0	
396	11529	38479627	0	11529866	7734	0	395671	16488	9358	0	
397	11564	38588547	0	11564816	7751	0	396853	16513	9375	0	
398	11612	38712169	0	11612082	7776	0	398083	16602	9413	0	
399	11648	38817212	0	11648929	7785	0	399241	16624	9425	0	
400	11690	38935025	0	11690464	7803	0	400404	16701	9462	0	
401	11732	39051659	0	11732338	7826	0	401615	16756	9492	0	
402	11763	39158965	0	11763836	7840	0	402753	16801	9514	0	
403	11800	39270275	0	11800111	7852	0	403957	16825	9528	0	
404	11830	39381265	0	11830564	7864	0	405165	16842	9542	0	
405	11865	39490255	0	11865363	7880	0	406345	16868	9559	0	
406	11905	39611429	0	11905559	7907	0	407570	16939	9593	0	
407	11943	39728700	0	11943998	7926	0	408781	16986	9622	0	
408	11990	39848436	0	11990469	7943	0	410035	17028	9653	0	
409	12028	39965742	0	12028718	7959	0	411233	17094	9682	0	
410	12066	40078072	0	12066077	7980	0	412437	17130	9701	0	
411	12101	40190852	0	12101634	8001	0	413609	17178	9734	0	
412	12137	40304158	0	12137448	8015	0	414796	17222	9758	0	
413	12171	40418335	0	12171955	8029	0	415978	17281	9787	0	
414	12205	40536751	0	12205569	8050	0	417229	17317	9811	0	
415	12247	40651829	0	12247340	8072	0	418445	17362	9839	0	
416	12283	40759126	0	12283579	8081	0	419615	17376	9850	0	
417	12323	40873350	0	12323043	8099	0	420818	17421	9873	0	
418	12356	40983207	0	12356747	8104	0	421999	17446	9889	0	
419	12392	41099466	0	12392954	8118	0	423214	17490	9919	0	
420	12435	41213229	0	12435088	8134	0	424404	17536	9944	0	
421	12472	41329406	0	12472090	8148	0	425603	17578	9982	0	
422	12519	41447482	0	12519060	8165	0	426781	17652	10014	0	
423	12553	41554257	0	12553753	8182	0	427907	17679	10036	0	
424	12594	41667690	0	12594301	8203	0	429035	17758	10067	0	
425	12635	41781164	0	12635069	8225	0	430219	17808	10095	0	
426	12679	41889648	0	12679002	8237	0	431366	17844	10114	0	
427	12718	42003017	0	12718525	8248	0	432507	17918	10134	0	
428	12760	42114391	0	12760469	8263	0	433648	17971	10159	0	
429	12798	42227595	0	12798773	8274	0	434882	17990	10171	0	
430	12841	42347635	0	12841316	8302	0	436070	18064	10216	0	
431	12884	42459044	0	12884897	8316	0	437273	18084	10233	0	
432	12927	42564954	0	12927037	8325	0	438423	18102	10244	0	
433	12965	42672771	0	12965431	8339	0	439587	18129	10254	0	
434	12996	42789472	0	12996695	8358	0	440827	18158	10278	0	
435	13033	42905059	0	13033685	8381	0	442063	18193	10299	0	
436	13069	43018541	0	13069549	8396	0	443250	18229	10325	0	
437	13103	43133376	0	13103313	8427	0	444489	18258	10345	0	
438	13139	43251424	0	13139486	8446	0	445698	18315	10379	0	
439	13178	43374823	0	13178610	8464	0	446929	18397	10415	0	
440	13215	43487555	0	13215979	8479	0	448109	18434	10438	0	
441	13256	43615988	0	13256974	8494	0	449283	18578	10487	0	
442	13293	43721836	0	13293867	8517	0	450441	18592	10499	0	
443	13328	43826127	0	13328970	8530	0	451578	18602	10505	0	
444	13365	43938738	0	13365959	8536	0	452776	18633	10520	0	
445	13402	44050672	0	13402042	8546	0	453955	18664	10542	0	
446	13442	44164156	0	13442069	8559	0	455090	18729	10583	0	
447	13477	44283638	0	13477694	8573	0	456271	18812	10620	0	
448	13514	44400546	0	13514215	8598	0	457473	18859	10648	0	
449	13550	44515425	0	13550949	8612	0	458660	18910	10676	0	
450	13584	44628513	0	13584526	8626	0	459824	18962	10703	0	
451	13621	44742008	0	13621724	8645	0	461042	18983	10723	0	
452	13658	44854387	0	13658889	8664	0	462244	19005	10738	0	
453	13692	44968088	0	13692809	8679	0	463467	19027	10758	0	
454	13731	45080713	0	13731135	8695	0	464643	19068	10782	0	
455	13764	45192837	0	13764718	8714	0	465848	19097	10804	0	
456	13802	45299703	0	13802652	8726	0	467022	19115	10813	0	
457	13840	45415323	0	13840017	8744	0	468211	19165	10844	0	
458	13880	45534963	0	13880496	8766	0	469456	19214	10876	0	
459	13916	45647169	0	13916202	8780	0	470649	19239	10892	0	
460	13956	45764968	0	13956897	8802	0	471879	19284	10914	0	
461	14000	45883083	0	14000117	8828	0	473125	19316	10936	0	
462	14034	45991989	0	14034260	8836	0	474293	19343	10948	0	
463	14071	46107002	0	14071259	8863	0	475522	19378	10974	0	
464	14108	46230571	0	14108961	8877	0	476762	19454	11001	0	
465	14142	46340648	0	14142202	8886	0	477951	19478	11016	0	
466	14176	46455869	0	14176041	8904	0	479159	19517	11037	0	
467	14210	46568846	0	14210730	8924	0	480369	19543	11055	0	
468	14248	46684741	0	14248181	8943	0	481604	19573	11073	0	
469	14298	46801465	0	14298280	8958	0	482817	19624	11093	0	
470	14350	46927819	0	14350692	8983	0	484067	19701	11137	0	
471	14381	47041339	0	14381567	9000	0	485303	19714	11147	0	
472	14418	47157738	0	14418489	9023	0	486499	19761	11178	0	
473	14467	47282239	0	14467665	9045	0	487734	19847	11218	0	
474	14504	47399094	0	14504778	9067	0	488955	19882	11242	0	
475	14538	47508162	0	14538120	9076	0	490136	19896	11250	0	
476	14574	47628411	0	14574373	9085	0	491335	19977	11280	0	
477	14608	47736587	0	14608375	9098	0	492525	19985	11286	0	
478	14646	47847886	0	14646368	9116	0	493731	20001	11299	0	
479	14678	47963762	0	14678640	9127	0	494902	20053	11324	0	
480	14713	48076317	0	14713755	9143	0	496102	20077	11340	0	
481	14751	48200190	0	14751066	9172	0	497336	20154	11379	0	
482	14793	48325441	0	14793385	9200	0	498596	20215	11427	0	
483	14827	48434831	0	14827792	9219	0	499775	20238	11441	0	
484	14875	48554949	0	14875303	9229	0	500972	20308	11464	0	
485	14918	48668583	0	14918284	9252	0	502144	20350	11494	0	
486	14950	48780945	0	14950505	9261	0	503361	20368	11507	0	
487	14992	48897820	0	14992549	9275	0	504567	20407	11534	0	
488	15034	49015531	0	15034888	9292	0	505803	20443	11563	0	
489	15075	49134110	0	15075249	9310	0	506992	20509	11597	0	
490	15116	49261228	0	15116896	9335	0	508239	20593	11637	0	
491	15157	49374704	0	15157019	9349	0	509433	20624	11657	0	
492	15197	49487017	0	15197972	9357	0	510644	20638	11667	0	
493	15244	49603953	0	15244757	9368	0	511880	20665	11680	0	
494	15288	49718716	0	15288785	9392	0	513083	20698	11701	0	
495	15322	49830621	0	15322866	9403	0	514294	20714	11709	0	
496	15360	49942431	0	15360417	9416	0	515517	20724	11715	0	
497	15397	50069713	0	15397001	9433	0	516772	20812	11759	0	
498	15429	50179673	0	15429113	9451	0	517948	20823	11764	0	
499	15459	50291300	0	15459880	9471	0	519137	20842	11777	0	
500	15497	50408190	0	15497975	9480	0	520358	20876	11797	0	
