#input	time	ios	pfs	timems	pbo	dbo	ibo	pbu	ndo	ars	
1	0	98	0	102	0	0	0	0	0	0	
2	0	196	0	329	0	0	0	0	0	0	
3	0	294	0	450	0	0	0	0	0	0	
4	0	392	0	572	0	0	0	0	0	0	
5	0	490	0	700	0	0	0	0	0	0	
6	0	588	0	831	0	0	0	0	0	0	
7	0	686	0	965	0	0	0	0	0	0	
8	1	784	0	1101	0	0	0	0	0	0	
9	1	882	0	1237	0	0	0	0	0	0	
10	1	980	0	1378	0	0	0	0	0	0	
11	1	1078	0	1521	0	0	0	0	0	0	
12	1	1176	0	1665	0	0	0	0	0	0	
13	1	1274	0	1812	0	0	0	0	0	0	
14	1	1372	0	1960	0	0	0	0	0	0	
15	2	1470	0	2104	0	0	0	0	0	0	
16	2	1568	0	2251	0	0	0	0	0	0	
17	2	1666	0	2400	0	0	0	0	0	0	
18	2	1764	0	2549	0	0	0	0	0	0	
19	2	1862	0	2701	0	0	0	0	0	0	
20	2	1960	0	2853	0	0	0	0	0	0	
21	3	2058	0	3006	0	0	0	0	0	0	
22	3	2156	0	3160	0	0	0	0	0	0	
23	3	2254	0	3312	0	0	0	0	0	0	
24	3	2352	0	3465	0	0	0	0	0	0	
25	3	2450	0	3620	0	0	0	0	0	0	
26	3	2548	0	3775	0	0	0	0	0	0	
27	3	2646	0	3933	0	0	0	0	0	0	
28	4	2744	0	4090	0	0	0	0	0	0	
29	4	2842	0	4247	0	0	0	0	0	0	
30	4	2941	0	4406	0	0	0	0	0	0	
31	4	3039	0	4564	0	0	0	0	0	0	
32	4	3137	0	4724	0	0	0	0	0	0	
33	4	3235	0	4884	0	0	0	0	0	0	
34	5	3333	0	5044	0	0	0	0	0	0	
35	5	3431	0	5204	0	0	0	0	0	0	
36	5	3529	0	5365	0	0	0	0	0	0	
37	5	3627	0	5526	0	0	0	0	0	0	
38	5	3725	0	5687	0	0	0	0	0	0	
39	5	3823	0	5849	0	0	0	0	0	0	
40	6	3921	0	6014	0	0	0	0	0	0	
41	6	4019	0	6178	0	0	0	0	0	0	
42	6	4117	0	6344	0	0	0	0	0	0	
43	6	4215	0	6510	0	0	0	0	0	0	
44	6	4313	0	6677	0	0	0	0	0	0	
45	6	4411	0	6843	0	0	0	0	0	0	
46	7	4509	0	7010	0	0	0	0	0	0	
47	7	4607	0	7177	0	0	0	0	0	0	
48	7	4705	0	7345	0	0	0	0	0	0	
49	7	4803	0	7513	0	0	0	0	0	0	
50	7	4901	0	7682	0	0	0	0	0	0	
51	7	4999	0	7851	0	0	0	0	0	0	
52	8	5097	0	8023	0	0	0	0	0	0	
53	8	5195	0	8192	0	0	0	0	0	0	
54	8	5293	0	8362	0	0	0	0	0	0	
55	8	5391	0	8532	0	0	0	0	0	0	
56	8	5489	0	8702	0	0	0	0	0	0	
57	8	5587	0	8873	0	0	0	0	0	0	
58	9	5685	0	9045	0	0	0	0	0	0	
59	9	5784	0	9216	0	0	0	0	0	0	
60	9	5882	0	9387	0	0	0	0	0	0	
61	9	5980	0	9559	0	0	0	0	0	0	
62	9	6078	0	9731	0	0	0	0	0	0	
63	9	6176	0	9907	0	0	0	0	0	0	
64	10	6274	0	10080	0	0	0	0	0	0	
65	10	6372	0	10256	0	0	0	0	0	0	
66	10	6470	0	10430	0	0	0	0	0	0	
67	10	6568	0	10605	0	0	0	0	0	0	
68	10	6666	0	10777	0	0	0	0	0	0	
69	10	6764	0	10952	0	0	0	0	0	0	
70	11	6862	0	11139	0	0	0	0	0	0	
71	11	6960	0	11316	0	0	0	0	0	0	
72	11	7058	0	11493	0	0	0	0	0	0	
73	11	7156	0	11667	0	0	0	0	0	0	
74	11	7254	0	11843	0	0	0	0	0	0	
75	12	7352	0	12019	0	0	0	0	0	0	
76	12	7450	0	12195	0	0	0	0	0	0	
77	12	7548	0	12373	0	0	0	0	0	0	
78	12	7646	0	12549	0	0	0	0	0	0	
79	12	7744	0	12728	0	0	0	0	0	0	
80	12	7842	0	12908	0	0	0	0	0	0	
81	13	7940	0	13086	0	0	0	0	0	0	
82	13	8038	0	13264	0	0	0	0	0	0	
83	13	8136	0	13444	0	0	0	0	0	0	
84	13	8234	0	13623	0	0	0	0	0	0	
85	13	8332	0	13801	0	0	0	0	0	0	
86	13	8430	0	13980	0	0	0	0	0	0	
87	14	8528	0	14159	0	0	0	0	0	0	
88	14	8627	0	14337	0	0	0	0	0	0	
89	14	8725	0	14516	0	0	0	0	0	0	
90	14	8823	0	14696	0	0	0	0	0	0	
91	14	8921	0	14876	0	0	0	0	0	0	
92	15	9019	0	15058	0	0	0	0	0	0	
93	15	9117	0	15238	0	0	0	0	0	0	
94	15	9215	0	15419	0	0	0	0	0	0	
95	15	9313	0	15600	0	0	0	0	0	0	
96	15	9411	0	15782	0	0	0	0	0	0	
97	15	9509	0	15964	0	0	0	0	0	0	
98	16	9607	0	16146	0	0	0	0	0	0	
99	16	9705	0	16328	0	0	0	0	0	0	
100	16	9803	0	16511	0	0	0	0	0	0	
101	16	9901	0	16695	0	0	0	0	0	0	
102	16	9999	0	16879	0	0	0	0	0	0	
103	17	10097	0	17065	0	0	0	0	0	0	
104	17	10195	0	17249	0	0	0	0	0	0	
105	17	10293	0	17435	0	0	0	0	0	0	
106	17	10391	0	17620	0	0	0	0	0	0	
107	17	10489	0	17805	0	0	0	0	0	0	
108	17	10587	0	17991	0	0	0	0	0	0	
109	18	10685	0	18177	0	0	0	0	0	0	
110	18	10783	0	18364	0	0	0	0	0	0	
111	18	10881	0	18551	0	0	0	0	0	0	
112	18	10979	0	18738	0	0	0	0	0	0	
113	18	11077	0	18924	0	0	0	0	0	0	
114	19	11175	0	19110	0	0	0	0	0	0	
115	19	11273	0	19296	0	0	0	0	0	0	
116	19	11371	0	19483	0	0	0	0	0	0	
117	19	11470	0	19669	0	0	0	0	0	0	
118	19	11568	0	19857	0	0	0	0	0	0	
119	20	11666	0	20046	0	0	0	0	0	0	
120	20	11764	0	20233	0	0	0	0	0	0	
121	20	11862	0	20421	0	0	0	0	0	0	
122	20	11960	0	20609	0	0	0	0	0	0	
123	20	12058	0	20797	0	0	0	0	0	0	
124	20	12156	0	20984	0	0	0	0	0	0	
125	21	12254	0	21173	0	0	0	0	0	0	
126	21	12352	0	21362	0	0	0	0	0	0	
127	21	12450	0	21550	0	0	0	0	0	0	
128	21	12548	0	21738	0	0	0	0	0	0	
129	21	12646	0	21927	0	0	0	0	0	0	
130	22	12744	0	22117	0	0	0	0	0	0	
131	22	12842	0	22306	0	0	0	0	0	0	
132	22	12940	0	22495	0	0	0	0	0	0	
133	22	13038	0	22685	0	0	0	0	0	0	
134	22	13136	0	22875	0	0	0	0	0	0	
135	23	13234	0	23065	0	0	0	0	0	0	
136	23	13332	0	23256	0	0	0	0	0	0	
137	23	13430	0	23448	0	0	0	0	0	0	
138	23	13528	0	23638	0	0	0	0	0	0	
139	23	13626	0	23828	0	0	0	0	0	0	
140	24	13724	0	24017	0	0	0	0	0	0	
141	24	13822	0	24208	0	0	0	0	0	0	
142	24	13920	0	24398	0	0	0	0	0	0	
143	24	14018	0	24589	0	0	0	0	0	0	
144	24	14116	0	24782	0	0	0	0	0	0	
145	24	14214	0	24974	0	0	0	0	0	0	
146	25	14313	0	25166	0	0	0	0	0	0	
147	25	14411	0	25359	0	0	0	0	0	0	
148	25	14509	0	25552	0	0	0	0	0	0	
149	25	14607	0	25745	0	0	0	0	0	0	
150	25	14705	0	25940	0	0	0	0	0	0	
151	26	14803	0	26133	0	0	0	0	0	0	
152	26	14901	0	26324	0	0	0	0	0	0	
153	26	14999	0	26516	0	0	0	0	0	0	
154	26	15097	0	26706	0	0	0	0	0	0	
155	26	15195	0	26898	0	0	0	0	0	0	
156	27	15293	0	27091	0	0	0	0	0	0	
157	27	15391	0	27282	0	0	0	0	0	0	
158	27	15489	0	27475	0	0	0	0	0	0	
159	27	15587	0	27668	0	0	0	0	0	0	
160	27	15685	0	27861	0	0	0	0	0	0	
161	28	15783	0	28056	0	0	0	0	0	0	
162	28	15881	0	28249	0	0	0	0	0	0	
163	28	15979	0	28443	0	0	0	0	0	0	
164	28	16077	0	28637	0	0	0	0	0	0	
165	28	16175	0	28833	0	0	0	0	0	0	
166	29	16273	0	29028	0	0	0	0	0	0	
167	29	16371	0	29222	0	0	0	0	0	0	
168	29	16469	0	29416	0	0	0	0	0	0	
169	29	16567	0	29610	0	0	0	0	0	0	
170	29	16665	0	29806	0	0	0	0	0	0	
171	30	16763	0	30002	0	0	0	0	0	0	
172	30	16861	0	30198	0	0	0	0	0	0	
173	30	16959	0	30395	0	0	0	0	0	0	
174	30	17057	0	30591	0	0	0	0	0	0	
175	30	17156	0	30788	0	0	0	0	0	0	
176	30	17254	0	30985	0	0	0	0	0	0	
177	31	17352	0	31182	0	0	0	0	0	0	
178	31	17450	0	31379	0	0	0	0	0	0	
179	31	17548	0	31574	0	0	0	0	0	0	
180	31	17646	0	31769	0	0	0	0	0	0	
181	31	17744	0	31965	0	0	0	0	0	0	
182	32	17842	0	32162	0	0	0	0	0	0	
183	32	17940	0	32356	0	0	0	0	0	0	
184	32	18038	0	32553	0	0	0	0	0	0	
185	32	18136	0	32750	0	0	0	0	0	0	
186	32	18234	0	32947	0	0	0	0	0	0	
187	33	18332	0	33144	0	0	0	0	0	0	
188	33	18430	0	33342	0	0	0	0	0	0	
189	33	18528	0	33541	0	0	0	0	0	0	
190	33	18626	0	33741	0	0	0	0	0	0	
191	33	18724	0	33938	0	0	0	0	0	0	
192	34	18822	0	34136	0	0	0	0	0	0	
193	34	18920	0	34334	0	0	0	0	0	0	
194	34	19018	0	34533	0	0	0	0	0	0	
195	34	19116	0	34732	0	0	0	0	0	0	
196	34	19214	0	34933	0	0	0	0	0	0	
197	35	19312	0	35134	0	0	0	0	0	0	
198	35	19410	0	35332	0	0	0	0	0	0	
199	35	19508	0	35532	0	0	0	0	0	0	
200	35	19606	0	35733	0	0	0	0	0	0	
201	35	19704	0	35933	0	0	0	0	0	0	
202	36	19802	0	36135	0	0	0	0	0	0	
203	36	19900	0	36334	0	0	0	0	0	0	
204	36	19999	0	36534	0	0	0	0	0	0	
205	36	20097	0	36735	0	0	0	0	0	0	
206	36	20195	0	36936	0	0	0	0	0	0	
207	37	20293	0	37139	0	0	0	0	0	0	
208	37	20391	0	37341	0	0	0	0	0	0	
209	37	20489	0	37542	0	0	0	0	0	0	
210	37	20587	0	37744	0	0	0	0	0	0	
211	37	20685	0	37947	0	0	0	0	0	0	
212	38	20783	0	38148	0	0	0	0	0	0	
213	38	20881	0	38350	0	0	0	0	0	0	
214	38	20979	0	38552	0	0	0	0	0	0	
215	38	21077	0	38756	0	0	0	0	0	0	
216	38	21175	0	38959	0	0	0	0	0	0	
217	39	21273	0	39161	0	0	0	0	0	0	
218	39	21371	0	39365	0	0	0	0	0	0	
219	39	21469	0	39568	0	0	0	0	0	0	
220	39	21567	0	39771	0	0	0	0	0	0	
221	39	21665	0	39975	0	0	0	0	0	0	
222	40	21763	0	40179	0	0	0	0	0	0	
223	40	21861	0	40383	0	0	0	0	0	0	
224	40	21959	0	40589	0	0	0	0	0	0	
225	40	22057	0	40793	0	0	0	0	0	0	
226	40	22155	0	40998	0	0	0	0	0	0	
227	41	22253	0	41203	0	0	0	0	0	0	
228	41	22351	0	41409	0	0	0	0	0	0	
229	41	22449	0	41615	0	0	0	0	0	0	
230	41	22547	0	41820	0	0	0	0	0	0	
231	42	22645	0	42024	0	0	0	0	0	0	
232	42	22743	0	42227	0	0	0	0	0	0	
233	42	22842	0	42432	0	0	0	0	0	0	
234	42	22940	0	42636	0	0	0	0	0	0	
235	42	23038	0	42839	0	0	0	0	0	0	
236	43	23136	0	43042	0	0	0	0	0	0	
237	43	23234	0	43245	0	0	0	0	0	0	
238	43	23332	0	43449	0	0	0	0	0	0	
239	43	23430	0	43653	0	0	0	0	0	0	
240	43	23528	0	43857	0	0	0	0	0	0	
241	44	23626	0	44062	0	0	0	0	0	0	
242	44	23724	0	44269	0	0	0	0	0	0	
243	44	23822	0	44475	0	0	0	0	0	0	
244	44	23920	0	44681	0	0	0	0	0	0	
245	44	24018	0	44887	0	0	0	0	0	0	
246	45	24116	0	45092	0	0	0	0	0	0	
247	45	24214	0	45296	0	0	0	0	0	0	
248	45	24312	0	45500	0	0	0	0	0	0	
249	45	24410	0	45703	0	0	0	0	0	0	
250	45	24508	0	45905	0	0	0	0	0	0	
251	46	24606	0	46108	0	0	0	0	0	0	
252	46	24704	0	46313	0	0	0	0	0	0	
253	46	24802	0	46516	0	0	0	0	0	0	
254	46	24900	0	46720	0	0	0	0	0	0	
255	46	24998	0	46922	0	0	0	0	0	0	
256	47	25096	0	47126	0	0	0	0	0	0	
257	47	25194	0	47328	0	0	0	0	0	0	
258	47	25292	0	47530	0	0	0	0	0	0	
259	47	25390	0	47735	0	0	0	0	0	0	
260	47	25488	0	47940	0	0	0	0	0	0	
261	48	25586	0	48145	0	0	0	0	0	0	
262	48	25685	0	48350	0	0	0	0	0	0	
263	48	25783	0	48556	0	0	0	0	0	0	
264	48	25881	0	48761	0	0	0	0	0	0	
265	48	25979	0	48965	0	0	0	0	0	0	
266	49	26077	0	49171	0	0	0	0	0	0	
267	49	26175	0	49377	0	0	0	0	0	0	
268	49	26273	0	49583	0	0	0	0	0	0	
269	49	26371	0	49788	0	0	0	0	0	0	
270	49	26469	0	49996	0	0	0	0	0	0	
271	50	26567	0	50202	0	0	0	0	0	0	
272	50	26665	0	50406	0	0	0	0	0	0	
273	50	26763	0	50612	0	0	0	0	0	0	
274	50	26861	0	50817	0	0	0	0	0	0	
275	51	26959	0	51022	0	0	0	0	0	0	
276	51	27057	0	51227	0	0	0	0	0	0	
277	51	27155	0	51433	0	0	0	0	0	0	
278	51	27253	0	51637	0	0	0	0	0	0	
279	51	27351	0	51838	0	0	0	0	0	0	
280	52	27449	0	52040	0	0	0	0	0	0	
281	52	27547	0	52241	0	0	0	0	0	0	
282	52	27645	0	52443	0	0	0	0	0	0	
283	52	27743	0	52644	0	0	0	0	0	0	
284	52	27841	0	52847	0	0	0	0	0	0	
285	53	27939	0	53050	0	0	0	0	0	0	
286	53	28037	0	53252	0	0	0	0	0	0	
287	53	28135	0	53454	0	0	0	0	0	0	
288	53	28233	0	53654	0	0	0	0	0	0	
289	53	28331	0	53855	0	0	0	0	0	0	
290	54	28429	0	54056	0	0	0	0	0	0	
291	54	28528	0	54260	0	0	0	0	0	0	
292	54	28626	0	54463	0	0	0	0	0	0	
293	54	28724	0	54666	0	0	0	0	0	0	
294	54	28822	0	54868	0	0	0	0	0	0	
295	55	28920	0	55070	0	0	0	0	0	0	
296	55	29018	0	55273	0	0	0	0	0	0	
297	55	29116	0	55477	0	0	0	0	0	0	
298	55	29214	0	55680	0	0	0	0	0	0	
299	55	29312	0	55883	0	0	0	0	0	0	
300	56	29410	0	56093	0	0	0	0	0	0	
301	56	29508	0	56305	0	0	0	0	0	0	
302	56	29606	0	56523	0	0	0	0	0	0	
303	56	29704	0	56741	0	0	0	0	0	0	
304	56	29802	0	56948	0	0	0	0	0	0	
305	57	29900	0	57153	0	0	0	0	0	0	
306	57	29998	0	57359	0	0	0	0	0	0	
307	57	30096	0	57564	0	0	0	0	0	0	
308	57	30194	0	57769	0	0	0	0	0	0	
309	57	30292	0	57976	0	0	0	0	0	0	
310	58	30390	0	58181	0	0	0	0	0	0	
311	58	30488	0	58388	0	0	0	0	0	0	
312	58	30586	0	58593	0	0	0	0	0	0	
313	58	30684	0	58799	0	0	0	0	0	0	
314	59	30782	0	59007	0	0	0	0	0	0	
315	59	30880	0	59214	0	0	0	0	0	0	
316	59	30978	0	59421	0	0	0	0	0	0	
317	59	31076	0	59629	0	0	0	0	0	0	
318	59	31174	0	59836	0	0	0	0	0	0	
319	60	31272	0	60043	0	0	0	0	0	0	
320	60	31371	0	60268	0	0	0	0	0	0	
321	60	31469	0	60476	0	0	0	0	0	0	
322	60	31567	0	60684	0	0	0	0	0	0	
323	60	31665	0	60890	0	0	0	0	0	0	
324	61	31763	0	61099	0	0	0	0	0	0	
325	61	31861	0	61308	0	0	0	0	0	0	
326	61	31959	0	61521	0	0	0	0	0	0	
327	61	32057	0	61731	0	0	0	0	0	0	
328	61	32155	0	61940	0	0	0	0	0	0	
329	62	32253	0	62148	0	0	0	0	0	0	
330	62	32351	0	62355	0	0	0	0	0	0	
331	62	32449	0	62562	0	0	0	0	0	0	
332	62	32547	0	62769	0	0	0	0	0	0	
333	62	32645	0	62976	0	0	0	0	0	0	
334	63	32743	0	63184	0	0	0	0	0	0	
335	63	32841	0	63392	0	0	0	0	0	0	
336	63	32939	0	63600	0	0	0	0	0	0	
337	63	33037	0	63810	0	0	0	0	0	0	
338	64	33135	0	64018	0	0	0	0	0	0	
339	64	33233	0	64227	0	0	0	0	0	0	
340	64	33331	0	64436	0	0	0	0	0	0	
341	64	33429	0	64644	0	0	0	0	0	0	
342	64	33527	0	64851	0	0	0	0	0	0	
343	65	33625	0	65061	0	0	0	0	0	0	
344	65	33723	0	65270	0	0	0	0	0	0	
345	65	33821	0	65479	0	0	0	0	0	0	
346	65	33919	0	65688	0	0	0	0	0	0	
347	65	34017	0	65897	0	0	0	0	0	0	
348	66	34115	0	66106	0	0	0	0	0	0	
349	66	34214	0	66315	0	0	0	0	0	0	
350	66	34312	0	66524	0	0	0	0	0	0	
351	66	34410	0	66735	0	0	0	0	0	0	
352	66	34508	0	66946	0	0	0	0	0	0	
353	67	34606	0	67157	0	0	0	0	0	0	
354	67	34704	0	67366	0	0	0	0	0	0	
355	67	34802	0	67575	0	0	0	0	0	0	
356	67	34900	0	67786	0	0	0	0	0	0	
357	67	34998	0	67996	0	0	0	0	0	0	
358	68	35096	0	68206	0	0	0	0	0	0	
359	68	35194	0	68416	0	0	0	0	0	0	
360	68	35292	0	68627	0	0	0	0	0	0	
361	68	35390	0	68836	0	0	0	0	0	0	
362	69	35488	0	69047	0	0	0	0	0	0	
363	69	35586	0	69259	0	0	0	0	0	0	
364	69	35684	0	69470	0	0	0	0	0	0	
365	69	35782	0	69682	0	0	0	0	0	0	
366	69	35880	0	69893	0	0	0	0	0	0	
367	70	35978	0	70105	0	0	0	0	0	0	
368	70	36076	0	70318	0	0	0	0	0	0	
369	70	36174	0	70531	0	0	0	0	0	0	
370	70	36272	0	70744	0	0	0	0	0	0	
371	70	36370	0	70956	0	0	0	0	0	0	
372	71	36468	0	71168	0	0	0	0	0	0	
373	71	36566	0	71379	0	0	0	0	0	0	
374	71	36664	0	71597	0	0	0	0	0	0	
375	71	36762	0	71809	0	0	0	0	0	0	
376	72	36860	0	72022	0	0	0	0	0	0	
377	72	36958	0	72234	0	0	0	0	0	0	
378	72	37057	0	72446	0	0	0	0	0	0	
379	72	37155	0	72658	0	0	0	0	0	0	
380	72	37253	0	72871	0	0	0	0	0	0	
381	73	37351	0	73083	0	0	0	0	0	0	
382	73	37449	0	73294	0	0	0	0	0	0	
383	73	37547	0	73507	0	0	0	0	0	0	
384	73	37645	0	73719	0	0	0	0	0	0	
385	73	37743	0	73933	0	0	0	0	0	0	
386	74	37841	0	74148	0	0	0	0	0	0	
387	74	37939	0	74361	0	0	0	0	0	0	
388	74	38037	0	74573	0	0	0	0	0	0	
389	74	38135	0	74787	0	0	0	0	0	0	
390	75	38233	0	75000	0	0	0	0	0	0	
391	75	38331	0	75215	0	0	0	0	0	0	
392	75	38429	0	75431	0	0	0	0	0	0	
393	75	38527	0	75644	0	0	0	0	0	0	
394	75	38625	0	75858	0	0	0	0	0	0	
395	76	38723	0	76072	0	0	0	0	0	0	
396	76	38821	0	76286	0	0	0	0	0	0	
397	76	38919	0	76499	0	0	0	0	0	0	
398	76	39017	0	76713	0	0	0	0	0	0	
399	76	39115	0	76926	0	0	0	0	0	0	
400	77	39213	0	77142	0	0	0	0	0	0	
401	77	39311	0	77354	0	0	0	0	0	0	
402	77	39409	0	77569	0	0	0	0	0	0	
403	77	39507	0	77784	0	0	0	0	0	0	
404	78	39605	0	78002	0	0	0	0	0	0	
405	78	39703	0	78217	0	0	0	0	0	0	
406	78	39801	0	78432	0	0	0	0	0	0	
407	78	39900	0	78648	0	0	0	0	0	0	
408	78	39998	0	78863	0	0	0	0	0	0	
409	79	40096	0	79079	0	0	0	0	0	0	
410	79	40194	0	79294	0	0	0	0	0	0	
411	79	40292	0	79509	0	0	0	0	0	0	
412	79	40390	0	79723	0	0	0	0	0	0	
413	79	40488	0	79937	0	0	0	0	0	0	
414	80	40586	0	80152	0	0	0	0	0	0	
415	80	40684	0	80366	0	0	0	0	0	0	
416	80	40782	0	80580	0	0	0	0	0	0	
417	80	40880	0	80795	0	0	0	0	0	0	
418	81	40978	0	81010	0	0	0	0	0	0	
419	81	41076	0	81224	0	0	0	0	0	0	
420	81	41174	0	81444	0	0	0	0	0	0	
421	81	41272	0	81658	0	0	0	0	0	0	
422	81	41370	0	81874	0	0	0	0	0	0	
423	82	41468	0	82090	0	0	0	0	0	0	
424	82	41566	0	82304	0	0	0	0	0	0	
425	82	41664	0	82520	0	0	0	0	0	0	
426	82	41762	0	82735	0	0	0	0	0	0	
427	82	41860	0	82950	0	0	0	0	0	0	
428	83	41958	0	83167	0	0	0	0	0	0	
429	83	42056	0	83383	0	0	0	0	0	0	
430	83	42154	0	83600	0	0	0	0	0	0	
431	83	42252	0	83817	0	0	0	0	0	0	
432	84	42350	0	84034	0	0	0	0	0	0	
433	84	42448	0	84251	0	0	0	0	0	0	
434	84	42546	0	84468	0	0	0	0	0	0	
435	84	42644	0	84686	0	0	0	0	0	0	
436	84	42743	0	84903	0	0	0	0	0	0	
437	85	42841	0	85121	0	0	0	0	0	0	
438	85	42939	0	85339	0	0	0	0	0	0	
439	85	43037	0	85558	0	0	0	0	0	0	
440	85	43135	0	85777	0	0	0	0	0	0	
441	85	43233	0	85997	0	0	0	0	0	0	
442	86	43331	0	86217	0	0	0	0	0	0	
443	86	43429	0	86437	0	0	0	0	0	0	
444	86	43527	0	86656	0	0	0	0	0	0	
445	86	43625	0	86874	0	0	0	0	0	0	
446	87	43723	0	87095	0	0	0	0	0	0	
447	87	43821	0	87313	0	0	0	0	0	0	
448	87	43919	0	87531	0	0	0	0	0	0	
449	87	44017	0	87749	0	0	0	0	0	0	
450	87	44115	0	87967	0	0	0	0	0	0	
451	88	44213	0	88184	0	0	0	0	0	0	
452	88	44311	0	88403	0	0	0	0	0	0	
453	88	44409	0	88621	0	0	0	0	0	0	
454	88	44507	0	88839	0	0	0	0	0	0	
455	89	44605	0	89059	0	0	0	0	0	0	
456	89	44703	0	89281	0	0	0	0	0	0	
457	89	44801	0	89500	0	0	0	0	0	0	
458	89	44899	0	89719	0	0	0	0	0	0	
459	89	44997	0	89938	0	0	0	0	0	0	
460	90	45095	0	90159	0	0	0	0	0	0	
461	90	45193	0	90378	0	0	0	0	0	0	
462	90	45291	0	90597	0	0	0	0	0	0	
463	90	45389	0	90816	0	0	0	0	0	0	
464	91	45487	0	91034	0	0	0	0	0	0	
465	91	45585	0	91251	0	0	0	0	0	0	
466	91	45684	0	91471	0	0	0	0	0	0	
467	91	45782	0	91684	0	0	0	0	0	0	
468	91	45880	0	91897	0	0	0	0	0	0	
469	92	45978	0	92110	0	0	0	0	0	0	
470	92	46076	0	92322	0	0	0	0	0	0	
471	92	46174	0	92535	0	0	0	0	0	0	
472	92	46272	0	92748	0	0	0	0	0	0	
473	92	46370	0	92961	0	0	0	0	0	0	
474	93	46468	0	93175	0	0	0	0	0	0	
475	93	46566	0	93389	0	0	0	0	0	0	
476	93	46664	0	93604	0	0	0	0	0	0	
477	93	46762	0	93819	0	0	0	0	0	0	
478	94	46860	0	94035	0	0	0	0	0	0	
479	94	46958	0	94251	0	0	0	0	0	0	
480	94	47056	0	94466	0	0	0	0	0	0	
481	94	47154	0	94683	0	0	0	0	0	0	
482	94	47252	0	94898	0	0	0	0	0	0	
483	95	47350	0	95113	0	0	0	0	0	0	
484	95	47448	0	95330	0	0	0	0	0	0	
485	95	47546	0	95545	0	0	0	0	0	0	
486	95	47644	0	95762	0	0	0	0	0	0	
487	95	47742	0	95975	0	0	0	0	0	0	
488	96	47840	0	96190	0	0	0	0	0	0	
489	96	47938	0	96405	0	0	0	0	0	0	
490	96	48036	0	96620	0	0	0	0	0	0	
491	96	48134	0	96836	0	0	0	0	0	0	
492	97	48232	0	97053	0	0	0	0	0	0	
493	97	48330	0	97270	0	0	0	0	0	0	
494	97	48428	0	97488	0	0	0	0	0	0	
495	97	48527	0	97706	0	0	0	0	0	0	
496	97	48625	0	97924	0	0	0	0	0	0	
497	98	48723	0	98143	0	0	0	0	0	0	
498	98	48821	0	98360	0	0	0	0	0	0	
499	98	48919	0	98578	0	0	0	0	0	0	
500	98	49017	0	98796	0	0	0	0	0	0	
501	99	49115	0	99016	0	0	0	0	0	0	
502	99	49213	0	99235	0	0	0	0	0	0	
503	99	49311	0	99454	0	0	0	0	0	0	
504	99	49409	0	99672	0	0	0	0	0	0	
505	99	49507	0	99891	0	0	0	0	0	0	
506	100	49605	0	100110	0	0	0	0	0	0	
507	100	49703	0	100328	0	0	0	0	0	0	
508	100	49801	0	100548	0	0	0	0	0	0	
509	100	49899	0	100766	0	0	0	0	0	0	
510	100	49997	0	100985	0	0	0	0	0	0	
511	101	50095	0	101205	0	0	0	0	0	0	
512	101	50193	0	101434	0	0	0	0	0	0	
513	101	50291	0	101655	0	0	0	0	0	0	
514	101	50389	0	101874	0	0	0	0	0	0	
515	102	50487	0	102094	0	0	0	0	0	0	
516	102	50585	0	102313	0	0	0	0	0	0	
517	102	50683	0	102533	0	0	0	0	0	0	
518	102	50781	0	102752	0	0	0	0	0	0	
519	102	50879	0	102971	0	0	0	0	0	0	
520	103	50977	0	103191	0	0	0	0	0	0	
521	103	51075	0	103411	0	0	0	0	0	0	
522	103	51173	0	103630	0	0	0	0	0	0	
523	103	51271	0	103854	0	0	0	0	0	0	
524	104	51370	0	104079	0	0	0	0	0	0	
525	104	51468	0	104299	0	0	0	0	0	0	
526	104	51566	0	104517	0	0	0	0	0	0	
527	104	51664	0	104737	0	0	0	0	0	0	
528	104	51762	0	104958	0	0	0	0	0	0	
529	105	51860	0	105179	0	0	0	0	0	0	
530	105	51958	0	105399	0	0	0	0	0	0	
531	105	52056	0	105619	0	0	0	0	0	0	
532	105	52154	0	105839	0	0	0	0	0	0	
533	106	52252	0	106061	0	0	0	0	0	0	
534	106	52350	0	106282	0	0	0	0	0	0	
535	106	52448	0	106504	0	0	0	0	0	0	
536	106	52546	0	106726	0	0	0	0	0	0	
537	106	52644	0	106948	0	0	0	0	0	0	
538	107	52742	0	107172	0	0	0	0	0	0	
539	107	52840	0	107394	0	0	0	0	0	0	
540	107	52938	0	107617	0	0	0	0	0	0	
541	107	53036	0	107838	0	0	0	0	0	0	
542	108	53134	0	108062	0	0	0	0	0	0	
543	108	53232	0	108283	0	0	0	0	0	0	
544	108	53330	0	108505	0	0	0	0	0	0	
545	108	53428	0	108726	0	0	0	0	0	0	
546	108	53526	0	108949	0	0	0	0	0	0	
547	109	53624	0	109172	0	0	0	0	0	0	
548	109	53722	0	109393	0	0	0	0	0	0	
549	109	53820	0	109615	0	0	0	0	0	0	
550	109	53918	0	109835	0	0	0	0	0	0	
551	110	54016	0	110057	0	0	0	0	0	0	
552	110	54114	0	110279	0	0	0	0	0	0	
553	110	54213	0	110500	0	0	0	0	0	0	
554	110	54311	0	110722	0	0	0	0	0	0	
555	110	54409	0	110945	0	0	0	0	0	0	
556	111	54507	0	111167	0	0	0	0	0	0	
557	111	54605	0	111390	0	0	0	0	0	0	
558	111	54703	0	111620	0	0	0	0	0	0	
559	111	54801	0	111843	0	0	0	0	0	0	
560	112	54899	0	112066	0	0	0	0	0	0	
561	112	54997	0	112290	0	0	0	0	0	0	
562	112	55095	0	112514	0	0	0	0	0	0	
563	112	55193	0	112738	0	0	0	0	0	0	
564	112	55291	0	112962	0	0	0	0	0	0	
565	113	55389	0	113219	0	0	0	0	0	0	
566	113	55487	0	113443	0	0	0	0	0	0	
567	113	55585	0	113666	0	0	0	0	0	0	
568	113	55683	0	113889	0	0	0	0	0	0	
569	114	55781	0	114112	0	0	0	0	0	0	
570	114	55879	0	114333	0	0	0	0	0	0	
571	114	55977	0	114555	0	0	0	0	0	0	
572	114	56075	0	114778	0	0	0	0	0	0	
573	114	56173	0	114999	0	0	0	0	0	0	
574	115	56271	0	115221	0	0	0	0	0	0	
575	115	56369	0	115444	0	0	0	0	0	0	
576	115	56467	0	115667	0	0	0	0	0	0	
577	115	56565	0	115889	0	0	0	0	0	0	
578	116	56663	0	116113	0	0	0	0	0	0	
579	116	56761	0	116338	0	0	0	0	0	0	
580	116	56859	0	116561	0	0	0	0	0	0	
581	116	56957	0	116784	0	0	0	0	0	0	
582	117	57056	0	117007	0	0	0	0	0	0	
583	117	57154	0	117231	0	0	0	0	0	0	
584	117	57252	0	117454	0	0	0	0	0	0	
585	117	57350	0	117677	0	0	0	0	0	0	
586	117	57448	0	117900	0	0	0	0	0	0	
587	118	57546	0	118124	0	0	0	0	0	0	
588	118	57644	0	118348	0	0	0	0	0	0	
589	118	57742	0	118571	0	0	0	0	0	0	
590	118	57840	0	118794	0	0	0	0	0	0	
591	119	57938	0	119018	0	0	0	0	0	0	
592	119	58036	0	119242	0	0	0	0	0	0	
593	119	58134	0	119466	0	0	0	0	0	0	
594	119	58232	0	119690	0	0	0	0	0	0	
595	119	58330	0	119914	0	0	0	0	0	0	
596	120	58428	0	120138	0	0	0	0	0	0	
597	120	58526	0	120363	0	0	0	0	0	0	
598	120	58624	0	120587	0	0	0	0	0	0	
599	120	58722	0	120811	0	0	0	0	0	0	
600	121	58820	0	121036	0	0	0	0	0	0	
601	121	58918	0	121259	0	0	0	0	0	0	
602	121	59016	0	121532	0	0	0	0	0	0	
603	121	59114	0	121765	0	0	0	0	0	0	
604	121	59212	0	121988	0	0	0	0	0	0	
605	122	59310	0	122214	0	0	0	0	0	0	
606	122	59408	0	122438	0	0	0	0	0	0	
607	122	59506	0	122661	0	0	0	0	0	0	
608	122	59604	0	122884	0	0	0	0	0	0	
609	123	59702	0	123107	0	0	0	0	0	0	
610	123	59800	0	123328	0	0	0	0	0	0	
611	123	59899	0	123551	0	0	0	0	0	0	
612	123	59997	0	123773	0	0	0	0	0	0	
613	123	60095	0	123995	0	0	0	0	0	0	
614	124	60193	0	124217	0	0	0	0	0	0	
615	124	60291	0	124441	0	0	0	0	0	0	
616	124	60389	0	124663	0	0	0	0	0	0	
617	124	60487	0	124885	0	0	0	0	0	0	
618	125	60585	0	125108	0	0	0	0	0	0	
619	125	60683	0	125332	0	0	0	0	0	0	
620	125	60781	0	125555	0	0	0	0	0	0	
621	125	60879	0	125778	0	0	0	0	0	0	
622	126	60977	0	126002	0	0	0	0	0	0	
623	126	61075	0	126226	0	0	0	0	0	0	
624	126	61173	0	126449	0	0	0	0	0	0	
625	126	61271	0	126674	0	0	0	0	0	0	
626	126	61369	0	126897	0	0	0	0	0	0	
627	127	61467	0	127122	0	0	0	0	0	0	
628	127	61565	0	127346	0	0	0	0	0	0	
629	127	61663	0	127568	0	0	0	0	0	0	
630	127	61761	0	127793	0	0	0	0	0	0	
631	128	61859	0	128017	0	0	0	0	0	0	
632	128	61957	0	128241	0	0	0	0	0	0	
633	128	62055	0	128462	0	0	0	0	0	0	
634	128	62153	0	128683	0	0	0	0	0	0	
635	128	62251	0	128905	0	0	0	0	0	0	
636	129	62349	0	129127	0	0	0	0	0	0	
637	129	62447	0	129349	0	0	0	0	0	0	
638	129	62545	0	129571	0	0	0	0	0	0	
639	129	62643	0	129792	0	0	0	0	0	0	
640	130	62742	0	130014	0	0	0	0	0	0	
641	130	62840	0	130237	0	0	0	0	0	0	
642	130	62938	0	130459	0	0	0	0	0	0	
643	130	63036	0	130681	0	0	0	0	0	0	
644	130	63134	0	130903	0	0	0	0	0	0	
645	131	63232	0	131136	0	0	0	0	0	0	
646	131	63330	0	131361	0	0	0	0	0	0	
647	131	63428	0	131589	0	0	0	0	0	0	
648	131	63526	0	131881	0	0	0	0	0	0	
649	132	63624	0	132106	0	0	0	0	0	0	
650	132	63722	0	132329	0	0	0	0	0	0	
651	132	63820	0	132553	0	0	0	0	0	0	
652	132	63918	0	132779	0	0	0	0	0	0	
653	133	64016	0	133004	0	0	0	0	0	0	
654	133	64114	0	133228	0	0	0	0	0	0	
655	133	64212	0	133452	0	0	0	0	0	0	
656	133	64310	0	133676	0	0	0	0	0	0	
657	133	64408	0	133901	0	0	0	0	0	0	
658	134	64506	0	134127	0	0	0	0	0	0	
659	134	64604	0	134353	0	0	0	0	0	0	
660	134	64702	0	134578	0	0	0	0	0	0	
661	134	64800	0	134802	0	0	0	0	0	0	
662	135	64898	0	135027	0	0	0	0	0	0	
663	135	64996	0	135253	0	0	0	0	0	0	
664	135	65094	0	135478	0	0	0	0	0	0	
665	135	65192	0	135703	0	0	0	0	0	0	
666	135	65290	0	135927	0	0	0	0	0	0	
667	136	65388	0	136152	0	0	0	0	0	0	
668	136	65486	0	136376	0	0	0	0	0	0	
669	136	65585	0	136601	0	0	0	0	0	0	
670	136	65683	0	136825	0	0	0	0	0	0	
671	137	65781	0	137049	0	0	0	0	0	0	
672	137	65879	0	137274	0	0	0	0	0	0	
673	137	65977	0	137499	0	0	0	0	0	0	
674	137	66075	0	137723	0	0	0	0	0	0	
675	137	66173	0	137947	0	0	0	0	0	0	
676	138	66271	0	138171	0	0	0	0	0	0	
677	138	66369	0	138395	0	0	0	0	0	0	
678	138	66467	0	138621	0	0	0	0	0	0	
679	138	66565	0	138846	0	0	0	0	0	0	
680	139	66663	0	139071	0	0	0	0	0	0	
681	139	66761	0	139296	0	0	0	0	0	0	
682	139	66859	0	139521	0	0	0	0	0	0	
683	139	66957	0	139747	0	0	0	0	0	0	
684	139	67055	0	139974	0	0	0	0	0	0	
685	140	67153	0	140201	0	0	0	0	0	0	
686	140	67251	0	140426	0	0	0	0	0	0	
687	140	67349	0	140652	0	0	0	0	0	0	
688	140	67447	0	140878	0	0	0	0	0	0	
689	141	67545	0	141105	0	0	0	0	0	0	
690	141	67643	0	141331	0	0	0	0	0	0	
691	141	67741	0	141557	0	0	0	0	0	0	
692	141	67839	0	141781	0	0	0	0	0	0	
693	142	67937	0	142009	0	0	0	0	0	0	
694	142	68035	0	142234	0	0	0	0	0	0	
695	142	68133	0	142461	0	0	0	0	0	0	
696	142	68231	0	142688	0	0	0	0	0	0	
697	142	68329	0	142914	0	0	0	0	0	0	
698	143	68428	0	143141	0	0	0	0	0	0	
699	143	68526	0	143369	0	0	0	0	0	0	
700	143	68624	0	143598	0	0	0	0	0	0	
701	143	68722	0	143826	0	0	0	0	0	0	
702	144	68820	0	144054	0	0	0	0	0	0	
703	144	68918	0	144281	0	0	0	0	0	0	
704	144	69016	0	144509	0	0	0	0	0	0	
705	144	69114	0	144736	0	0	0	0	0	0	
706	144	69212	0	144962	0	0	0	0	0	0	
707	145	69310	0	145189	0	0	0	0	0	0	
708	145	69408	0	145416	0	0	0	0	0	0	
709	145	69506	0	145643	0	0	0	0	0	0	
710	145	69604	0	145873	0	0	0	0	0	0	
711	146	69702	0	146101	0	0	0	0	0	0	
712	146	69800	0	146331	0	0	0	0	0	0	
713	146	69898	0	146559	0	0	0	0	0	0	
714	146	69996	0	146788	0	0	0	0	0	0	
715	147	70094	0	147016	0	0	0	0	0	0	
716	147	70192	0	147245	0	0	0	0	0	0	
717	147	70290	0	147473	0	0	0	0	0	0	
718	147	70388	0	147703	0	0	0	0	0	0	
719	147	70486	0	147930	0	0	0	0	0	0	
720	148	70584	0	148157	0	0	0	0	0	0	
721	148	70682	0	148385	0	0	0	0	0	0	
722	148	70780	0	148615	0	0	0	0	0	0	
723	148	70878	0	148844	0	0	0	0	0	0	
724	149	70976	0	149073	0	0	0	0	0	0	
725	149	71074	0	149305	0	0	0	0	0	0	
726	149	71172	0	149536	0	0	0	0	0	0	
727	149	71271	0	149765	0	0	0	0	0	0	
728	149	71369	0	149995	0	0	0	0	0	0	
729	150	71467	0	150225	0	0	0	0	0	0	
730	150	71565	0	150455	0	0	0	0	0	0	
731	150	71663	0	150687	0	0	0	0	0	0	
732	150	71761	0	150918	0	0	0	0	0	0	
733	151	71859	0	151149	0	0	0	0	0	0	
734	151	71957	0	151380	0	0	0	0	0	0	
735	151	72055	0	151611	0	0	0	0	0	0	
736	151	72153	0	151842	0	0	0	0	0	0	
737	152	72251	0	152073	0	0	0	0	0	0	
738	152	72349	0	152305	0	0	0	0	0	0	
739	152	72447	0	152537	0	0	0	0	0	0	
740	152	72545	0	152768	0	0	0	0	0	0	
741	152	72643	0	152998	0	0	0	0	0	0	
742	153	72741	0	153230	0	0	0	0	0	0	
743	153	72839	0	153460	0	0	0	0	0	0	
744	153	72937	0	153691	0	0	0	0	0	0	
745	153	73035	0	153922	0	0	0	0	0	0	
746	154	73133	0	154154	0	0	0	0	0	0	
747	154	73231	0	154384	0	0	0	0	0	0	
748	154	73329	0	154617	0	0	0	0	0	0	
749	154	73427	0	154847	0	0	0	0	0	0	
750	155	73525	0	155079	0	0	0	0	0	0	
751	155	73623	0	155312	0	0	0	0	0	0	
752	155	73721	0	155543	0	0	0	0	0	0	
753	155	73819	0	155775	0	0	0	0	0	0	
754	156	73917	0	156007	0	0	0	0	0	0	
755	156	74015	0	156239	0	0	0	0	0	0	
756	156	74114	0	156472	0	0	0	0	0	0	
757	156	74212	0	156704	0	0	0	0	0	0	
758	156	74310	0	156936	0	0	0	0	0	0	
759	157	74408	0	157170	0	0	0	0	0	0	
760	157	74506	0	157404	0	0	0	0	0	0	
761	157	74604	0	157638	0	0	0	0	0	0	
762	157	74702	0	157872	0	0	0	0	0	0	
763	158	74800	0	158106	0	0	0	0	0	0	
764	158	74898	0	158339	0	0	0	0	0	0	
765	158	74996	0	158571	0	0	0	0	0	0	
766	158	75094	0	158804	0	0	0	0	0	0	
767	159	75192	0	159038	0	0	0	0	0	0	
768	159	75290	0	159272	0	0	0	0	0	0	
769	159	75388	0	159507	0	0	0	0	0	0	
770	159	75486	0	159742	0	0	0	0	0	0	
771	159	75584	0	159976	0	0	0	0	0	0	
772	160	75682	0	160211	0	0	0	0	0	0	
773	160	75780	0	160447	0	0	0	0	0	0	
774	160	75878	0	160681	0	0	0	0	0	0	
775	160	75976	0	160917	0	0	0	0	0	0	
776	161	76074	0	161151	0	0	0	0	0	0	
777	161	76172	0	161387	0	0	0	0	0	0	
778	161	76270	0	161621	0	0	0	0	0	0	
779	161	76368	0	161858	0	0	0	0	0	0	
780	162	76466	0	162097	0	0	0	0	0	0	
781	162	76564	0	162332	0	0	0	0	0	0	
782	162	76662	0	162567	0	0	0	0	0	0	
783	162	76760	0	162803	0	0	0	0	0	0	
784	163	76858	0	163038	0	0	0	0	0	0	
785	163	76957	0	163274	0	0	0	0	0	0	
786	163	77055	0	163510	0	0	0	0	0	0	
787	163	77153	0	163745	0	0	0	0	0	0	
788	163	77251	0	163981	0	0	0	0	0	0	
789	164	77349	0	164218	0	0	0	0	0	0	
790	164	77447	0	164454	0	0	0	0	0	0	
791	164	77545	0	164690	0	0	0	0	0	0	
792	164	77643	0	164926	0	0	0	0	0	0	
793	165	77741	0	165162	0	0	0	0	0	0	
794	165	77839	0	165399	0	0	0	0	0	0	
795	165	77937	0	165636	0	0	0	0	0	0	
796	165	78035	0	165873	0	0	0	0	0	0	
797	166	78133	0	166110	0	0	0	0	0	0	
798	166	78231	0	166349	0	0	0	0	0	0	
799	166	78329	0	166586	0	0	0	0	0	0	
800	166	78427	0	166823	0	0	0	0	0	0	
801	167	78525	0	167062	0	0	0	0	0	0	
802	167	78623	0	167298	0	0	0	0	0	0	
803	167	78721	0	167535	0	0	0	0	0	0	
804	167	78819	0	167771	0	0	0	0	0	0	
805	168	78917	0	168008	0	0	0	0	0	0	
806	168	79015	0	168245	0	0	0	0	0	0	
807	168	79113	0	168482	0	0	0	0	0	0	
808	168	79211	0	168720	0	0	0	0	0	0	
809	168	79309	0	168958	0	0	0	0	0	0	
810	169	79407	0	169194	0	0	0	0	0	0	
811	169	79505	0	169430	0	0	0	0	0	0	
812	169	79603	0	169668	0	0	0	0	0	0	
813	169	79701	0	169905	0	0	0	0	0	0	
814	170	79800	0	170143	0	0	0	0	0	0	
815	170	79898	0	170382	0	0	0	0	0	0	
816	170	79996	0	170619	0	0	0	0	0	0	
817	170	80094	0	170857	0	0	0	0	0	0	
818	171	80192	0	171095	0	0	0	0	0	0	
819	171	80290	0	171333	0	0	0	0	0	0	
820	171	80388	0	171571	0	0	0	0	0	0	
821	171	80486	0	171810	0	0	0	0	0	0	
822	172	80584	0	172048	0	0	0	0	0	0	
823	172	80682	0	172287	0	0	0	0	0	0	
824	172	80780	0	172529	0	0	0	0	0	0	
825	172	80878	0	172773	0	0	0	0	0	0	
826	173	80976	0	173016	0	0	0	0	0	0	
827	173	81074	0	173255	0	0	0	0	0	0	
828	173	81172	0	173493	0	0	0	0	0	0	
829	173	81270	0	173730	0	0	0	0	0	0	
830	173	81368	0	173970	0	0	0	0	0	0	
831	174	81466	0	174208	0	0	0	0	0	0	
832	174	81564	0	174447	0	0	0	0	0	0	
833	174	81662	0	174687	0	0	0	0	0	0	
834	174	81760	0	174926	0	0	0	0	0	0	
835	175	81858	0	175164	0	0	0	0	0	0	
836	175	81956	0	175401	0	0	0	0	0	0	
837	175	82054	0	175640	0	0	0	0	0	0	
838	175	82152	0	175879	0	0	0	0	0	0	
839	176	82250	0	176117	0	0	0	0	0	0	
840	176	82348	0	176356	0	0	0	0	0	0	
841	176	82446	0	176594	0	0	0	0	0	0	
842	176	82544	0	176834	0	0	0	0	0	0	
843	177	82643	0	177073	0	0	0	0	0	0	
844	177	82741	0	177312	0	0	0	0	0	0	
845	177	82839	0	177550	0	0	0	0	0	0	
846	177	82937	0	177788	0	0	0	0	0	0	
847	178	83035	0	178028	0	0	0	0	0	0	
848	178	83133	0	178268	0	0	0	0	0	0	
849	178	83231	0	178507	0	0	0	0	0	0	
850	178	83329	0	178747	0	0	0	0	0	0	
851	178	83427	0	178987	0	0	0	0	0	0	
852	179	83525	0	179227	0	0	0	0	0	0	
853	179	83623	0	179467	0	0	0	0	0	0	
854	179	83721	0	179707	0	0	0	0	0	0	
855	179	83819	0	179948	0	0	0	0	0	0	
856	180	83917	0	180185	0	0	0	0	0	0	
857	180	84015	0	180423	0	0	0	0	0	0	
858	180	84113	0	180661	0	0	0	0	0	0	
859	180	84211	0	180899	0	0	0	0	0	0	
860	181	84309	0	181139	0	0	0	0	0	0	
861	181	84407	0	181380	0	0	0	0	0	0	
862	181	84505	0	181621	0	0	0	0	0	0	
863	181	84603	0	181861	0	0	0	0	0	0	
864	182	84701	0	182102	0	0	0	0	0	0	
865	182	84799	0	182343	0	0	0	0	0	0	
866	182	84897	0	182584	0	0	0	0	0	0	
867	182	84995	0	182825	0	0	0	0	0	0	
868	183	85093	0	183066	0	0	0	0	0	0	
869	183	85191	0	183305	0	0	0	0	0	0	
870	183	85289	0	183545	0	0	0	0	0	0	
871	183	85387	0	183784	0	0	0	0	0	0	
872	184	85486	0	184023	0	0	0	0	0	0	
873	184	85584	0	184263	0	0	0	0	0	0	
874	184	85682	0	184503	0	0	0	0	0	0	
875	184	85780	0	184743	0	0	0	0	0	0	
876	184	85878	0	184982	0	0	0	0	0	0	
877	185	85976	0	185222	0	0	0	0	0	0	
878	185	86074	0	185462	0	0	0	0	0	0	
879	185	86172	0	185702	0	0	0	0	0	0	
880	185	86270	0	185943	0	0	0	0	0	0	
881	186	86368	0	186185	0	0	0	0	0	0	
882	186	86466	0	186427	0	0	0	0	0	0	
883	186	86564	0	186669	0	0	0	0	0	0	
884	186	86662	0	186911	0	0	0	0	0	0	
885	187	86760	0	187152	0	0	0	0	0	0	
886	187	86858	0	187394	0	0	0	0	0	0	
887	187	86956	0	187636	0	0	0	0	0	0	
888	187	87054	0	187875	0	0	0	0	0	0	
889	188	87152	0	188114	0	0	0	0	0	0	
890	188	87250	0	188356	0	0	0	0	0	0	
891	188	87348	0	188596	0	0	0	0	0	0	
892	188	87446	0	188836	0	0	0	0	0	0	
893	189	87544	0	189076	0	0	0	0	0	0	
894	189	87642	0	189316	0	0	0	0	0	0	
895	189	87740	0	189558	0	0	0	0	0	0	
896	189	87838	0	189800	0	0	0	0	0	0	
897	190	87936	0	190042	0	0	0	0	0	0	
898	190	88034	0	190283	0	0	0	0	0	0	
899	190	88132	0	190525	0	0	0	0	0	0	
900	190	88230	0	190767	0	0	0	0	0	0	
901	191	88328	0	191008	0	0	0	0	0	0	
902	191	88427	0	191250	0	0	0	0	0	0	
903	191	88525	0	191492	0	0	0	0	0	0	
904	191	88623	0	191733	0	0	0	0	0	0	
905	191	88721	0	191976	0	0	0	0	0	0	
906	192	88819	0	192217	0	0	0	0	0	0	
907	192	88917	0	192459	0	0	0	0	0	0	
908	192	89015	0	192702	0	0	0	0	0	0	
909	192	89113	0	192948	0	0	0	0	0	0	
910	193	89211	0	193194	0	0	0	0	0	0	
911	193	89309	0	193436	0	0	0	0	0	0	
912	193	89407	0	193678	0	0	0	0	0	0	
913	193	89505	0	193922	0	0	0	0	0	0	
914	194	89603	0	194165	0	0	0	0	0	0	
915	194	89701	0	194408	0	0	0	0	0	0	
916	194	89799	0	194654	0	0	0	0	0	0	
917	194	89897	0	194897	0	0	0	0	0	0	
918	195	89995	0	195141	0	0	0	0	0	0	
919	195	90093	0	195386	0	0	0	0	0	0	
920	195	90191	0	195629	0	0	0	0	0	0	
921	195	90289	0	195874	0	0	0	0	0	0	
922	196	90387	0	196118	0	0	0	0	0	0	
923	196	90485	0	196362	0	0	0	0	0	0	
924	196	90583	0	196604	0	0	0	0	0	0	
925	196	90681	0	196849	0	0	0	0	0	0	
926	197	90779	0	197092	0	0	0	0	0	0	
927	197	90877	0	197338	0	0	0	0	0	0	
928	197	90975	0	197582	0	0	0	0	0	0	
929	197	91073	0	197826	0	0	0	0	0	0	
930	198	91171	0	198069	0	0	0	0	0	0	
931	198	91270	0	198311	0	0	0	0	0	0	
932	198	91368	0	198555	0	0	0	0	0	0	
933	198	91466	0	198801	0	0	0	0	0	0	
934	199	91564	0	199044	0	0	0	0	0	0	
935	199	91662	0	199287	0	0	0	0	0	0	
936	199	91760	0	199529	0	0	0	0	0	0	
937	199	91858	0	199772	0	0	0	0	0	0	
938	200	91956	0	200014	0	0	0	0	0	0	
939	200	92054	0	200257	0	0	0	0	0	0	
940	200	92152	0	200500	0	0	0	0	0	0	
941	200	92250	0	200745	0	0	0	0	0	0	
942	200	92348	0	200992	0	0	0	0	0	0	
943	201	92446	0	201240	0	0	0	0	0	0	
944	201	92544	0	201487	0	0	0	0	0	0	
945	201	92642	0	201730	0	0	0	0	0	0	
946	201	92740	0	201974	0	0	0	0	0	0	
947	202	92838	0	202217	0	0	0	0	0	0	
948	202	92936	0	202460	0	0	0	0	0	0	
949	202	93034	0	202703	0	0	0	0	0	0	
950	202	93132	0	202948	0	0	0	0	0	0	
951	203	93230	0	203193	0	0	0	0	0	0	
952	203	93328	0	203437	0	0	0	0	0	0	
953	203	93426	0	203682	0	0	0	0	0	0	
954	203	93524	0	203925	0	0	0	0	0	0	
955	204	93622	0	204169	0	0	0	0	0	0	
956	204	93720	0	204414	0	0	0	0	0	0	
957	204	93818	0	204658	0	0	0	0	0	0	
958	204	93916	0	204902	0	0	0	0	0	0	
959	205	94014	0	205146	0	0	0	0	0	0	
960	205	94113	0	205389	0	0	0	0	0	0	
961	205	94211	0	205633	0	0	0	0	0	0	
962	205	94309	0	205880	0	0	0	0	0	0	
963	206	94407	0	206123	0	0	0	0	0	0	
964	206	94505	0	206367	0	0	0	0	0	0	
965	206	94603	0	206611	0	0	0	0	0	0	
966	206	94701	0	206855	0	0	0	0	0	0	
967	207	94799	0	207104	0	0	0	0	0	0	
968	207	94897	0	207348	0	0	0	0	0	0	
969	207	94995	0	207592	0	0	0	0	0	0	
970	207	95093	0	207835	0	0	0	0	0	0	
971	208	95191	0	208078	0	0	0	0	0	0	
972	208	95289	0	208321	0	0	0	0	0	0	
973	208	95387	0	208563	0	0	0	0	0	0	
974	208	95485	0	208805	0	0	0	0	0	0	
975	209	95583	0	209049	0	0	0	0	0	0	
976	209	95681	0	209291	0	0	0	0	0	0	
977	209	95779	0	209535	0	0	0	0	0	0	
978	209	95877	0	209778	0	0	0	0	0	0	
979	210	95975	0	210020	0	0	0	0	0	0	
980	210	96073	0	210264	0	0	0	0	0	0	
981	210	96171	0	210508	0	0	0	0	0	0	
982	210	96269	0	210752	0	0	0	0	0	0	
983	210	96367	0	210994	0	0	0	0	0	0	
984	211	96465	0	211240	0	0	0	0	0	0	
985	211	96563	0	211494	0	0	0	0	0	0	
986	211	96661	0	211740	0	0	0	0	0	0	
987	211	96759	0	211985	0	0	0	0	0	0	
988	212	96857	0	212230	0	0	0	0	0	0	
989	212	96956	0	212475	0	0	0	0	0	0	
990	212	97054	0	212720	0	0	0	0	0	0	
991	212	97152	0	212966	0	0	0	0	0	0	
992	213	97250	0	213212	0	0	0	0	0	0	
993	213	97348	0	213457	0	0	0	0	0	0	
994	213	97446	0	213698	0	0	0	0	0	0	
995	213	97544	0	213939	0	0	0	0	0	0	
996	214	97642	0	214180	0	0	0	0	0	0	
997	214	97740	0	214424	0	0	0	0	0	0	
998	214	97838	0	214672	0	0	0	0	0	0	
999	214	97936	0	214916	0	0	0	0	0	0	
1000	215	98034	0	215154	0	0	0	0	0	0	
1001	215	98132	0	215392	0	0	0	0	0	0	
1002	215	98230	0	215628	0	0	0	0	0	0	
1003	215	98328	0	215865	0	0	0	0	0	0	
1004	216	98426	0	216105	0	0	0	0	0	0	
1005	216	98524	0	216344	0	0	0	0	0	0	
1006	216	98622	0	216581	0	0	0	0	0	0	
1007	216	98720	0	216822	0	0	0	0	0	0	
1008	217	98818	0	217062	0	0	0	0	0	0	
1009	217	98916	0	217302	0	0	0	0	0	0	
1010	217	99014	0	217541	0	0	0	0	0	0	
1011	217	99112	0	217779	0	0	0	0	0	0	
1012	218	99210	0	218017	0	0	0	0	0	0	
1013	218	99308	0	218255	0	0	0	0	0	0	
1014	218	99406	0	218493	0	0	0	0	0	0	
1015	218	99504	0	218733	0	0	0	0	0	0	
1016	218	99602	0	218972	0	0	0	0	0	0	
1017	219	99700	0	219213	0	0	0	0	0	0	
1018	219	99799	0	219453	0	0	0	0	0	0	
1019	219	99897	0	219693	0	0	0	0	0	0	
1020	219	99995	0	219936	0	0	0	0	0	0	
1021	220	100093	0	220176	0	0	0	0	0	0	
1022	220	100191	0	220417	0	0	0	0	0	0	
1023	220	100289	0	220657	0	0	0	0	0	0	
1024	220	100387	0	220899	0	0	0	0	0	0	
1025	221	100485	0	221138	0	0	0	0	0	0	
1026	221	100583	0	221381	0	0	0	0	0	0	
1027	221	100681	0	221624	0	0	0	0	0	0	
1028	221	100779	0	221865	0	0	0	0	0	0	
1029	222	100877	0	222106	0	0	0	0	0	0	
1030	222	100975	0	222347	0	0	0	0	0	0	
1031	222	101073	0	222589	0	0	0	0	0	0	
1032	222	101171	0	222832	0	0	0	0	0	0	
1033	223	101269	0	223073	0	0	0	0	0	0	
1034	223	101367	0	223314	0	0	0	0	0	0	
1035	223	101465	0	223558	0	0	0	0	0	0	
1036	223	101563	0	223801	0	0	0	0	0	0	
1037	224	101661	0	224044	0	0	0	0	0	0	
1038	224	101759	0	224286	0	0	0	0	0	0	
1039	224	101857	0	224528	0	0	0	0	0	0	
1040	224	101955	0	224770	0	0	0	0	0	0	
1041	225	102053	0	225010	0	0	0	0	0	0	
1042	225	102151	0	225251	0	0	0	0	0	0	
1043	225	102249	0	225493	0	0	0	0	0	0	
1044	225	102347	0	225735	0	0	0	0	0	0	
1045	225	102445	0	225978	0	0	0	0	0	0	
1046	226	102543	0	226220	0	0	0	0	0	0	
1047	226	102642	0	226467	0	0	0	0	0	0	
1048	226	102740	0	226710	0	0	0	0	0	0	
1049	226	102838	0	226953	0	0	0	0	0	0	
1050	227	102936	0	227195	0	0	0	0	0	0	
1051	227	103034	0	227439	0	0	0	0	0	0	
1052	227	103132	0	227682	0	0	0	0	0	0	
1053	227	103230	0	227924	0	0	0	0	0	0	
1054	228	103328	0	228166	0	0	0	0	0	0	
1055	228	103426	0	228411	0	0	0	0	0	0	
1056	228	103524	0	228654	0	0	0	0	0	0	
1057	228	103622	0	228898	0	0	0	0	0	0	
1058	229	103720	0	229141	0	0	0	0	0	0	
1059	229	103818	0	229387	0	0	0	0	0	0	
1060	229	103916	0	229631	0	0	0	0	0	0	
1061	229	104014	0	229873	0	0	0	0	0	0	
1062	230	104112	0	230117	0	0	0	0	0	0	
1063	230	104210	0	230360	0	0	0	0	0	0	
1064	230	104308	0	230604	0	0	0	0	0	0	
1065	230	104406	0	230848	0	0	0	0	0	0	
1066	231	104504	0	231091	0	0	0	0	0	0	
1067	231	104602	0	231337	0	0	0	0	0	0	
1068	231	104700	0	231584	0	0	0	0	0	0	
1069	231	104798	0	231828	0	0	0	0	0	0	
1070	232	104896	0	232073	0	0	0	0	0	0	
1071	232	104994	0	232316	0	0	0	0	0	0	
1072	232	105092	0	232560	0	0	0	0	0	0	
1073	232	105190	0	232805	0	0	0	0	0	0	
1074	233	105288	0	233049	0	0	0	0	0	0	
1075	233	105386	0	233294	0	0	0	0	0	0	
1076	233	105485	0	233555	0	0	0	0	0	0	
1077	233	105583	0	233862	0	0	0	0	0	0	
1078	234	105681	0	234114	0	0	0	0	0	0	
1079	234	105779	0	234359	0	0	0	0	0	0	
1080	234	105877	0	234608	0	0	0	0	0	0	
1081	234	105975	0	234853	0	0	0	0	0	0	
1082	235	106073	0	235099	0	0	0	0	0	0	
1083	235	106171	0	235342	0	0	0	0	0	0	
1084	235	106269	0	235588	0	0	0	0	0	0	
1085	235	106367	0	235832	0	0	0	0	0	0	
1086	236	106465	0	236080	0	0	0	0	0	0	
1087	236	106563	0	236326	0	0	0	0	0	0	
1088	236	106661	0	236574	0	0	0	0	0	0	
1089	236	106759	0	236819	0	0	0	0	0	0	
1090	237	106857	0	237065	0	0	0	0	0	0	
1091	237	106955	0	237310	0	0	0	0	0	0	
1092	237	107053	0	237556	0	0	0	0	0	0	
1093	237	107151	0	237803	0	0	0	0	0	0	
1094	238	107249	0	238049	0	0	0	0	0	0	
1095	238	107347	0	238293	0	0	0	0	0	0	
1096	238	107445	0	238538	0	0	0	0	0	0	
1097	238	107543	0	238785	0	0	0	0	0	0	
1098	239	107641	0	239031	0	0	0	0	0	0	
1099	239	107739	0	239276	0	0	0	0	0	0	
1100	239	107837	0	239519	0	0	0	0	0	0	
1101	239	107935	0	239769	0	0	0	0	0	0	
1102	240	108033	0	240013	0	0	0	0	0	0	
1103	240	108131	0	240258	0	0	0	0	0	0	
1104	240	108229	0	240504	0	0	0	0	0	0	
1105	240	108328	0	240751	0	0	0	0	0	0	
1106	240	108426	0	240996	0	0	0	0	0	0	
1107	241	108524	0	241243	0	0	0	0	0	0	
1108	241	108622	0	241491	0	0	0	0	0	0	
1109	241	108720	0	241737	0	0	0	0	0	0	
1110	241	108818	0	241984	0	0	0	0	0	0	
1111	242	108916	0	242231	0	0	0	0	0	0	
1112	242	109014	0	242478	0	0	0	0	0	0	
1113	242	109112	0	242726	0	0	0	0	0	0	
1114	242	109210	0	242972	0	0	0	0	0	0	
1115	243	109308	0	243218	0	0	0	0	0	0	
1116	243	109406	0	243466	0	0	0	0	0	0	
1117	243	109504	0	243711	0	0	0	0	0	0	
1118	243	109602	0	243957	0	0	0	0	0	0	
1119	244	109700	0	244203	0	0	0	0	0	0	
1120	244	109798	0	244448	0	0	0	0	0	0	
1121	244	109896	0	244694	0	0	0	0	0	0	
1122	244	109994	0	244941	0	0	0	0	0	0	
1123	245	110092	0	245185	0	0	0	0	0	0	
1124	245	110190	0	245427	0	0	0	0	0	0	
1125	245	110288	0	245673	0	0	0	0	0	0	
1126	245	110386	0	245919	0	0	0	0	0	0	
1127	246	110484	0	246167	0	0	0	0	0	0	
1128	246	110582	0	246411	0	0	0	0	0	0	
1129	246	110680	0	246657	0	0	0	0	0	0	
1130	246	110778	0	246904	0	0	0	0	0	0	
1131	247	110876	0	247150	0	0	0	0	0	0	
1132	247	110974	0	247392	0	0	0	0	0	0	
1133	247	111072	0	247636	0	0	0	0	0	0	
1134	247	111171	0	247890	0	0	0	0	0	0	
1135	248	111269	0	248137	0	0	0	0	0	0	
1136	248	111367	0	248380	0	0	0	0	0	0	
1137	248	111465	0	248626	0	0	0	0	0	0	
1138	248	111563	0	248873	0	0	0	0	0	0	
1139	249	111661	0	249121	0	0	0	0	0	0	
1140	249	111759	0	249368	0	0	0	0	0	0	
1141	249	111857	0	249617	0	0	0	0	0	0	
1142	249	111955	0	249864	0	0	0	0	0	0	
1143	250	112053	0	250110	0	0	0	0	0	0	
1144	250	112151	0	250358	0	0	0	0	0	0	
1145	250	112249	0	250605	0	0	0	0	0	0	
1146	250	112347	0	250852	0	0	0	0	0	0	
1147	251	112445	0	251122	0	0	0	0	0	0	
1148	251	112543	0	251373	0	0	0	0	0	0	
1149	251	112641	0	251625	0	0	0	0	0	0	
1150	251	112739	1	251874	0	0	0	0	0	0	
1151	252	112837	3	252122	0	0	0	0	0	0	
1152	252	112935	6	252371	0	0	0	0	0	0	
1153	252	113033	7	252619	0	0	0	0	0	0	
1154	252	113131	10	252938	0	0	0	0	0	0	
1155	253	113229	11	253206	0	0	0	0	0	0	
1156	253	113327	14	253459	0	0	0	0	0	0	
1157	253	113425	20	253712	0	0	0	0	0	0	
1158	253	113523	25	253964	0	0	0	0	0	0	
1159	254	113621	33	254216	0	0	0	0	0	0	
1160	254	113719	47	254465	0	0	0	0	0	0	
1161	254	113817	53	254717	0	0	0	0	0	0	
1162	254	113915	66	254975	0	0	0	0	0	0	
1163	255	114014	79	255228	0	0	0	0	0	0	
1164	255	114112	87	255477	0	0	0	0	0	0	
1165	255	114210	106	255732	0	0	0	0	0	0	
1166	255	114308	118	255983	0	0	0	0	0	0	
1167	256	114406	130	256233	0	0	0	0	0	0	
1168	256	114504	144	256486	0	0	0	0	0	0	
1169	256	114602	163	256736	0	0	0	0	0	0	
1170	256	114700	184	256987	0	0	0	0	0	0	
1171	257	114798	210	257253	0	0	0	0	0	0	
1172	257	114896	235	257564	0	0	0	0	0	0	
1173	257	114994	255	257844	0	0	0	0	0	0	
1174	258	115092	275	258104	0	0	0	0	0	0	
1175	258	115190	300	258360	0	0	0	0	0	0	
1176	258	115288	322	258613	0	0	0	0	0	0	
1177	258	115386	348	258863	0	0	0	0	0	0	
1178	259	115484	375	259114	0	0	0	0	0	0	
1179	259	115582	398	259368	0	0	0	0	0	0	
1180	259	115680	424	259620	0	0	0	0	0	0	
1181	259	115778	452	259872	0	0	0	0	0	0	
1182	260	115876	480	260124	0	0	0	0	0	0	
1183	260	115974	506	260378	0	0	0	0	0	0	
1184	260	116072	531	260631	0	0	0	0	0	0	
1185	260	116170	572	260902	0	0	0	0	0	0	
1186	261	116268	611	261165	0	0	0	0	0	0	
1187	261	116366	659	261428	0	0	0	0	0	0	
1188	261	116464	693	261685	0	0	0	0	0	0	
1189	261	116562	739	261945	0	0	0	0	0	0	
1190	262	116660	803	262212	0	0	0	0	0	0	
1191	262	116758	857	262474	0	0	0	0	0	0	
1192	262	116857	908	262739	0	0	0	0	0	0	
1193	263	116955	966	263010	0	0	0	0	0	0	
1194	263	117053	1118	263292	0	0	0	0	0	0	
1195	263	117151	1226	263591	0	0	0	0	0	0	
1196	263	117249	1327	263874	0	0	0	0	0	0	
1197	264	117347	1438	264153	0	0	0	0	0	0	
1198	264	117445	1556	264432	0	0	0	0	0	0	
1199	264	117543	1682	264722	0	0	0	0	0	0	
1200	265	117641	1810	265009	0	0	0	0	0	0	
1201	265	117739	1930	265298	0	0	0	0	0	0	
1202	265	117837	2060	265570	0	0	0	0	0	0	
1203	265	117935	2202	265862	0	0	0	0	0	0	
1204	266	118033	2339	266136	0	0	0	0	0	0	
1205	266	118131	2491	266423	0	0	0	0	0	0	
1206	266	118229	2646	266703	0	0	0	0	0	0	
1207	266	118327	2802	266983	0	0	0	0	0	0	
1208	267	118425	2982	267294	0	0	0	0	0	0	
1209	267	118523	3148	267581	0	0	0	0	0	0	
1210	267	118621	3338	267872	0	0	0	0	0	0	
1211	268	118719	3565	268172	0	0	0	0	0	0	
1212	268	118817	3774	268471	0	0	0	0	0	0	
1213	268	118915	3981	268791	0	0	0	0	0	0	
1214	269	119013	4227	269091	0	0	0	0	0	0	
1215	269	119111	4476	269381	0	0	0	0	0	0	
1216	269	119209	4698	269673	0	0	0	0	0	0	
1217	269	119307	4941	269969	0	0	0	0	0	0	
1218	270	119405	5196	270263	0	0	0	0	0	0	
1219	270	119503	5423	270581	0	0	0	0	0	0	
1220	270	119601	5702	270888	0	0	0	0	0	0	
1221	271	119700	6023	271198	0	0	0	0	0	0	
1222	271	119798	6319	271501	0	0	0	0	0	0	
1223	271	119896	6689	271811	0	0	0	0	0	0	
1224	272	119994	7048	272171	0	0	0	0	0	0	
1225	272	120092	7453	272483	0	0	0	0	0	0	
1226	272	120190	7885	272800	0	0	0	0	0	0	
1227	273	120288	8296	273116	0	0	0	0	0	0	
1228	273	120386	8730	273436	0	0	0	0	0	0	
1229	273	120484	9191	273921	0	0	0	0	0	0	
1230	274	120582	9645	274254	0	0	0	0	0	0	
1231	274	120680	10191	274591	0	0	0	0	0	0	
1232	274	120778	10719	274933	0	0	0	0	0	0	
1233	275	120876	11234	275265	0	0	0	0	0	0	
1234	275	120974	11815	275611	0	0	0	0	0	0	
1235	275	121072	12390	275945	0	0	0	0	0	0	
1236	276	121170	12984	276290	0	0	0	0	0	0	
1237	276	121268	13573	276631	0	0	0	0	0	0	
1238	276	121366	14196	276983	0	0	0	0	0	0	
1239	277	121464	14838	277325	0	0	0	0	0	0	
1240	277	121562	15476	277670	0	0	0	0	0	0	
1241	278	121660	16113	278013	0	0	0	0	0	0	
1242	278	121758	16740	278352	0	0	0	0	0	0	
1243	278	121856	17379	278702	0	0	0	0	0	0	
1244	279	121954	18038	279046	0	0	0	0	0	0	
1245	279	122052	18735	279392	0	0	0	0	0	0	
1246	279	122150	19402	279742	0	0	0	0	0	0	
1247	280	122248	20051	280096	0	0	0	0	0	0	
1248	280	122346	20758	280440	0	0	0	0	0	0	
1249	280	122444	21451	280804	0	0	0	0	0	0	
1250	281	122543	22191	281142	0	0	0	0	0	0	
1251	281	122641	22975	281494	0	0	0	0	0	0	
1252	281	122739	23756	281845	0	0	0	0	0	0	
1253	282	122837	24551	282204	0	0	0	0	0	0	
1254	282	122935	25325	282556	0	0	0	0	0	0	
1255	282	123033	26150	282967	0	0	0	0	0	0	
1256	283	123131	26981	283331	0	0	0	0	0	0	
1257	283	123229	27791	283721	0	0	0	0	0	0	
1258	284	123327	28610	284069	0	0	0	0	0	0	
1259	284	123425	29814	284490	0	0	0	0	0	0	
1260	284	123523	31044	284881	0	0	0	0	0	0	
1261	285	123621	32145	285253	0	0	0	0	0	0	
1262	285	123719	33223	285640	0	0	0	0	0	0	
1263	286	123817	34309	286018	0	0	0	0	0	0	
1264	286	123915	35403	286414	0	0	0	0	0	0	
1265	286	124013	36400	286781	0	0	0	0	0	0	
1266	287	124111	37502	287176	0	0	0	0	0	0	
1267	287	124209	38606	287566	0	0	0	0	0	0	
1268	287	124307	39635	287935	0	0	0	0	0	0	
1269	288	124405	40719	288341	0	0	0	0	0	0	
1270	288	124503	42059	288830	0	0	0	0	0	0	
1271	289	124601	43398	289309	0	0	0	0	0	0	
1272	289	124699	44729	289884	0	0	0	0	0	0	
1273	290	124797	46021	290334	0	0	0	0	0	0	
1274	290	124895	47341	290775	0	0	0	0	0	0	
1275	291	124993	48633	291228	0	0	0	0	0	0	
1276	291	125091	49909	291664	0	0	0	0	0	0	
1277	292	125189	51236	292141	0	0	0	0	0	0	
1278	292	125287	52570	292572	0	0	0	0	0	0	
1279	293	125386	53876	293000	0	0	0	0	0	0	
1280	293	125484	55184	293433	0	0	0	0	0	0	
1281	293	125582	56461	293858	0	0	0	0	0	0	
1282	294	125680	57787	294291	0	0	0	0	0	0	
1283	294	125778	59193	294722	0	0	0	0	0	0	
1284	295	125876	60584	295174	0	0	0	0	0	0	
1285	295	125974	62083	295622	0	0	0	0	0	0	
1286	296	126072	63463	296077	0	0	0	0	0	0	
1287	296	126170	64851	296520	0	0	0	0	0	0	
1288	297	126268	66325	297105	0	0	0	0	0	0	
1289	297	126366	67859	297581	0	0	0	0	0	0	
1290	298	126464	69376	298041	0	0	0	0	0	0	
1291	298	126562	71026	298540	0	0	0	0	0	0	
1292	299	126660	72683	299040	0	0	0	0	0	0	
1293	299	126758	74292	299492	0	0	0	0	0	0	
1294	299	126856	75973	299974	0	0	0	0	0	0	
1295	300	126954	77641	300429	0	0	0	0	0	0	
1296	300	127052	79337	300898	0	0	0	0	0	0	
1297	301	127150	81068	301351	0	0	0	0	0	0	
1298	301	127248	82728	301821	0	0	0	0	0	0	
1299	302	127346	84377	302302	0	0	0	0	0	0	
1300	302	127444	86018	302764	0	0	0	0	0	0	
1301	303	127542	87659	303295	0	0	0	0	0	0	
1302	303	127640	89493	303878	0	0	0	0	0	0	
1303	304	127738	91265	304443	0	0	0	0	0	0	
1304	304	127836	93028	304969	0	0	0	0	0	0	
1305	305	127934	94838	305530	0	0	0	0	0	0	
1306	306	128032	96642	306217	0	0	0	0	0	0	
1307	306	128130	98502	306825	0	0	0	0	0	0	
1308	307	128229	100459	307547	0	0	0	0	0	0	
1309	308	128327	102453	308250	0	0	0	0	0	0	
1310	308	128425	104574	308886	0	0	0	0	0	0	
1311	309	128523	106727	309597	0	0	0	0	0	0	
1312	310	128621	108831	310196	0	0	0	0	0	0	
1313	310	128719	110944	310782	0	0	0	0	0	0	
1314	311	128817	113114	311387	0	0	0	0	0	0	
1315	311	128915	115321	311968	0	0	0	0	0	0	
1316	312	129013	117508	312598	0	0	0	0	0	0	
1317	313	129111	120159	313519	0	0	0	0	0	0	
1318	314	129209	123068	314247	0	0	0	0	0	0	
1319	314	129307	125912	314919	0	0	0	0	0	0	
1320	315	129405	128705	315594	0	0	0	0	0	0	
1321	316	129503	131382	316270	0	0	0	0	0	0	
1322	316	129601	134209	316931	0	0	0	0	0	0	
1323	317	129699	137832	317863	0	0	0	0	0	0	
1324	318	129797	141428	318730	0	0	0	0	0	0	
1325	319	129895	144600	319514	0	0	0	0	0	0	
1326	320	129993	147564	320229	0	0	0	0	0	0	
1327	320	130091	150396	320919	0	0	0	0	0	0	
1328	321	130189	153209	321595	0	0	0	0	0	0	
1329	322	130287	155968	322313	0	0	0	0	0	0	
1330	323	130385	158866	323022	0	0	0	0	0	0	
1331	323	130483	161628	323975	0	0	0	0	0	0	
1332	324	130581	164528	324807	0	0	0	0	0	0	
1333	325	130679	167413	325645	0	0	0	0	0	0	
1334	326	130777	170231	326443	0	0	0	0	0	0	
1335	327	130875	172899	327205	0	0	0	0	0	0	
1336	327	130973	175655	327969	0	0	0	0	0	0	
1337	328	131071	178576	328803	0	0	0	0	0	0	
1338	329	131170	181425	329528	0	0	0	0	0	0	
1339	330	131268	184224	330302	0	0	0	0	0	0	
1340	331	131366	187114	331111	0	0	0	0	0	0	
1341	331	131464	189845	331807	0	0	0	0	0	0	
1342	332	131562	192616	332718	0	0	0	0	0	0	
1343	333	131660	195371	333493	0	0	0	0	0	0	
1344	334	131758	198122	334338	0	0	0	0	0	0	
1345	335	131856	200858	335019	0	0	0	0	0	0	
1346	335	131954	203649	335745	0	0	0	0	0	0	
1347	336	132052	206386	336493	0	0	0	0	0	0	
1348	337	132150	209226	337316	0	0	0	0	0	0	
1349	338	132248	212091	338143	0	0	0	0	0	0	
1350	338	132346	215003	338969	0	0	0	0	0	0	
1351	340	132444	218965	340015	0	0	0	0	0	0	
1352	341	132542	222503	341139	0	0	0	0	0	0	
1353	342	132640	225803	342086	0	0	0	0	0	0	
1354	342	132738	229055	342984	0	0	0	0	0	0	
1355	343	132836	232262	343863	0	0	0	0	0	0	
1356	344	132934	235287	344683	0	0	0	0	0	0	
1357	345	133032	238392	345514	0	0	0	0	0	0	
1358	346	133130	241410	346338	0	0	0	0	0	0	
1359	347	133228	244557	347171	0	0	0	0	0	0	
1360	347	133326	247643	347991	0	0	0	0	0	0	
1361	348	133424	250814	348821	0	0	0	0	0	0	
1362	349	133522	253928	349634	0	0	0	0	0	0	
1363	350	133620	257041	350452	0	0	0	0	0	0	
1364	351	133718	260306	351263	0	0	0	0	0	0	
1365	352	133816	263645	352101	0	0	0	0	0	0	
1366	352	133914	266920	352900	0	0	0	0	0	0	
1367	353	134013	270223	353698	0	0	0	0	0	0	
1368	354	134111	273592	354505	0	0	0	0	0	0	
1369	355	134209	277099	355363	0	0	0	0	0	0	
1370	356	134307	280524	356201	0	0	0	0	0	0	
1371	357	134405	284099	357024	0	0	0	0	0	0	
1372	357	134503	287715	357825	0	0	0	0	0	0	
1373	358	134601	291627	358692	0	0	0	0	0	0	
1374	359	134699	295391	359748	0	0	0	0	0	0	
1375	360	134797	299248	360663	0	0	0	0	0	0	
1376	361	134895	303833	361706	0	0	0	0	0	0	
1377	362	134993	308438	362749	0	0	0	0	0	0	
1378	363	135091	312805	363765	0	0	0	0	0	0	
1379	364	135189	317355	364829	0	0	0	0	0	0	
1380	365	135287	321832	365931	0	0	0	0	0	0	
1381	367	135385	326159	367014	0	0	0	0	0	0	
1382	368	135483	330410	368143	0	0	0	0	0	0	
1383	369	135581	334635	369238	0	0	0	0	0	0	
1384	370	135679	338761	370318	0	0	0	0	0	0	
1385	371	135777	342859	371500	0	0	0	0	0	0	
1386	372	135875	346766	372520	0	0	0	0	0	0	
1387	373	135973	350775	373604	0	0	0	0	0	0	
1388	374	136071	354676	374704	0	0	0	0	0	0	
1389	377	136169	366238	377308	0	0	0	0	0	0	
1390	379	136267	374691	379258	0	0	0	0	0	0	
1391	380	136365	382067	380963	0	0	0	0	0	0	
1392	382	136463	388750	382507	0	0	0	0	0	0	
1393	383	136561	394977	383958	0	0	0	0	0	0	
1394	385	136659	400848	385365	0	0	0	0	0	0	
1395	386	136757	406309	386744	0	0	0	0	0	0	
1396	388	136856	411520	388130	0	0	0	0	0	0	
1397	389	136954	416623	389401	0	0	0	0	0	0	
1398	390	137052	421666	390663	0	0	0	0	0	0	
1399	391	137150	426565	391880	0	0	0	0	0	0	
1400	393	137248	431254	393079	0	0	0	0	0	0	
1401	394	137346	436100	394267	0	0	0	0	0	0	
1402	395	137444	440738	395537	0	0	0	0	0	0	
1403	396	137542	445418	396679	0	0	0	0	0	0	
1404	397	137640	450248	397857	0	0	0	0	0	0	
1405	398	137738	454843	398994	0	0	0	0	0	0	
1406	400	137836	459339	400076	0	0	0	0	0	0	
1407	401	137934	463874	401148	0	0	0	0	0	0	
1408	402	138032	468308	402205	0	0	0	0	0	0	
1409	403	138130	472633	403228	0	0	0	0	0	0	
1410	404	138228	477068	404277	0	0	0	0	0	0	
1411	405	138326	481504	405363	0	0	0	0	0	0	
1412	406	138424	485751	406446	0	0	0	0	0	0	
1413	407	138522	490065	407526	0	0	0	0	0	0	
1414	408	138620	494403	408603	0	0	0	0	0	0	
1415	409	138718	498727	409682	0	0	0	0	0	0	
1416	410	138816	503068	410747	0	0	0	0	0	0	
1417	411	138914	507388	411808	0	0	0	0	0	0	
1418	412	139012	511725	412875	0	0	0	0	0	0	
1419	414	139110	515913	414104	0	0	0	0	0	0	
1420	415	139208	520215	415215	0	0	0	0	0	0	
1421	416	139306	524448	416318	0	0	0	0	0	0	
1422	417	139404	528563	417388	0	0	0	0	0	0	
1423	418	139502	532720	418473	0	0	0	0	0	0	
1424	419	139600	536823	419538	0	0	0	0	0	0	
1425	420	139699	540871	420592	0	0	0	0	0	0	
1426	421	139797	545004	421659	0	0	0	0	0	0	
1427	422	139895	549067	422732	0	0	0	0	0	0	
1428	423	139993	553236	423818	0	0	0	0	0	0	
1429	424	140091	557294	424786	0	0	0	0	0	0	
1430	425	140189	561376	425729	0	0	0	0	0	0	
1431	426	140287	565429	426574	0	0	0	0	0	0	
1432	427	140385	569539	427576	0	0	0	0	0	0	
1433	428	140483	573587	428601	0	0	0	0	0	0	
1434	430	140581	577914	430224	0	0	0	0	0	0	
1435	431	140679	583195	431620	0	0	0	0	0	0	
1436	433	140777	588337	433006	0	0	0	0	0	0	
1437	434	140875	593678	434578	0	0	0	0	0	0	
1438	435	140973	599359	435937	0	0	0	0	0	0	
1439	437	141071	605263	437330	0	0	0	0	0	0	
1440	438	141169	611000	438623	0	0	0	0	0	0	
1441	439	141267	616586	439885	0	0	0	0	0	0	
1442	441	141365	622078	441158	0	0	0	0	0	0	
1443	442	141463	627473	442391	0	0	0	0	0	0	
1444	443	141561	632804	443620	0	0	0	0	0	0	
1445	445	141659	637958	445067	0	0	0	0	0	0	
1446	446	141757	643165	446402	0	0	0	0	0	0	
1447	447	141855	648265	447627	0	0	0	0	0	0	
1448	448	141953	653323	448849	0	0	0	0	0	0	
1449	450	142051	658331	450104	0	0	0	0	0	0	
1450	451	142149	663426	451321	0	0	0	0	0	0	
1451	452	142247	668392	452531	0	0	0	0	0	0	
1452	453	142345	673373	453728	0	0	0	0	0	0	
1453	455	142443	678313	455008	0	0	0	0	0	0	
1454	456	142542	683171	456226	0	0	0	0	0	0	
1455	457	142640	687972	457398	0	0	0	0	0	0	
1456	458	142738	692687	458514	0	0	0	0	0	0	
1457	459	142836	697351	459624	0	0	0	0	0	0	
1458	460	142934	701924	460708	0	0	0	0	0	0	
1459	461	143032	706464	461798	0	0	0	0	0	0	
1460	462	143130	710943	462979	0	0	0	0	0	0	
1461	464	143228	715617	464219	0	0	0	0	0	0	
1462	465	143326	720196	465431	0	0	0	0	0	0	
1463	466	143424	724769	466593	0	0	0	0	0	0	
1464	467	143522	729263	467729	0	0	0	0	0	0	
1465	468	143620	733772	468842	0	0	0	0	0	0	
1466	469	143718	738324	469949	0	0	0	0	0	0	
1467	471	143816	742974	471069	0	0	0	0	0	0	
1468	472	143914	747518	472237	0	0	0	0	0	0	
1469	473	144012	752146	473324	0	0	0	0	0	0	
1470	474	144110	756823	474446	0	0	0	0	0	0	
1471	475	144208	761446	475538	0	0	0	0	0	0	
1472	476	144306	766203	476712	0	0	0	0	0	0	
1473	477	144404	770892	477880	0	0	0	0	0	0	
1474	479	144502	775446	479022	0	0	0	0	0	0	
1475	480	144600	780239	480186	0	0	0	0	0	0	
1476	481	144698	785078	481362	0	0	0	0	0	0	
1477	482	144796	789880	482601	0	0	0	0	0	0	
1478	484	144894	795421	484418	0	0	0	0	0	0	
1479	485	144992	801367	485819	0	0	0	0	0	0	
1480	487	145090	806984	487218	0	0	0	0	0	0	
1481	488	145188	812554	488563	0	0	0	0	0	0	
1482	489	145286	818141	489856	0	0	0	0	0	0	
1483	491	145385	823624	491094	0	0	0	0	0	0	
1484	492	145483	828926	492381	0	0	0	0	0	0	
1485	493	145581	834227	493754	0	0	0	0	0	0	
1486	495	145679	839572	495145	0	0	0	0	0	0	
1487	496	145777	844974	496470	0	0	0	0	0	0	
1488	497	145875	850355	497836	0	0	0	0	0	0	
1489	499	145973	855810	499166	0	0	0	0	0	0	
1490	500	146071	861130	500633	0	0	0	0	0	0	
1491	501	146169	866404	501931	0	0	0	0	0	0	
1492	503	146267	871772	503246	0	0	0	0	0	0	
1493	504	146365	877926	504702	0	0	0	0	0	0	
1494	506	146463	883851	506131	0	0	0	0	0	0	
1495	507	146561	889725	507514	0	0	0	0	0	0	
1496	508	146659	895469	508889	0	0	0	0	0	0	
1497	510	146757	901055	510181	0	0	0	0	0	0	
1498	511	146855	906641	511533	0	0	0	0	0	0	
1499	512	146953	912356	512942	0	0	0	0	0	0	
1500	514	147051	917822	514195	0	0	0	0	0	0	
1501	515	147149	923297	515432	0	0	0	0	0	0	
1502	516	147247	928570	516793	0	0	0	0	0	0	
1503	518	147345	934146	518172	0	0	0	0	0	0	
1504	519	147443	939854	519501	0	0	0	0	0	0	
1505	520	147541	945564	520861	0	0	0	0	0	0	
1506	522	147639	951094	522354	0	0	0	0	0	0	
1507	523	147737	956651	523695	0	0	0	0	0	0	
1508	525	147835	962155	525009	0	0	0	0	0	0	
1509	526	147933	967653	526315	0	0	0	0	0	0	
1510	527	148031	973385	527655	0	0	0	0	0	0	
1511	528	148129	978798	528935	0	0	0	0	0	0	
1512	530	148228	984316	530245	0	0	0	0	0	0	
1513	531	148326	989925	531538	0	0	0	0	0	0	
1514	532	148424	995356	532821	0	0	0	0	0	0	
1515	534	148522	1000918	534092	0	0	0	0	0	0	
1516	535	148620	1006415	535342	0	0	0	0	0	0	
1517	536	148718	1012074	536612	0	0	0	0	0	0	
1518	537	148816	1017498	537825	0	0	0	0	0	0	
1519	539	148914	1022882	539028	0	0	0	0	0	0	
1520	540	149012	1028301	540354	0	0	0	0	0	0	
1521	541	149110	1033676	541543	0	0	0	0	0	0	
1522	542	149208	1039267	542746	0	0	0	0	0	0	
1523	544	149306	1044858	544085	0	0	0	0	0	0	
1524	545	149404	1050323	545381	0	0	0	0	0	0	
1525	546	149502	1055685	546753	0	0	0	0	0	0	
1526	548	149600	1061173	548099	0	0	0	0	0	0	
1527	549	149698	1066753	549630	0	0	0	0	0	0	
1528	551	149796	1073296	551544	0	0	0	0	0	0	
1529	553	149894	1079683	553111	0	0	0	0	0	0	
1530	554	149992	1085921	554655	0	0	0	0	0	0	
1531	556	150090	1092298	556092	0	0	0	0	0	0	
1532	557	150188	1098619	557565	0	0	0	0	0	0	
1533	559	150286	1104748	559007	0	0	0	0	0	0	
1534	560	150384	1111203	560518	0	0	0	0	0	0	
1535	562	150482	1117681	562022	0	0	0	0	0	0	
1536	563	150580	1124036	563487	0	0	0	0	0	0	
1537	564	150678	1130231	564869	0	0	0	0	0	0	
1538	566	150776	1136506	566205	0	0	0	0	0	0	
1539	567	150874	1142505	567573	0	0	0	0	0	0	
1540	568	150972	1148667	568939	0	0	0	0	0	0	
1541	570	151071	1154720	570279	0	0	0	0	0	0	
1542	571	151169	1160839	571631	0	0	0	0	0	0	
1543	573	151267	1166906	573049	0	0	0	0	0	0	
1544	574	151365	1172894	574319	0	0	0	0	0	0	
1545	575	151463	1178729	575749	0	0	0	0	0	0	
1546	577	151561	1184589	577038	0	0	0	0	0	0	
1547	578	151659	1190483	578322	0	0	0	0	0	0	
1548	579	151757	1196365	579649	0	0	0	0	0	0	
1549	581	151855	1202318	581036	0	0	0	0	0	0	
1550	582	151953	1208121	582394	0	0	0	0	0	0	
1551	583	152051	1213906	583749	0	0	0	0	0	0	
1552	585	152149	1219731	585118	0	0	0	0	0	0	
1553	586	152247	1225511	586451	0	0	0	0	0	0	
1554	587	152345	1231308	587806	0	0	0	0	0	0	
1555	589	152443	1236812	589077	0	0	0	0	0	0	
1556	590	152541	1242711	590426	0	0	0	0	0	0	
1557	591	152639	1248597	591737	0	0	0	0	0	0	
1558	593	152737	1254390	593071	0	0	0	0	0	0	
1559	594	152835	1260248	594365	0	0	0	0	0	0	
1560	595	152933	1265978	595975	0	0	0	0	0	0	
1561	597	153031	1271766	597352	0	0	0	0	0	0	
1562	598	153129	1277771	598749	0	0	0	0	0	0	
1563	600	153227	1283660	600109	0	0	0	0	0	0	
1564	601	153325	1289494	601460	0	0	0	0	0	0	
1565	602	153423	1295190	602788	0	0	0	0	0	0	
1566	604	153521	1301097	604149	0	0	0	0	0	0	
1567	605	153619	1307045	605499	0	0	0	0	0	0	
1568	606	153717	1312983	606820	0	0	0	0	0	0	
1569	608	153815	1319035	608194	0	0	0	0	0	0	
1570	609	153914	1325015	609514	0	0	0	0	0	0	
1571	610	154012	1331032	610856	0	0	0	0	0	0	
1572	612	154110	1337010	612241	0	0	0	0	0	0	
1573	613	154208	1343042	613762	0	0	0	0	0	0	
1574	615	154306	1348996	615146	0	0	0	0	0	0	
1575	616	154404	1355199	616655	0	0	0	0	0	0	
1576	618	154502	1361383	618190	0	0	0	0	0	0	
1577	620	154600	1368304	620091	0	0	0	0	0	0	
1578	621	154698	1375644	621619	0	0	0	0	0	0	
1579	623	154796	1382590	623205	0	0	0	0	0	0	
1580	624	154894	1389764	624783	0	0	0	0	0	0	
1581	626	154992	1396739	626404	0	0	0	0	0	0	
1582	628	155090	1403620	628211	0	0	0	0	0	0	
1583	629	155188	1410723	629925	0	0	0	0	0	0	
1584	631	155286	1417504	631552	0	0	0	0	0	0	
1585	633	155384	1424243	633122	0	0	0	0	0	0	
1586	634	155482	1431060	634669	0	0	0	0	0	0	
1587	636	155580	1437798	636182	0	0	0	0	0	0	
1588	637	155678	1444528	637769	0	0	0	0	0	0	
1589	639	155776	1451144	639280	0	0	0	0	0	0	
1590	640	155874	1457733	640752	0	0	0	0	0	0	
1591	642	155972	1464257	642217	0	0	0	0	0	0	
1592	643	156070	1470718	643682	0	0	0	0	0	0	
1593	645	156168	1477232	645104	0	0	0	0	0	0	
1594	646	156266	1483626	646505	0	0	0	0	0	0	
1595	647	156364	1490012	647908	0	0	0	0	0	0	
1596	649	156462	1496584	649480	0	0	0	0	0	0	
1597	650	156560	1502766	650878	0	0	0	0	0	0	
1598	652	156658	1509203	652416	0	0	0	0	0	0	
1599	653	156757	1515556	653789	0	0	0	0	0	0	
1600	655	156855	1522013	655243	0	0	0	0	0	0	
1601	656	156953	1528457	656723	0	0	0	0	0	0	
1602	658	157051	1534973	658176	0	0	0	0	0	0	
1603	659	157149	1541511	659711	0	0	0	0	0	0	
1604	661	157247	1548273	661172	0	0	0	0	0	0	
1605	662	157345	1554886	662480	0	0	0	0	0	0	
1606	663	157443	1561700	663946	0	0	0	0	0	0	
1607	665	157541	1568486	665459	0	0	0	0	0	0	
1608	667	157639	1575398	667043	0	0	0	0	0	0	
1609	668	157737	1582379	668830	0	0	0	0	0	0	
1610	670	157835	1589273	670413	0	0	0	0	0	0	
1611	672	157933	1596152	672008	0	0	0	0	0	0	
1612	673	158031	1603238	673682	0	0	0	0	0	0	
1613	675	158129	1610165	675281	0	0	0	0	0	0	
1614	676	158227	1617321	676851	0	0	0	0	0	0	
1615	678	158325	1624466	678493	0	0	0	0	0	0	
1616	680	158423	1631853	680190	0	0	0	0	0	0	
1617	681	158521	1639055	681762	0	0	0	0	0	0	
1618	683	158619	1646193	683290	0	0	0	0	0	0	
1619	684	158717	1653393	684817	0	0	0	0	0	0	
1620	686	158815	1660596	686494	0	0	0	0	0	0	
1621	688	158913	1667806	688152	0	0	0	0	0	0	
1622	689	159011	1675002	689786	0	0	0	0	0	0	
1623	691	159109	1682417	691436	0	0	0	0	0	0	
1624	693	159207	1689914	693070	0	0	0	0	0	0	
1625	694	159305	1697321	694693	0	0	0	0	0	0	
1626	696	159403	1704641	696259	0	0	0	0	0	0	
1627	697	159501	1712131	697867	0	0	0	0	0	0	
1628	699	159600	1719526	699450	0	0	0	0	0	0	
1629	701	159698	1726949	701046	0	0	0	0	0	0	
1630	702	159796	1734419	702630	0	0	0	0	0	0	
1631	704	159894	1741888	704332	0	0	0	0	0	0	
1632	706	159992	1749345	706187	0	0	0	0	0	0	
1633	707	160090	1756707	707904	0	0	0	0	0	0	
1634	709	160188	1764123	709591	0	0	0	0	0	0	
1635	711	160286	1771643	711279	0	0	0	0	0	0	
1636	712	160384	1779005	712991	0	0	0	0	0	0	
1637	714	160482	1786573	714688	0	0	0	0	0	0	
1638	716	160580	1794162	716331	0	0	0	0	0	0	
1639	717	160678	1801668	717900	0	0	0	0	0	0	
1640	719	160776	1809081	719570	0	0	0	0	0	0	
1641	721	160874	1816582	721254	0	0	0	0	0	0	
1642	723	160972	1824244	723130	0	0	0	0	0	0	
1643	724	161070	1831960	724880	0	0	0	0	0	0	
1644	726	161168	1839765	726537	0	0	0	0	0	0	
1645	728	161266	1847668	728332	0	0	0	0	0	0	
1646	730	161364	1855541	730093	0	0	0	0	0	0	
1647	731	161462	1863529	731964	0	0	0	0	0	0	
1648	733	161560	1871673	733842	0	0	0	0	0	0	
1649	735	161658	1879912	735703	0	0	0	0	0	0	
1650	737	161756	1887913	737472	0	0	0	0	0	0	
1651	739	161854	1896108	739398	0	0	0	0	0	0	
1652	741	161952	1904527	741449	0	0	0	0	0	0	
1653	743	162050	1912922	743367	0	0	0	0	0	0	
1654	745	162148	1921246	745252	0	0	0	0	0	0	
1655	747	162246	1929686	747164	0	0	0	0	0	0	
1656	749	162344	1938027	749001	0	0	0	0	0	0	
1657	750	162443	1946258	750871	0	0	0	0	0	0	
1658	752	162541	1954682	752648	0	0	0	0	0	0	
1659	754	162639	1963146	754482	0	0	0	0	0	0	
1660	756	162737	1971537	756343	0	0	0	0	0	0	
1661	758	162835	1979993	758284	0	0	0	0	0	0	
1662	760	162933	1988348	760313	0	0	0	0	0	0	
1663	762	163031	1996852	762351	0	0	0	0	0	0	
1664	764	163129	2005261	764385	0	0	0	0	0	0	
1665	766	163227	2013874	766378	0	0	0	0	0	0	
1666	768	163325	2022717	768395	0	0	0	0	0	0	
1667	770	163423	2031647	770408	0	0	0	0	0	0	
1668	772	163521	2040584	772446	0	0	0	0	0	0	
1669	774	163619	2049501	774509	0	0	0	0	0	0	
1670	776	163717	2058257	776521	0	0	0	0	0	0	
1671	778	163815	2066998	778533	0	0	0	0	0	0	
1672	780	163913	2075388	780758	0	0	0	0	0	0	
1673	782	164011	2083955	782741	0	0	0	0	0	0	
1674	784	164109	2092474	784694	0	0	0	0	0	0	
1675	786	164207	2100982	786521	0	0	0	0	0	0	
1676	788	164305	2109596	788492	0	0	0	0	0	0	
1677	790	164403	2118246	790481	0	0	0	0	0	0	
1678	792	164501	2126925	792465	0	0	0	0	0	0	
1679	794	164599	2135542	794471	0	0	0	0	0	0	
1680	796	164697	2144247	796481	0	0	0	0	0	0	
1681	798	164795	2152953	798493	0	0	0	0	0	0	
1682	800	164893	2161582	800602	0	0	0	0	0	0	
1683	802	164991	2170941	802697	0	0	0	0	0	0	
1684	804	165089	2180116	804702	0	0	0	0	0	0	
1685	806	165187	2189160	806770	0	0	0	0	0	0	
1686	808	165286	2198252	808849	0	0	0	0	0	0	
1687	810	165384	2207371	810928	0	0	0	0	0	0	
1688	812	165482	2216484	812948	0	0	0	0	0	0	
1689	815	165580	2225789	815049	0	0	0	0	0	0	
1690	817	165678	2234974	817159	0	0	0	0	0	0	
1691	819	165776	2244205	819438	0	0	0	0	0	0	
1692	821	165874	2253382	821548	0	0	0	0	0	0	
1693	823	165972	2262750	823689	0	0	0	0	0	0	
1694	825	166070	2272199	825820	0	0	0	0	0	0	
1695	827	166168	2281797	827948	0	0	0	0	0	0	
1696	829	166266	2291196	829980	0	0	0	0	0	0	
1697	832	166364	2300597	832026	0	0	0	0	0	0	
1698	833	166462	2309912	833999	0	0	0	0	0	0	
1699	835	166560	2319431	835978	0	0	0	0	0	0	
1700	838	166658	2329149	838238	0	0	0	0	0	0	
1701	840	166756	2338589	840321	0	0	0	0	0	0	
1702	842	166854	2348214	842402	0	0	0	0	0	0	
1703	844	166952	2358106	844541	0	0	0	0	0	0	
1704	846	167050	2367677	846669	0	0	0	0	0	0	
1705	848	167148	2377351	848816	0	0	0	0	0	0	
1706	850	167246	2387065	850982	0	0	0	0	0	0	
1707	853	167344	2396746	853163	0	0	0	0	0	0	
1708	855	167442	2406121	855213	0	0	0	0	0	0	
1709	858	167540	2416246	858038	0	0	0	0	0	0	
1710	860	167638	2426533	860243	0	0	0	0	0	0	
1711	862	167736	2436680	862494	0	0	0	0	0	0	
1712	864	167834	2446991	864722	0	0	0	0	0	0	
1713	866	167932	2457191	866884	0	0	0	0	0	0	
1714	869	168030	2467428	869230	0	0	0	0	0	0	
1715	871	168129	2477495	871478	0	0	0	0	0	0	
1716	873	168227	2487245	873845	0	0	0	0	0	0	
1717	876	168325	2497027	876095	0	0	0	0	0	0	
1718	878	168423	2506852	878387	0	0	0	0	0	0	
1719	880	168521	2516408	880661	0	0	0	0	0	0	
1720	882	168619	2525762	882835	0	0	0	0	0	0	
1721	884	168717	2535080	884990	0	0	0	0	0	0	
1722	887	168815	2544166	887177	0	0	0	0	0	0	
1723	889	168913	2553242	889269	0	0	0	0	0	0	
1724	891	169011	2562301	891386	0	0	0	0	0	0	
1725	893	169109	2571463	893551	0	0	0	0	0	0	
1726	895	169207	2580524	895778	0	0	0	0	0	0	
1727	897	169305	2589590	897886	0	0	0	0	0	0	
1728	900	169403	2598760	900010	0	0	0	0	0	0	
1729	902	169501	2607945	902092	0	0	0	0	0	0	
1730	904	169599	2617283	904182	0	0	0	0	0	0	
1731	906	169697	2626593	906273	0	0	0	0	0	0	
1732	908	169795	2636042	908415	0	0	0	0	0	0	
1733	910	169893	2645293	910499	0	0	0	0	0	0	
1734	912	169991	2654580	912616	0	0	0	0	0	0	
1735	915	170089	2664161	915180	0	0	0	0	0	0	
1736	917	170187	2673721	917408	0	0	0	0	0	0	
1737	919	170285	2683312	919489	0	0	0	0	0	0	
1738	921	170383	2692796	921650	0	0	0	0	0	0	
1739	923	170481	2702427	923848	0	0	0	0	0	0	
1740	926	170579	2712107	926061	0	0	0	0	0	0	
1741	928	170677	2721229	928185	0	0	0	0	0	0	
1742	930	170775	2731176	930915	0	0	0	0	0	0	
1743	933	170873	2741592	933301	0	0	0	0	0	0	
1744	935	170972	2751937	935674	0	0	0	0	0	0	
1745	938	171070	2762394	938043	0	0	0	0	0	0	
1746	940	171168	2772968	940388	0	0	0	0	0	0	
1747	942	171266	2783177	942690	0	0	0	0	0	0	
1748	944	171364	2793094	944921	0	0	0	0	0	0	
1749	947	171462	2802813	947159	0	0	0	0	0	0	
1750	949	171560	2812478	949394	0	0	0	0	0	0	
1751	951	171658	2822220	951625	0	0	0	0	0	0	
1752	954	171756	2831808	954003	0	0	0	0	0	0	
1753	956	171854	2841487	956209	0	0	0	0	0	0	
1754	958	171952	2851204	958395	0	0	0	0	0	0	
1755	960	172050	2860487	960538	0	0	0	0	0	0	
1756	962	172148	2870190	962723	0	0	0	0	0	0	
1757	964	172246	2879735	964919	0	0	0	0	0	0	
1758	967	172344	2889331	967127	0	0	0	0	0	0	
1759	969	172442	2898791	969293	0	0	0	0	0	0	
1760	971	172540	2908313	971516	0	0	0	0	0	0	
1761	973	172638	2918134	973979	0	0	0	0	0	0	
1762	976	172736	2928047	976280	0	0	0	0	0	0	
1763	978	172834	2937973	978541	0	0	0	0	0	0	
1764	980	172932	2947846	980802	0	0	0	0	0	0	
1765	983	173030	2957783	983099	0	0	0	0	0	0	
1766	985	173128	2967829	985420	0	0	0	0	0	0	
1767	987	173226	2977875	987637	0	0	0	0	0	0	
1768	989	173324	2987868	989902	0	0	0	0	0	0	
1769	992	173422	2997827	992168	0	0	0	0	0	0	
1770	994	173520	3008448	994984	0	0	0	0	0	0	
1771	997	173618	3019278	997460	0	0	0	0	0	0	
1772	999	173716	3030172	999950	0	0	0	0	0	0	
1773	1002	173815	3040745	1002295	0	0	0	0	0	0	
1774	1004	173913	3051330	1004674	0	0	0	0	0	0	
1775	1006	174011	3061568	1006943	0	0	0	0	0	0	
1776	1009	174109	3071899	1009273	0	0	0	0	0	0	
1777	1011	174207	3081947	1011588	0	0	0	0	0	0	
1778	1014	174305	3091949	1014082	0	0	0	0	0	0	
1779	1016	174403	3102058	1016456	0	0	0	0	0	0	
1780	1018	174501	3112170	1018746	0	0	0	0	0	0	
1781	1021	174599	3122030	1021053	0	0	0	0	0	0	
1782	1023	174697	3131945	1023279	0	0	0	0	0	0	
1783	1025	174795	3141609	1025503	0	0	0	0	0	0	
1784	1027	174893	3151481	1027784	0	0	0	0	0	0	
1785	1030	174991	3161317	1030044	0	0	0	0	0	0	
1786	1032	175089	3170936	1032266	0	0	0	0	0	0	
1787	1034	175187	3180800	1034717	0	0	0	0	0	0	
1788	1037	175285	3190839	1037005	0	0	0	0	0	0	
1789	1039	175383	3200839	1039279	0	0	0	0	0	0	
1790	1041	175481	3210775	1041530	0	0	0	0	0	0	
1791	1043	175579	3220725	1043774	0	0	0	0	0	0	
1792	1046	175677	3230607	1046050	0	0	0	0	0	0	
1793	1048	175775	3240580	1048283	0	0	0	0	0	0	
1794	1050	175873	3250478	1050473	0	0	0	0	0	0	
1795	1052	175971	3260408	1052831	0	0	0	0	0	0	
1796	1055	176069	3270352	1055066	0	0	0	0	0	0	
1797	1057	176167	3280345	1057274	0	0	0	0	0	0	
1798	1059	176265	3290239	1059524	0	0	0	0	0	0	
1799	1061	176363	3300198	1061755	0	0	0	0	0	0	
1800	1063	176461	3310297	1063984	0	0	0	0	0	0	
1801	1066	176559	3320320	1066241	0	0	0	0	0	0	
1802	1068	176657	3330573	1068503	0	0	0	0	0	0	
1803	1070	176756	3340648	1070800	0	0	0	0	0	0	
1804	1073	176854	3350736	1073269	0	0	0	0	0	0	
1805	1075	176952	3360961	1075595	0	0	0	0	0	0	
1806	1077	177050	3370884	1077861	0	0	0	0	0	0	
1807	1080	177148	3381063	1080198	0	0	0	0	0	0	
1808	1082	177246	3391275	1082502	0	0	0	0	0	0	
1809	1084	177344	3401453	1084849	0	0	0	0	0	0	
1810	1087	177442	3411679	1087163	0	0	0	0	0	0	
1811	1089	177540	3421743	1089419	0	0	0	0	0	0	
1812	1091	177638	3431924	1091952	0	0	0	0	0	0	
1813	1094	177736	3442268	1094335	0	0	0	0	0	0	
1814	1096	177834	3452624	1096717	0	0	0	0	0	0	
1815	1099	177932	3463220	1099154	0	0	0	0	0	0	
1816	1101	178030	3473761	1101547	0	0	0	0	0	0	
1817	1103	178128	3484375	1103860	0	0	0	0	0	0	
1818	1106	178226	3494942	1106141	0	0	0	0	0	0	
1819	1108	178324	3505608	1108480	0	0	0	0	0	0	
1820	1110	178422	3516218	1110967	0	0	0	0	0	0	
1821	1113	178520	3526847	1113402	0	0	0	0	0	0	
1822	1115	178618	3537472	1115772	0	0	0	0	0	0	
1823	1118	178716	3548308	1118253	0	0	0	0	0	0	
1824	1120	178814	3558851	1120585	0	0	0	0	0	0	
1825	1122	178912	3569668	1122976	0	0	0	0	0	0	
1826	1125	179010	3580287	1125387	0	0	0	0	0	0	
1827	1127	179108	3591013	1127769	0	0	0	0	0	0	
1828	1130	179206	3601577	1130134	0	0	0	0	0	0	
1829	1132	179304	3612210	1132723	0	0	0	0	0	0	
1830	1135	179402	3622982	1135157	0	0	0	0	0	0	
1831	1137	179500	3633873	1137633	0	0	0	0	0	0	
1832	1140	179599	3644777	1140057	0	0	0	0	0	0	
1833	1142	179697	3655808	1142571	0	0	0	0	0	0	
1834	1145	179795	3666729	1145069	0	0	0	0	0	0	
1835	1147	179893	3677472	1147527	0	0	0	0	0	0	
1836	1150	179991	3688512	1150135	0	0	0	0	0	0	
1837	1152	180089	3699681	1152900	0	0	0	0	0	0	
1838	1155	180187	3710947	1155462	0	0	0	0	0	0	
1839	1157	180285	3722047	1157961	0	0	0	0	0	0	
1840	1160	180383	3733011	1160475	0	0	0	0	0	0	
1841	1162	180481	3744020	1162983	0	0	0	0	0	0	
1842	1165	180579	3755363	1165519	0	0	0	0	0	0	
1843	1168	180677	3766546	1168037	0	0	0	0	0	0	
1844	1170	180775	3777707	1170662	0	0	0	0	0	0	
1845	1173	180873	3788952	1173207	0	0	0	0	0	0	
1846	1175	180971	3800159	1175743	0	0	0	0	0	0	
1847	1178	181069	3811663	1178420	0	0	0	0	0	0	
1848	1180	181167	3822903	1180986	0	0	0	0	0	0	
1849	1183	181265	3834093	1183481	0	0	0	0	0	0	
1850	1185	181363	3845357	1185970	0	0	0	0	0	0	
1851	1188	181461	3856513	1188476	0	0	0	0	0	0	
1852	1191	181559	3867465	1191073	0	0	0	0	0	0	
1853	1193	181657	3878506	1193578	0	0	0	0	0	0	
1854	1196	181755	3889694	1196108	0	0	0	0	0	0	
1855	1198	181853	3901172	1198641	0	0	0	0	0	0	
1856	1201	181951	3912809	1201216	0	0	0	0	0	0	
1857	1203	182049	3924543	1203817	0	0	0	0	0	0	
1858	1206	182147	3936114	1206377	0	0	0	0	0	0	
1859	1208	182245	3947639	1208959	0	0	0	0	0	0	
1860	1211	182343	3959143	1211680	0	0	0	0	0	0	
1861	1214	182442	3970725	1214435	0	0	0	0	0	0	
1862	1217	182540	3982605	1217151	0	0	0	0	0	0	
1863	1219	182638	3994422	1219858	0	0	0	0	0	0	
1864	1222	182736	4006122	1222561	0	0	0	0	0	0	
1865	1225	182834	4019275	1225781	0	0	0	0	0	0	
1866	1228	182932	4032519	1228748	0	0	0	0	0	0	
1867	1231	183030	4045741	1231604	0	0	0	0	0	0	
1868	1234	183128	4059037	1234477	0	0	0	0	0	0	
1869	1237	183226	4071913	1237329	0	0	0	0	0	0	
1870	1240	183324	4084665	1240111	0	0	0	0	0	0	
1871	1242	183422	4097290	1242961	0	0	0	0	0	0	
1872	1245	183520	4109966	1245938	0	0	0	0	0	0	
1873	1248	183618	4122542	1248779	0	0	0	0	0	0	
1874	1251	183716	4134992	1251474	0	0	0	0	0	0	
1875	1254	183814	4147320	1254150	0	0	0	0	0	0	
1876	1256	183912	4159480	1256793	0	0	0	0	0	0	
1877	1259	184010	4171890	1259558	0	0	0	0	0	0	
1878	1262	184108	4184462	1262348	0	0	0	0	0	0	
1879	1265	184206	4197076	1265196	0	0	0	0	0	0	
1880	1268	184304	4209536	1268005	0	0	0	0	0	0	
1881	1270	184402	4221947	1270936	0	0	0	0	0	0	
1882	1273	184500	4234546	1273753	0	0	0	0	0	0	
1883	1276	184598	4247117	1276524	0	0	0	0	0	0	
1884	1279	184696	4259705	1279349	0	0	0	0	0	0	
1885	1282	184794	4272250	1282164	0	0	0	0	0	0	
1886	1285	184892	4285175	1285034	0	0	0	0	0	0	
1887	1287	184990	4298008	1287864	0	0	0	0	0	0	
1888	1290	185088	4310949	1290819	0	0	0	0	0	0	
1889	1293	185186	4324084	1293642	0	0	0	0	0	0	
1890	1296	185285	4336796	1296410	0	0	0	0	0	0	
1891	1299	185383	4349390	1299183	0	0	0	0	0	0	
1892	1301	185481	4362033	1301902	0	0	0	0	0	0	
1893	1304	185579	4374887	1304673	0	0	0	0	0	0	
1894	1307	185677	4387820	1307509	0	0	0	0	0	0	
1895	1310	185775	4400756	1310439	0	0	0	0	0	0	
1896	1313	185873	4413845	1313292	0	0	0	0	0	0	
1897	1316	185971	4427170	1316204	0	0	0	0	0	0	
1898	1319	186069	4440345	1319058	0	0	0	0	0	0	
1899	1321	186167	4453273	1321923	0	0	0	0	0	0	
1900	1324	186265	4466121	1324789	0	0	0	0	0	0	
1901	1327	186363	4479076	1327749	0	0	0	0	0	0	
1902	1330	186461	4491930	1330563	0	0	0	0	0	0	
1903	1333	186559	4505204	1333636	0	0	0	0	0	0	
1904	1336	186657	4518551	1336544	0	0	0	0	0	0	
1905	1339	186755	4532132	1339507	0	0	0	0	0	0	
1906	1342	186853	4545495	1342306	0	0	0	0	0	0	
1907	1345	186951	4559297	1345231	0	0	0	0	0	0	
1908	1348	187049	4572860	1348363	0	0	0	0	0	0	
1909	1351	187147	4586529	1351314	0	0	0	0	0	0	
1910	1354	187245	4600323	1354211	0	0	0	0	0	0	
1911	1357	187343	4613803	1357103	0	0	0	0	0	0	
1912	1359	187441	4627128	1359965	0	0	0	0	0	0	
1913	1362	187539	4640753	1362880	0	0	0	0	0	0	
1914	1365	187637	4654529	1365968	0	0	0	0	0	0	
1915	1368	187735	4667946	1368842	0	0	0	0	0	0	
1916	1372	187833	4682099	1372273	0	0	0	0	0	0	
1917	1375	187931	4697726	1375584	0	0	0	0	0	0	
1918	1378	188029	4713286	1378829	0	0	0	0	0	0	
1919	1382	188128	4728632	1382119	0	0	0	0	0	0	
1920	1385	188226	4743635	1385343	0	0	0	0	0	0	
1921	1388	188324	4758249	1388590	0	0	0	0	0	0	
1922	1391	188422	4772598	1391677	0	0	0	0	0	0	
1923	1394	188520	4786791	1394776	0	0	0	0	0	0	
1924	1397	188618	4801184	1397884	0	0	0	0	0	0	
1925	1400	188716	4815442	1400910	0	0	0	0	0	0	
1926	1404	188814	4829475	1404015	0	0	0	0	0	0	
1927	1407	188912	4843790	1407111	0	0	0	0	0	0	
1928	1410	189010	4858274	1410249	0	0	0	0	0	0	
1929	1413	189108	4872627	1413311	0	0	0	0	0	0	
1930	1416	189206	4886716	1416364	0	0	0	0	0	0	
1931	1419	189304	4901004	1419376	0	0	0	0	0	0	
1932	1422	189402	4915258	1422509	0	0	0	0	0	0	
1933	1425	189500	4929776	1425855	0	0	0	0	0	0	
1934	1429	189598	4944471	1429079	0	0	0	0	0	0	
1935	1432	189696	4959228	1432406	0	0	0	0	0	0	
1936	1435	189794	4973980	1435632	0	0	0	0	0	0	
1937	1438	189892	4988706	1438798	0	0	0	0	0	0	
1938	1442	189990	5003941	1442577	0	0	0	0	0	0	
1939	1446	190088	5020339	1446108	0	0	0	0	0	0	
1940	1449	190186	5036656	1449682	0	0	0	0	0	0	
1941	1453	190284	5052480	1453123	0	0	0	0	0	0	
1942	1456	190382	5068391	1456584	0	0	0	0	0	0	
1943	1459	190480	5083755	1459994	0	0	0	0	0	0	
1944	1463	190578	5099588	1463565	0	0	0	0	0	0	
1945	1467	190676	5116117	1467139	0	0	0	0	0	0	
1946	1470	190774	5131651	1470567	0	0	0	0	0	0	
1947	1473	190872	5146607	1473817	0	0	0	0	0	0	
1948	1477	190971	5161564	1477065	0	0	0	0	0	0	
1949	1480	191069	5176420	1480299	0	0	0	0	0	0	
1950	1483	191167	5191045	1483595	0	0	0	0	0	0	
1951	1486	191265	5205713	1486812	0	0	0	0	0	0	
1952	1489	191363	5220368	1489997	0	0	0	0	0	0	
1953	1493	191461	5234914	1493125	0	0	0	0	0	0	
1954	1496	191559	5249739	1496326	0	0	0	0	0	0	
1955	1500	191657	5264993	1500126	0	0	0	0	0	0	
1956	1503	191755	5281717	1503859	0	0	0	0	0	0	
1957	1507	191853	5298157	1507357	0	0	0	0	0	0	
1958	1510	191951	5314295	1510674	0	0	0	0	0	0	
1959	1514	192049	5330259	1514177	0	0	0	0	0	0	
1960	1517	192147	5345972	1517559	0	0	0	0	0	0	
1961	1520	192245	5361544	1520950	0	0	0	0	0	0	
1962	1524	192343	5376932	1524223	0	0	0	0	0	0	
1963	1527	192441	5392278	1527478	0	0	0	0	0	0	
1964	1530	192539	5407286	1530658	0	0	0	0	0	0	
1965	1533	192637	5422053	1533772	0	0	0	0	0	0	
1966	1537	192735	5438080	1537381	0	0	0	0	0	0	
1967	1540	192833	5454014	1540941	0	0	0	0	0	0	
1968	1544	192931	5470188	1544342	0	0	0	0	0	0	
1969	1547	193029	5486004	1547640	0	0	0	0	0	0	
1970	1550	193127	5501432	1550904	0	0	0	0	0	0	
1971	1554	193225	5516562	1554165	0	0	0	0	0	0	
1972	1557	193323	5531720	1557442	0	0	0	0	0	0	
1973	1560	193421	5546693	1560812	0	0	0	0	0	0	
1974	1564	193519	5561534	1564052	0	0	0	0	0	0	
1975	1567	193617	5576040	1567247	0	0	0	0	0	0	
1976	1570	193715	5590671	1570486	0	0	0	0	0	0	
1977	1573	193814	5605266	1573845	0	0	0	0	0	0	
1978	1577	193912	5619989	1577103	0	0	0	0	0	0	
1979	1580	194010	5634586	1580302	0	0	0	0	0	0	
1980	1583	194108	5649459	1583677	0	0	0	0	0	0	
1981	1586	194206	5664334	1586900	0	0	0	0	0	0	
1982	1590	194304	5679729	1590138	0	0	0	0	0	0	
1983	1593	194402	5695011	1593454	0	0	0	0	0	0	
1984	1596	194500	5710360	1596736	0	0	0	0	0	0	
1985	1600	194598	5725702	1600125	0	0	0	0	0	0	
1986	1603	194696	5740823	1603386	0	0	0	0	0	0	
1987	1606	194794	5756024	1606639	0	0	0	0	0	0	
1988	1609	194892	5771029	1609863	0	0	0	0	0	0	
1989	1613	194990	5786607	1613215	0	0	0	0	0	0	
1990	1616	195088	5801895	1616519	0	0	0	0	0	0	
1991	1620	195186	5817862	1620364	0	0	0	0	0	0	
1992	1624	195284	5834766	1624000	0	0	0	0	0	0	
1993	1627	195382	5851571	1627534	0	0	0	0	0	0	
1994	1631	195480	5868090	1631030	0	0	0	0	0	0	
1995	1634	195578	5884465	1634541	0	0	0	0	0	0	
1996	1637	195676	5900374	1637975	0	0	0	0	0	0	
1997	1641	195774	5915980	1641505	0	0	0	0	0	0	
1998	1644	195872	5931919	1644911	0	0	0	0	0	0	
1999	1648	195970	5947444	1648266	0	0	0	0	0	0	
2000	1651	196068	5963205	1651617	0	0	0	0	0	0	
2001	1654	196166	5978655	1654926	0	0	0	0	0	0	
2002	1658	196264	5993879	1658199	0	0	0	0	0	0	
2003	1661	196362	6009028	1661622	0	0	0	0	0	0	
2004	1664	196460	6024649	1664960	0	0	0	0	0	0	
2005	1668	196558	6040308	1668284	0	0	0	0	0	0	
2006	1671	196657	6056364	1671664	0	0	0	0	0	0	
2007	1675	196755	6072608	1675100	0	0	0	0	0	0	
2008	1678	196853	6088457	1678453	0	0	0	0	0	0	
2009	1681	196951	6103983	1681937	0	0	0	0	0	0	
2010	1685	197049	6119589	1685306	0	0	0	0	0	0	
2011	1688	197147	6135062	1688656	0	0	0	0	0	0	
2012	1692	197245	6150872	1692097	0	0	0	0	0	0	
2013	1695	197343	6166717	1695528	0	0	0	0	0	0	
2014	1699	197441	6183943	1699875	0	0	0	0	0	0	
2015	1703	197539	6202576	1703749	0	0	0	0	0	0	
2016	1707	197637	6221231	1707700	0	0	0	0	0	0	
2017	1711	197735	6239554	1711517	0	0	0	0	0	0	
2018	1715	197833	6257596	1715447	0	0	0	0	0	0	
2019	1719	197931	6275270	1719105	0	0	0	0	0	0	
2020	1722	198029	6292777	1722761	0	0	0	0	0	0	
2021	1726	198127	6310112	1726371	0	0	0	0	0	0	
2022	1730	198225	6327157	1730004	0	0	0	0	0	0	
2023	1733	198323	6343796	1733583	0	0	0	0	0	0	
2024	1737	198421	6360225	1737249	0	0	0	0	0	0	
2025	1740	198519	6376788	1740811	0	0	0	0	0	0	
2026	1744	198617	6393281	1744373	0	0	0	0	0	0	
2027	1747	198715	6409877	1747920	0	0	0	0	0	0	
2028	1751	198813	6426880	1751505	0	0	0	0	0	0	
2029	1755	198911	6443905	1755111	0	0	0	0	0	0	
2030	1758	199009	6461370	1758916	0	0	0	0	0	0	
2031	1762	199107	6478741	1762556	0	0	0	0	0	0	
2032	1766	199205	6495816	1766161	0	0	0	0	0	0	
2033	1770	199303	6513934	1770272	0	0	0	0	0	0	
2034	1774	199401	6531954	1774370	0	0	0	0	0	0	
2035	1778	199500	6550222	1778282	0	0	0	0	0	0	
2036	1782	199598	6567948	1782030	0	0	0	0	0	0	
2037	1785	199696	6585943	1785775	0	0	0	0	0	0	
2038	1789	199794	6603890	1789590	0	0	0	0	0	0	
2039	1793	199892	6620888	1793201	0	0	0	0	0	0	
2040	1796	199990	6638017	1796916	0	0	0	0	0	0	
2041	1800	200088	6655345	1800590	0	0	0	0	0	0	
2042	1804	200186	6672240	1804214	0	0	0	0	0	0	
2043	1807	200284	6689086	1807882	0	0	0	0	0	0	
2044	1811	200382	6706269	1811618	0	0	0	0	0	0	
2045	1815	200480	6723613	1815552	0	0	0	0	0	0	
2046	1819	200578	6741248	1819375	0	0	0	0	0	0	
2047	1823	200676	6758974	1823143	0	0	0	0	0	0	
2048	1826	200774	6776776	1826851	0	0	0	0	0	0	
2049	1830	200872	6794294	1830555	0	0	0	0	0	0	
2050	1834	200970	6812065	1834394	0	0	0	0	0	0	
2051	1838	201068	6829689	1838148	0	0	0	0	0	0	
2052	1842	201166	6848604	1842330	0	0	0	0	0	0	
2053	1846	201264	6867763	1846351	0	0	0	0	0	0	
2054	1850	201362	6886980	1850536	0	0	0	0	0	0	
2055	1854	201460	6905795	1854468	0	0	0	0	0	0	
2056	1858	201558	6923963	1858360	0	0	0	0	0	0	
2057	1862	201656	6941990	1862160	0	0	0	0	0	0	
2058	1865	201754	6959809	1865901	0	0	0	0	0	0	
2059	1869	201852	6977813	1869750	0	0	0	0	0	0	
2060	1874	201950	6995578	1874002	0	0	0	0	0	0	
2061	1878	202048	7014782	1878162	0	0	0	0	0	0	
2062	1882	202146	7034137	1882247	0	0	0	0	0	0	
2063	1886	202244	7053135	1886221	0	0	0	0	0	0	
2064	1890	202343	7072092	1890286	0	0	0	0	0	0	
2065	1894	202441	7090807	1894214	0	0	0	0	0	0	
2066	1898	202539	7109267	1898078	0	0	0	0	0	0	
2067	1901	202637	7127071	1901942	0	0	0	0	0	0	
2068	1905	202735	7144881	1905793	0	0	0	0	0	0	
2069	1909	202833	7162509	1909538	0	0	0	0	0	0	
2070	1913	202931	7180547	1913536	0	0	0	0	0	0	
2071	1917	203029	7198569	1917384	0	0	0	0	0	0	
2072	1921	203127	7217024	1921310	0	0	0	0	0	0	
2073	1925	203225	7235520	1925257	0	0	0	0	0	0	
2074	1929	203323	7254320	1929226	0	0	0	0	0	0	
2075	1933	203421	7273099	1933446	0	0	0	0	0	0	
2076	1937	203519	7291683	1937422	0	0	0	0	0	0	
2077	1941	203617	7310619	1941456	0	0	0	0	0	0	
2078	1945	203715	7329248	1945439	0	0	0	0	0	0	
2079	1949	203813	7347785	1949408	0	0	0	0	0	0	
2080	1953	203911	7365827	1953395	0	0	0	0	0	0	
2081	1957	204009	7384126	1957327	0	0	0	0	0	0	
2082	1961	204107	7402837	1961260	0	0	0	0	0	0	
2083	1965	204205	7421204	1965129	0	0	0	0	0	0	
2084	1969	204303	7439679	1969055	0	0	0	0	0	0	
2085	1973	204401	7457737	1973240	0	0	0	0	0	0	
2086	1977	204499	7476232	1977226	0	0	0	0	0	0	
2087	1981	204597	7494759	1981133	0	0	0	0	0	0	
2088	1985	204695	7514664	1985496	0	0	0	0	0	0	
2089	1989	204793	7534959	1989896	0	0	0	0	0	0	
2090	1994	204891	7555248	1994055	0	0	0	0	0	0	
2091	1998	204989	7575071	1998351	0	0	0	0	0	0	
2092	2002	205087	7594544	2002414	0	0	0	0	0	0	
2093	2006	205186	7613327	2006440	0	0	0	0	0	0	
2094	2010	205284	7632834	2010586	0	0	0	0	0	0	
2095	2014	205382	7651544	2014707	0	0	0	0	0	0	
2096	2018	205480	7670476	2018759	0	0	0	0	0	0	
2097	2022	205578	7688979	2022620	0	0	0	0	0	0	
2098	2026	205676	7707730	2026580	0	0	0	0	0	0	
2099	2030	205774	7726375	2030471	0	0	0	0	0	0	
2100	2034	205872	7745238	2034674	0	0	0	0	0	0	
2101	2038	205970	7764493	2038822	0	0	0	0	0	0	
2102	2043	206068	7783598	2043088	0	0	0	0	0	0	
2103	2048	206166	7805421	2048150	0	0	0	0	0	0	
2104	2052	206264	7826848	2052648	0	0	0	0	0	0	
2105	2056	206362	7847605	2056920	0	0	0	0	0	0	
2106	2061	206460	7868288	2061240	0	0	0	0	0	0	
2107	2065	206558	7888723	2065574	0	0	0	0	0	0	
2108	2069	206656	7908840	2069892	0	0	0	0	0	0	
2109	2074	206754	7928751	2074025	0	0	0	0	0	0	
2110	2078	206852	7948466	2078120	0	0	0	0	0	0	
2111	2082	206950	7968283	2082254	0	0	0	0	0	0	
2112	2086	207048	7987436	2086217	0	0	0	0	0	0	
2113	2090	207146	8006617	2090436	0	0	0	0	0	0	
2114	2094	207244	8026091	2094525	0	0	0	0	0	0	
2115	2098	207342	8045003	2098470	0	0	0	0	0	0	
2116	2102	207440	8064847	2102575	0	0	0	0	0	0	
2117	2106	207538	8084874	2106819	0	0	0	0	0	0	
2118	2111	207636	8104996	2111198	0	0	0	0	0	0	
2119	2115	207734	8125540	2115658	0	0	0	0	0	0	
2120	2120	207832	8146288	2120047	0	0	0	0	0	0	
2121	2124	207930	8166438	2124216	0	0	0	0	0	0	
2122	2128	208029	8186255	2128563	0	0	0	0	0	0	
2123	2132	208127	8205897	2132680	0	0	0	0	0	0	
2124	2136	208225	8225828	2136899	0	0	0	0	0	0	
2125	2141	208323	8245679	2141026	0	0	0	0	0	0	
2126	2145	208421	8265698	2145258	0	0	0	0	0	0	
2127	2149	208519	8286080	2149879	0	0	0	0	0	0	
2128	2154	208617	8306478	2154176	0	0	0	0	0	0	
2129	2158	208715	8327205	2158408	0	0	0	0	0	0	
2130	2163	208813	8349027	2163389	0	0	0	0	0	0	
2131	2168	208911	8371165	2168145	0	0	0	0	0	0	
2132	2172	209009	8393430	2172789	0	0	0	0	0	0	
2133	2177	209107	8415428	2177381	0	0	0	0	0	0	
2134	2181	209205	8437006	2181834	0	0	0	0	0	0	
2135	2186	209303	8458870	2186661	0	0	0	0	0	0	
2136	2191	209401	8481371	2191377	0	0	0	0	0	0	
2137	2195	209499	8503506	2195903	0	0	0	0	0	0	
2138	2200	209597	8525148	2200342	0	0	0	0	0	0	
2139	2204	209695	8546449	2204878	0	0	0	0	0	0	
2140	2209	209793	8567624	2209382	0	0	0	0	0	0	
2141	2213	209891	8588817	2213809	0	0	0	0	0	0	
2142	2218	209989	8610344	2218251	0	0	0	0	0	0	
2143	2222	210087	8631666	2222671	0	0	0	0	0	0	
2144	2227	210185	8652470	2227176	0	0	0	0	0	0	
2145	2231	210283	8673210	2231652	0	0	0	0	0	0	
2146	2236	210381	8693640	2236033	0	0	0	0	0	0	
2147	2240	210479	8714097	2240365	0	0	0	0	0	0	
2148	2244	210577	8734579	2244701	0	0	0	0	0	0	
2149	2249	210675	8755384	2249249	0	0	0	0	0	0	
2150	2253	210773	8776099	2253559	0	0	0	0	0	0	
2151	2257	210872	8796993	2257897	0	0	0	0	0	0	
2152	2262	210970	8817712	2262153	0	0	0	0	0	0	
2153	2266	211068	8838817	2266634	0	0	0	0	0	0	
2154	2271	211166	8860107	2271101	0	0	0	0	0	0	
2155	2275	211264	8881982	2275840	0	0	0	0	0	0	
2156	2280	211362	8903782	2280478	0	0	0	0	0	0	
2157	2285	211460	8925523	2285253	0	0	0	0	0	0	
2158	2289	211558	8947582	2289854	0	0	0	0	0	0	
2159	2294	211656	8969341	2294522	0	0	0	0	0	0	
2160	2299	211754	8991061	2299056	0	0	0	0	0	0	
2161	2303	211852	9012921	2303663	0	0	0	0	0	0	
2162	2308	211950	9034864	2308246	0	0	0	0	0	0	
2163	2312	212048	9056817	2312802	0	0	0	0	0	0	
2164	2317	212146	9078634	2317294	0	0	0	0	0	0	
2165	2321	212244	9100425	2321782	0	0	0	0	0	0	
2166	2326	212342	9122194	2326479	0	0	0	0	0	0	
2167	2330	212440	9143958	2330967	0	0	0	0	0	0	
2168	2335	212538	9165561	2335468	0	0	0	0	0	0	
2169	2339	212636	9187389	2339942	0	0	0	0	0	0	
2170	2344	212734	9209093	2344596	0	0	0	0	0	0	
2171	2349	212832	9230346	2349091	0	0	0	0	0	0	
2172	2353	212930	9251968	2353668	0	0	0	0	0	0	
2173	2358	213028	9273495	2358164	0	0	0	0	0	0	
2174	2363	213126	9295447	2363044	0	0	0	0	0	0	
2175	2367	213224	9318221	2367974	0	0	0	0	0	0	
2176	2372	213322	9341171	2372672	0	0	0	0	0	0	
2177	2377	213420	9363965	2377401	0	0	0	0	0	0	
2178	2382	213518	9386451	2382196	0	0	0	0	0	0	
2179	2387	213616	9408896	2387230	0	0	0	0	0	0	
2180	2392	213715	9433098	2392200	0	0	0	0	0	0	
2181	2397	213813	9456587	2397052	0	0	0	0	0	0	
2182	2402	213911	9479762	2402023	0	0	0	0	0	0	
2183	2406	214009	9502240	2406750	0	0	0	0	0	0	
2184	2411	214107	9524373	2411483	0	0	0	0	0	0	
