#input	time	ios	pfs	timems	
64	1	4097	6	1080	
128	2	8197	8	2406	
192	3	12297	8	3508	
256	5	16398	8	5455	
320	6	20498	8	6790	
384	7	24598	8	7885	
448	9	28698	8	9593	
512	11	32799	8	11048	
576	13	36899	8	13182	
640	14	40999	9	14313	
704	15	45100	10	15913	
768	17	49200	10	17441	
832	18	53300	10	18567	
896	20	57400	10	20296	
960	21	61501	10	21522	
1024	22	65601	10	22632	
1088	24	69701	10	24070	
1152	25	73802	10	25954	
1216	27	77902	10	27356	
1280	28	82002	10	28475	
1344	30	86102	10	30761	
1408	32	90203	10	32096	
1472	33	94303	10	33429	
1536	35	98403	11	35897	
1600	37	102504	11	37637	
1664	38	106604	11	38766	
1728	40	110704	11	40642	
1792	42	114804	11	42411	
1856	43	118905	11	43540	
1920	45	123005	11	45513	
1984	46	127105	11	46877	
2048	48	131205	11	48004	
2112	50	135306	11	50725	
2176	51	139406	11	51971	
2240	53	143506	11	53091	
2304	55	147607	11	55203	
2368	56	151707	11	56603	
2432	57	155807	11	57740	
2496	59	159907	12	59647	
2560	61	164008	12	61073	
2624	62	168108	12	62223	
2688	64	172208	12	64112	
2752	65	176309	12	65794	
2816	67	180410	12	67330	
2880	68	184511	12	68458	
2944	70	188612	12	70680	
3008	72	192714	12	72235	
3072	73	196815	12	73355	
3136	75	200916	12	75751	
3200	77	205018	12	77113	
3264	78	209119	12	78231	
3328	80	213220	12	80959	
3392	82	217321	12	82321	
3456	83	221423	12	83451	
3520	85	225524	12	85561	
3584	87	229625	12	87041	
3648	88	233726	13	88364	
3712	89	237828	13	89503	
3776	91	241929	13	91188	
3840	92	246030	13	92339	
3904	94	250132	13	94829	
3968	96	254233	13	96086	
4032	97	258334	13	97808	
4096	98	262435	13	98929	
4160	100	266537	13	100505	
4224	102	270638	13	102098	
4288	103	274739	13	103224	
4352	105	278841	13	105896	
4416	107	282942	13	107445	
4480	108	287043	13	108575	
4544	111	291144	13	111039	
4608	112	295246	13	112495	
4672	113	299347	13	113635	
4736	115	303448	14	115909	
4800	117	307550	14	117233	
4864	118	311651	14	118369	
4928	119	315752	14	119842	
4992	121	319853	14	121338	
5056	122	323955	14	122765	
5120	123	328056	14	123907	
