#input	time	ios	pfs	timems	
64	1	344485	4	1869	
128	3	360873	7	3906	
192	6	377261	7	6019	
256	7	393650	7	7910	
320	9	410038	7	9781	
384	11	426426	7	11662	
448	13	442814	7	13552	
512	15	459203	7	15563	
576	17	475591	7	17477	
640	19	491979	7	19387	
704	21	508368	8	21490	
768	23	524756	8	23407	
832	25	541144	9	25313	
896	27	557532	9	27522	
960	29	573921	9	29440	
1024	31	590309	9	31501	
1088	33	606697	9	33465	
1152	35	623086	9	35620	
1216	37	639474	9	37600	
1280	39	655862	9	39509	
1344	41	672250	9	41511	
1408	43	688639	9	43427	
1472	45	705027	9	45337	
1536	47	721415	9	47300	
1600	49	737804	9	49226	
1664	51	754192	9	51517	
1728	53	770580	9	53433	
1792	55	786968	9	55762	
1856	57	803357	9	57672	
1920	59	819745	9	59585	
1984	62	836133	9	62208	
2048	64	852521	9	64122	
2112	66	868910	9	66044	
2176	67	885298	10	67959	
2240	69	901686	10	69880	
2304	72	918075	10	72093	
2368	74	934463	10	74008	
2432	76	950851	10	76095	
2496	77	967239	10	77998	
2560	79	983628	10	79914	
2624	82	1000016	10	82023	
2688	83	1016404	10	83946	
2752	85	1032793	10	85863	
2816	87	1049182	11	87782	
2880	89	1065571	11	89700	
2944	91	1081960	11	91857	
3008	93	1098350	11	93940	
3072	96	1114739	11	96054	
3136	97	1131128	11	97978	
3200	99	1147518	11	99898	
3264	101	1163907	11	101833	
3328	103	1180296	11	103738	
3392	105	1196685	11	105885	
3456	107	1213075	11	107810	
3520	109	1229464	11	109727	
3584	111	1245853	11	111674	
3648	113	1262242	11	113593	
3712	115	1278632	11	115512	
3776	117	1295021	11	117544	
3840	119	1311410	11	119454	
3904	121	1327800	11	121375	
3968	123	1344189	11	123310	
4032	125	1360578	11	125421	
4096	127	1376967	11	127346	
4160	129	1393357	11	129262	
4224	131	1409746	11	131248	
4288	133	1426135	11	133178	
4352	135	1442525	11	135096	
4416	137	1458914	11	137158	
4480	139	1475303	11	139078	
4544	141	1491692	11	141129	
4608	143	1508082	12	143050	
4672	145	1524471	12	145159	
4736	147	1540860	12	147078	
4800	149	1557250	12	149014	
4864	151	1573639	12	151312	
4928	153	1590028	12	153236	
4992	155	1606417	12	155431	
5056	157	1622807	12	157360	
5120	159	1639196	12	159291	
