#input	time	ios	pfs	timems	
64	0	244158	16385	973	
128	2	248258	32771	2295	
192	3	252358	49155	3571	
256	4	256459	65539	4575	
320	6	260559	81923	6591	
384	8	264659	98307	8006	
448	9	268759	114691	9019	
512	10	272860	131075	10787	
576	12	276960	147460	12081	
640	13	281060	163844	13142	
704	15	285161	180229	15242	
768	16	289261	196613	16369	
832	17	293361	212997	17423	
896	19	297461	229381	19064	
960	20	301562	245765	20526	
1024	21	305662	262149	21871	
1088	22	309762	278533	22941	
1152	24	313863	294917	24659	
1216	26	317963	311301	26065	
1280	27	322063	327685	27304	
1344	28	326163	344069	28373	
1408	30	330264	360453	30289	
1472	31	334364	376837	31509	
1536	32	338464	393221	32583	
1600	34	342565	409605	34090	
1664	35	346665	425989	35712	
1728	36	350765	442373	36835	
1792	37	354865	458757	37911	
1856	39	358966	475141	39517	
1920	40	363066	491525	40935	
1984	42	367166	507909	42262	
2048	43	371266	524293	43343	
2112	45	375367	540677	45455	
2176	46	379467	557061	46541	
2240	47	383567	573445	47615	
2304	49	387668	589829	49251	
2368	51	391769	606214	51226	
2432	52	395870	622598	52307	
2496	53	399971	638982	53672	
2560	54	404073	655366	54765	
2624	56	408174	671750	56803	
2688	57	412275	688135	57877	
2752	59	416377	704519	59431	
2816	60	420478	720903	60514	
2880	62	424579	737287	62311	
2944	63	428680	753671	63620	
3008	64	432782	770055	64717	
3072	66	436883	786439	66711	
3136	67	440984	802823	67834	
3200	68	445086	819207	68914	
3264	70	449187	835591	70516	
3328	72	453288	851975	72001	
3392	73	457389	868359	73327	
3456	74	461491	884743	74415	
3520	76	465592	901127	76420	
3584	77	469693	917511	77561	
3648	78	473794	933895	78644	
3712	80	477896	950279	80271	
3776	82	481997	966663	82017	
3840	83	486098	983047	83278	
3904	84	490200	999431	84366	
3968	86	494301	1015815	86597	
4032	87	498402	1032199	87682	
4096	88	502503	1048583	88769	
4160	90	506605	1064967	90391	
4224	92	510706	1081352	92381	
4288	93	514807	1097736	93460	
4352	94	518909	1114120	94867	
4416	96	523010	1130504	96829	
4480	97	527111	1146888	97894	
4544	98	531212	1163272	98980	
4608	100	535314	1179656	100592	
4672	102	539415	1196040	102613	
4736	103	543516	1212424	103896	
4800	104	547618	1228808	104977	
4864	106	551719	1245192	106603	
4928	107	555820	1261576	107685	
4992	109	559921	1277960	109194	
5056	110	564023	1294344	110276	
5120	111	568124	1310728	111876	
