#input	time	ios	pfs	timems	
64	0	284159	8	194	
128	0	288259	10	406	
192	0	292359	10	593	
256	0	296460	10	830	
320	1	300560	10	1838	
384	3	304660	10	3775	
448	4	308760	10	4289	
512	4	312861	10	4660	
576	5	316961	10	5685	
640	8	321061	12	8502	
704	8	325162	12	8628	
768	10	329262	12	10449	
832	10	333362	12	10602	
896	11	337462	12	11144	
960	13	341563	12	13287	
1024	13	345663	12	13785	
1088	13	349763	12	13988	
1152	16	353864	12	16373	
1216	16	357964	12	16967	
1280	18	362064	13	18868	
1344	18	366164	13	18996	
1408	19	370265	13	19504	
1472	20	374365	13	20682	
1536	21	378465	13	21214	
1600	23	382566	13	23387	
1664	23	386666	13	23982	
1728	24	390766	13	24189	
1792	26	394866	13	26174	
1856	26	398967	13	26778	
1920	28	403067	13	28964	
1984	29	407167	13	29090	
2048	29	411267	14	29609	
2112	30	415368	14	30818	
2176	31	419468	14	31718	
2240	33	423568	14	33561	
2304	33	427669	14	33999	
2368	34	431769	14	34861	
2432	35	435869	14	35059	
2496	36	439969	15	36560	
2560	37	444070	15	37035	
2624	39	448170	15	39113	
2688	39	452270	15	39603	
2752	40	456372	15	40849	
2816	41	460473	15	41026	
2880	42	464574	15	42539	
2944	43	468675	15	43187	
3008	45	472777	15	45290	
3072	45	476878	15	45419	
3136	46	480979	15	46525	
3200	47	485081	15	47640	
3264	48	489182	15	48178	
3328	50	493283	15	50275	
3392	50	497384	16	50403	
3456	52	501486	16	52421	
3520	52	505587	16	52577	
3584	53	509688	16	53148	
3648	55	513789	16	55299	
3712	56	517891	16	56208	
3776	56	521992	16	56354	
3840	57	526093	16	57923	
3904	58	530195	16	58158	
3968	59	534296	16	59648	
4032	61	538397	16	61437	
4096	62	542498	16	62442	
4160	62	546600	16	62602	
4224	64	550701	17	64284	
4288	64	554802	17	64794	
4352	66	558904	17	66562	
4416	66	563005	17	66692	
4480	66	567106	17	66926	
4544	68	571207	17	68455	
4608	69	575309	17	69103	
4672	72	579410	17	72313	
4736	72	583511	18	72443	
4800	72	587613	18	72654	
4864	72	591714	18	72906	
4928	73	595815	18	73868	
4992	76	599916	18	76119	
5056	76	604018	18	76637	
5120	78	608119	18	78443	
