#input	time	ios	pfs	timems	
64	0	344493	6	451	
128	0	360881	8	902	
192	1	377269	8	1319	
256	2	393658	8	2535	
320	4	410046	8	4514	
384	4	426434	8	4898	
448	5	442822	8	5701	
512	6	459211	8	6935	
576	7	475599	8	7661	
640	9	491987	8	9591	
704	10	508376	8	10681	
768	11	524764	8	11526	
832	11	541152	9	11913	
896	13	557540	9	13158	
960	14	573929	9	14820	
1024	16	590317	9	16201	
1088	16	606705	9	16589	
1152	17	623094	9	17445	
1216	18	639482	10	18210	
1280	20	655870	10	20307	
1344	20	672258	10	20766	
1408	21	688647	11	21730	
1472	22	705035	11	22124	
1536	23	721423	11	23768	
1600	25	737812	11	25455	
1664	26	754200	11	26319	
1728	27	770588	11	27048	
1792	28	786976	11	28280	
1856	30	803365	11	30327	
1920	31	819753	11	31173	
1984	31	836141	11	31563	
2048	32	852529	11	32413	
2112	32	868918	11	32823	
2176	34	885306	11	34544	
2240	36	901694	11	36411	
2304	37	918083	11	37201	
2368	37	934471	11	37589	
2432	39	950859	11	39514	
2496	41	967247	11	41075	
2560	41	983636	11	41964	
2624	42	1000024	11	42358	
2688	43	1016412	11	43214	
2752	43	1032801	11	43634	
2816	45	1049190	11	45433	
2880	47	1065579	11	47500	
2944	48	1081968	11	48229	
3008	48	1098358	11	48627	
3072	49	1114747	12	49016	
3136	50	1131136	12	50342	
3200	52	1147526	12	52388	
3264	52	1163915	12	52775	
3328	53	1180304	12	53601	
3392	54	1196693	12	54697	
3456	55	1213083	12	55570	
3520	57	1229472	12	57679	
3584	58	1245861	12	58066	
3648	58	1262250	12	58453	
3712	59	1278640	12	59273	
3776	60	1295029	12	60655	
3840	61	1311418	13	61735	
3904	63	1327808	13	63406	
3968	64	1344197	13	64237	
4032	64	1360586	14	64635	
4096	65	1376975	14	65022	
4160	67	1393365	14	67836	
4224	68	1409754	14	68223	
4288	68	1426143	14	68782	
4352	69	1442533	14	69172	
4416	70	1458922	14	70549	
4480	72	1475311	14	72258	
4544	72	1491700	14	72649	
4608	73	1508090	14	73862	
4672	75	1524479	15	75375	
4736	76	1540868	15	76224	
4800	77	1557258	16	77104	
4864	77	1573647	16	77891	
4928	78	1590036	16	78636	
4992	81	1606425	16	81056	
5056	81	1622815	16	81442	
5120	82	1639204	16	82630	
