#input	time	ios	pfs	timems	
64	0	4097	16388	214	
128	0	8197	32775	356	
192	0	12297	49159	500	
256	0	16398	65545	756	
320	1	20498	81929	1935	
384	3	24598	98313	3668	
448	5	28698	114697	5502	
512	6	32799	131081	6085	
576	6	36899	147465	6259	
640	8	40999	163849	8169	
704	8	45100	180233	8670	
768	10	49200	196617	10433	
832	10	53300	213001	10578	
896	10	57400	229386	10808	
960	12	61501	245770	12699	
1024	12	65601	262154	12876	
1088	13	69701	278538	13618	
1152	16	73802	294922	16019	
1216	16	77902	311306	16207	
1280	16	82002	327690	16663	
1344	18	86102	344074	18073	
1408	18	90203	360458	18951	
1472	20	94303	376842	20620	
1536	21	98403	393228	21329	
1600	21	102504	409612	21522	
1664	23	106604	425996	23308	
1728	23	110704	442380	23480	
1792	24	114804	458764	24728	
1856	26	118905	475148	26505	
1920	27	123005	491532	27115	
1984	27	127105	507916	27291	
2048	29	131205	524300	29161	
2112	29	135306	540684	29624	
2176	31	139406	557069	31371	
2240	31	143506	573453	31518	
2304	31	147607	589837	31768	
2368	33	151707	606221	33632	
2432	34	155808	622605	34460	
2496	36	159909	638989	36776	
2560	37	164011	655373	37098	
2624	37	168112	671757	37272	
2688	37	172213	688141	37748	
2752	39	176315	704526	39648	
2816	40	180416	720910	40370	
2880	42	184517	737294	42232	
2944	42	188618	753678	42814	
3008	43	192720	770062	43061	
3072	44	196821	786446	44924	
3136	45	200922	802830	45085	
3200	46	205024	819214	46041	
3264	47	209125	835598	47670	
3328	48	213226	851982	48283	
3392	49	217327	868366	49365	
3456	49	221429	884750	49980	
3520	50	225530	901135	50242	
3584	51	229631	917519	51927	
3648	53	233732	933903	53505	
3712	54	237834	950287	54016	
3776	54	241935	966671	54703	
3840	54	246036	983055	54948	
3904	55	250138	999439	55858	
3968	57	254239	1015823	57603	
4032	59	258340	1032207	59243	
4096	59	262441	1048591	59832	
4160	60	266543	1064976	60472	
4224	60	270644	1081360	60693	
4288	62	274745	1097744	62554	
4352	63	278847	1114128	63271	
4416	65	282948	1130513	65141	
4480	65	287049	1146897	65719	
4544	65	291150	1163281	65955	
4608	67	295252	1179665	67811	
4672	67	299353	1196049	67967	
4736	68	303454	1212433	68912	
4800	70	307556	1228817	70576	
4864	71	311657	1245201	71177	
4928	72	315758	1261585	72269	
4992	73	319859	1277969	73032	
5056	73	323961	1294353	73272	
5120	74	328062	1310737	74764	
