#input	time	ios	pfs	timems	pbo	dbo	ibo	pbu	ndo	
0	518	970360	23384295	518634	1	133	8	28	0	
1	517	970262	23384295	517281	1	133	8	28	0	
2	516	970164	23384291	516130	1	133	8	28	0	
3	512	968394	23275126	512868	1	132	7	27	0	
4	511	968296	23275121	511015	1	132	7	27	0	
5	498	959154	22910144	498794	1	131	7	26	0	
6	495	954519	22716148	495111	1	130	7	26	0	
7	491	950260	22526218	491396	1	129	7	26	0	
8	487	945520	22330443	487614	1	128	7	26	0	
9	483	941109	22149400	483916	1	127	7	26	0	
10	464	920378	21584882	464674	1	125	6	24	0	
11	460	913481	21378578	460790	1	124	6	24	0	
12	454	899216	20996392	454513	1	122	6	24	0	
13	448	884601	20619213	448185	1	120	6	24	0	
14	435	875508	20298239	435697	1	119	6	23	0	
15	420	860973	19569855	420942	1	116	6	22	0	
16	417	855131	19342373	417321	1	115	6	22	0	
17	408	834563	18790519	408422	1	112	6	22	0	
18	384	817631	18146560	384794	0	109	5	21	0	
19	366	787967	17520175	366134	0	107	5	20	0	
20	357	764044	16965068	357077	0	104	5	20	0	
21	338	744165	16423772	338761	0	101	4	18	0	
22	325	717817	15773139	325986	0	98	4	17	0	
23	319	699969	15382921	319337	0	96	4	17	0	
24	290	668966	14428177	290360	0	91	3	14	0	
25	279	644719	13637577	279423	0	85	3	14	0	
26	276	639982	13467439	276188	0	84	3	14	0	
27	269	624011	12984276	269245	0	81	3	14	0	
28	258	596733	12155963	258420	0	75	3	14	0	
29	251	579872	11678495	251031	0	72	3	14	0	
30	246	573464	11506986	246909	0	71	3	14	0	
31	234	541248	10815816	234854	0	67	3	14	0	
32	221	504515	10038236	221461	0	61	3	14	0	
33	215	482795	9613457		215400	0	59	3	14	0	
34	203	446234	8850694		203569	0	54	3	14	0	
35	195	425150	8421343		195368	0	51	3	14	0	
36	185	396570	7845501		185722	0	48	3	14	0	
37	176	368605	7273103		176945	0	45	3	14	0	
38	106	281636	5124677		106517	0	39	0	3	0	
39	81	241928	4394242		81542	0	35	0	1	0	
40	71	210786	3746121		71603	0	30	0	1	0	
41	65	192500	3367301		65245	0	27	0	1	0	
42	59	175185	3088034		59755	0	25	0	1	0	
43	49	145061	2545903		49630	0	20	0	1	0	
44	31	102770	1795057		31221	0	14	0	0	0	
45	26	87323	1503135		26886	0	12	0	0	0	
46	18	58502	1016063		18763	0	8	0	0	0	
47	10	29826	522541		10684	0	4	0	0	0	
48	6	14743	253754		6472	0	2	0	0	0	
49	1	99	313		1177	0	0	0	0	0	
