#input	time	ios	pfs	timems	pbo	dbo	ibo	pbu	ndo	
0	3805	4902	1383646	3805558	0	0	0	0	0	
1	3805	4804	1383646	3805118	0	0	0	0	0	
2	3804	4706	1383646	3804602	0	0	0	0	0	
3	3803	4608	1383646	3803870	0	0	0	0	0	
4	3803	4510	1383646	3803498	0	0	0	0	0	
5	3802	4412	1383646	3802459	0	0	0	0	0	
6	3802	4314	1383646	3802027	0	0	0	0	0	
7	3801	4216	1383646	3801604	0	0	0	0	0	
8	3801	4118	1383646	3801185	0	0	0	0	0	
9	3800	4020	1383646	3800779	0	0	0	0	0	
10	3798	3922	1383599	3798937	0	0	0	0	0	
11	3798	3824	1383599	3798449	0	0	0	0	0	
12	3797	3726	1383599	3797966	0	0	0	0	0	
13	3797	3628	1383599	3797467	0	0	0	0	0	
14	3796	3530	1383599	3796990	0	0	0	0	0	
15	3796	3432	1383599	3796506	0	0	0	0	0	
16	3796	3334	1383598	3796025	0	0	0	0	0	
17	3795	3236	1383598	3795562	0	0	0	0	0	
18	3795	3138	1383598	3795107	0	0	0	0	0	
19	3794	3040	1383583	3794498	0	0	0	0	0	
20	3743	2942	1367524	3743920	0	0	0	0	0	
21	3743	2843	1367524	3743371	0	0	0	0	0	
22	3742	2745	1367524	3742824	0	0	0	0	0	
23	3742	2647	1367524	3742277	0	0	0	0	0	
24	3741	2549	1367505	3741587	0	0	0	0	0	
25	3741	2451	1367505	3741044	0	0	0	0	0	
26	3740	2353	1367505	3740500	0	0	0	0	0	
27	3739	2255	1367505	3739961	0	0	0	0	0	
28	3739	2157	1367505	3739422	0	0	0	0	0	
29	3738	2059	1367505	3738885	0	0	0	0	0	
30	3738	1961	1367505	3738311	0	0	0	0	0	
31	3737	1863	1367505	3737747	0	0	0	0	0	
32	3737	1765	1367505	3737215	0	0	0	0	0	
33	3736	1667	1367505	3736691	0	0	0	0	0	
34	3736	1569	1367505	3736172	0	0	0	0	0	
35	3735	1471	1367503	3735640	0	0	0	0	0	
36	3735	1373	1367502	3735120	0	0	0	0	0	
37	3734	1275	1367501	3734601	0	0	0	0	0	
38	3734	1177	1367501	3734093	0	0	0	0	0	
39	3733	1079	1367478	3733338	0	0	0	0	0	
40	2839	981	1025409	2839897	0	0	0	0	0	
41	2504	883	900325	2504602	0	0	0	0	0	
42	2166	785	778882	2166703	0	0	0	0	0	
43	1844	687	663449	1844398	0	0	0	0	0	
44	1526	589	548827	1526292	0	0	0	0	0	
45	1198	491	431404	1198227	0	0	0	0	0	
46	906	393	324090	906820	0	0	0	0	0	
47	612	295	220128	612274	0	0	0	0	0	
48	345	197	127880	345703	0	0	0	0	0	
49	159	99	61235	159852	0	0	0	0	0	
