#input	time	ios	pfs	timems	pbo	dbo	ibo	pbu	ndo	
0	11035	4902	63957	11035450	0	0	0	0	0	
1	10822	4804	62641	10822624	0	0	0	0	0	
2	10606	4706	61325	10606093	0	0	0	0	0	
3	10389	4608	60006	10389382	0	0	0	0	0	
4	10168	4510	58690	10168279	0	0	0	0	0	
5	9944	4412	57373	9944008	0	0	0	0	0	
6	9722	4314	56056	9722868	0	0	0	0	0	
7	9499	4216	54740	9499514	0	0	0	0	0	
8	9272	4118	53422	9272385	0	0	0	0	0	
9	9048	4020	52106	9048581	0	0	0	0	0	
10	8828	3922	50786	8828478	0	0	0	0	0	
11	8606	3824	49467	8606282	0	0	0	0	0	
12	8386	3726	48154	8386231	0	0	0	0	0	
13	8167	3628	46839	8167557	0	0	0	0	0	
14	7947	3530	45518	7947750	0	0	0	0	0	
15	7729	3432	44202	7729024	0	0	0	0	0	
16	7504	3334	42885	7504680	0	0	0	0	0	
17	7284	3236	41569	7284084	0	0	0	0	0	
18	7065	3138	40253	7065334	0	0	0	0	0	
19	6846	3040	38934	6846747	0	0	0	0	0	
20	6623	2942	37617	6623788	0	0	0	0	0	
21	6402	2843	36300	6402650	0	0	0	0	0	
22	6180	2745	34979	6180493	0	0	0	0	0	
23	5957	2647	33658	5957506	0	0	0	0	0	
24	5737	2549	32339	5737087	0	0	0	0	0	
25	5514	2451	31023	5514554	0	0	0	0	0	
26	5293	2353	29707	5293613	0	0	0	0	0	
27	5072	2255	28391	5072715	0	0	0	0	0	
28	4854	2157	27075	4854115	0	0	0	0	0	
29	4633	2059	25757	4633881	0	0	0	0	0	
30	4415	1961	24436	4415028	0	0	0	0	0	
31	4190	1863	23118	4190542	0	0	0	0	0	
32	3970	1765	21799	3970057	0	0	0	0	0	
33	3751	1667	20482	3751574	0	0	0	0	0	
34	3528	1569	19168	3528701	0	0	0	0	0	
35	3308	1471	17855	3308439	0	0	0	0	0	
36	3088	1373	16539	3088304	0	0	0	0	0	
37	2865	1275	15223	2865747	0	0	0	0	0	
38	2644	1177	13906	2644918	0	0	0	0	0	
39	2424	1079	12591	2424330	0	0	0	0	0	
40	2205	981	11271	2205950	0	0	0	0	0	
41	1981	883	9953	1981575	0	0	0	0	0	
42	1761	785	8635	1761241	0	0	0	0	0	
43	1538	687	7415	1538738	0	0	0	0	0	
44	1316	589	6354	1316568	0	0	0	0	0	
45	1094	491	5289	1094092	0	0	0	0	0	
46	875	393	4231	875862	0	0	0	0	0	
47	654	295	3169	654060	0	0	0	0	0	
48	435	197	2105	435845	0	0	0	0	0	
49	213	99	1044	213300	0	0	0	0	0	
