#input	time	ios	pfs	timems	pbo	dbo	ibo	pbu	ndo	ars	
1	63	98	0	63569	0	0	0	0	0	0	
2	67	98	0	67501	0	0	0	0	0	0	
3	71	98	0	71785	0	0	0	0	0	0	
4	74	98	0	74895	0	0	0	0	0	0	
5	78	98	0	78625	0	0	0	0	0	0	
6	82	98	0	82476	0	0	0	0	0	0	
7	87	98	0	87151	0	0	0	0	0	0	
8	89	98	0	89706	0	0	0	0	0	0	
9	93	98	0	93745	0	0	0	0	0	0	
10	96	98	0	96996	0	0	0	0	0	0	
11	101	98	0	101465	0	0	0	0	0	0	
12	104	98	0	104858	0	0	0	0	0	0	
13	108	98	0	108914	0	0	0	0	0	0	
14	112	98	0	112453	0	0	0	0	0	0	
15	115	98	0	115531	0	0	0	0	0	0	
16	119	98	0	119404	0	0	0	0	0	0	
17	124	98	0	124168	0	0	0	0	0	0	
18	127	98	0	127122	0	0	0	0	0	0	
19	128	98	0	128759	0	0	0	0	0	0	
20	135	99	0	135430	0	0	0	0	0	0	
21	140	98	0	140412	0	0	0	0	0	0	
22	143	98	0	143289	0	0	0	0	0	0	
23	147	98	0	147909	0	0	0	0	0	0	
24	151	98	0	151702	0	0	0	0	0	0	
25	154	98	0	154610	0	0	0	0	0	0	
26	157	98	0	157921	0	0	0	0	0	0	
27	162	98	0	162358	0	0	0	0	0	0	
28	164	98	0	164990	0	0	0	0	0	0	
29	172	98	0	172480	0	0	0	0	0	0	
30	173	98	0	173806	0	0	0	0	0	0	
31	179	98	0	179476	0	0	0	0	0	0	
32	183	98	0	183152	0	0	0	0	0	0	
33	186	98	0	186547	0	0	0	0	0	0	
34	192	98	0	192832	0	0	0	0	0	0	
35	194	98	0	194919	0	0	0	0	0	0	
36	197	98	0	197204	0	0	0	0	0	0	
37	202	98	0	202288	0	0	0	0	0	0	
38	206	98	0	206951	0	0	0	0	0	0	
39	211	98	0	211289	0	0	0	0	0	0	
40	211	98	0	211960	0	0	0	0	0	0	
41	215	98	0	215517	0	0	0	0	0	0	
42	215	98	0	215473	0	0	0	0	0	0	
43	214	98	0	214751	0	0	0	0	0	0	
44	211	98	0	211817	0	0	0	0	0	0	
45	219	98	0	219220	0	0	0	0	0	0	
46	220	98	0	220449	0	0	0	0	0	0	
47	231	98	0	231614	0	0	0	0	0	0	
48	227	98	0	227784	0	0	0	0	0	0	
49	214	99	0	214891	0	0	0	0	0	0	
