#input	time	ios	pfs	timems	pbo	dbo	ibo	pbu	ndo	
0	39	4902	6	39275	0	0	0	0	0	
1	38	4804	6	38545	0	0	0	0	0	
2	37	4706	6	37904	0	0	0	0	0	
3	37	4608	6	37278	0	0	0	0	0	
4	36	4510	6	36641	0	0	0	0	0	
5	35	4412	6	35986	0	0	0	0	0	
6	35	4314	6	35321	0	0	0	0	0	
7	34	4216	6	34641	0	0	0	0	0	
8	33	4118	6	33952	0	0	0	0	0	
9	33	4020	6	33263	0	0	0	0	0	
10	32	3922	6	32566	0	0	0	0	0	
11	31	3824	6	31873	0	0	0	0	0	
12	31	3726	6	31181	0	0	0	0	0	
13	30	3628	6	30470	0	0	0	0	0	
14	29	3530	6	29752	0	0	0	0	0	
15	29	3432	6	29014	0	0	0	0	0	
16	28	3334	6	28271	0	0	0	0	0	
17	27	3236	6	27537	0	0	0	0	0	
18	26	3138	6	26811	0	0	0	0	0	
19	26	3040	6	26099	0	0	0	0	0	
20	25	2942	6	25392	0	0	0	0	0	
21	24	2843	6	24676	0	0	0	0	0	
22	23	2745	6	23967	0	0	0	0	0	
23	23	2647	6	23251	0	0	0	0	0	
24	22	2549	6	22527	0	0	0	0	0	
25	21	2451	6	21805	0	0	0	0	0	
26	21	2353	6	21078	0	0	0	0	0	
27	20	2255	6	20348	0	0	0	0	0	
28	19	2157	6	19623	0	0	0	0	0	
29	18	2059	6	18888	0	0	0	0	0	
30	18	1961	6	18147	0	0	0	0	0	
31	17	1863	6	17403	0	0	0	0	0	
32	16	1765	6	16642	0	0	0	0	0	
33	15	1667	6	15855	0	0	0	0	0	
34	15	1569	6	15080	0	0	0	0	0	
35	14	1471	6	14305	0	0	0	0	0	
36	13	1373	6	13502	0	0	0	0	0	
37	12	1275	6	12622	0	0	0	0	0	
38	11	1177	6	11732	0	0	0	0	0	
39	10	1079	6	10841	0	0	0	0	0	
40	9	981	6	9937	0	0	0	0	0	
41	9	883	6	9020	0	0	0	0	0	
42	8	785	6	8077	0	0	0	0	0	
43	7	687	6	7136	0	0	0	0	0	
44	6	589	6	6170	0	0	0	0	0	
45	5	491	6	5190	0	0	0	0	0	
46	4	393	6	4199	0	0	0	0	0	
47	3	295	6	3211	0	0	0	0	0	
48	2	197	6	2203	0	0	0	0	0	
49	1	99	3	1096	0	0	0	0	0	
