#input	time	ios	pfs	timems	pbo	dbo	ibo	pbu	ndo	
10	86026	3922	101	86026524	0	0	0	0	0	
11	84343	3824	101	84343337	0	0	0	0	0	
12	82518	3726	101	82518267	0	0	0	0	0	
13	80746	3628	101	80746575	0	0	0	0	0	
14	79010	3530	101	79010194	0	0	0	0	0	
15	77156	3432	101	77156675	0	0	0	0	0	
16	75280	3334	101	75280217	0	0	0	0	0	
17	73426	3236	101	73426490	0	0	0	0	0	
18	71534	3138	101	71534604	0	0	0	0	0	
19	69575	3040	101	69575201	0	0	0	0	0	
20	67614	2942	101	67614180	0	0	0	0	0	
21	65632	2843	101	65632114	0	0	0	0	0	
22	63627	2745	99	63627219	0	0	0	0	0	
23	61426	2647	96	61426951	0	0	0	0	0	
24	59373	2549	96	59373581	0	0	0	0	0	
25	57282	2451	96	57282593	0	0	0	0	0	
26	55147	2353	96	55147254	0	0	0	0	0	
27	53021	2255	96	53021446	0	0	0	0	0	
28	50892	2157	96	50892536	0	0	0	0	0	
29	48723	2059	96	48723541	0	0	0	0	0	
30	46544	1961	96	46544516	0	0	0	0	0	
31	44333	1863	96	44333887	0	0	0	0	0	
32	42109	1765	96	42109547	0	0	0	0	0	
33	39845	1667	96	39845344	0	0	0	0	0	
34	37558	1569	96	37558373	0	0	0	0	0	
35	35268	1471	96	35268366	0	0	0	0	0	
36	32946	1373	96	32946968	0	0	0	0	0	
37	30570	1275	96	30570274	0	0	0	0	0	
38	28203	1177	96	28203621	0	0	0	0	0	
39	25854	1079	96	25854930	0	0	0	0	0	
40	23455	981	96	23455607	0	0	0	0	0	
41	21043	883	96	21043678	0	0	0	0	0	
42	18663	785	94	18663050	0	0	0	0	0	
43	16268	687	94	16268176	0	0	0	0	0	
44	13810	589	88	13810102	0	0	0	0	0	
45	11481	491	87	11481867	0	0	0	0	0	
46	9184	393	76	9184044	0	0	0	0	0	
47	6854	295	66	6854225	0	0	0	0	0	
48	4568	197	50	4568484	0	0	0	0	0	
49	2329	99	22	2329532	0	0	0	0	0	
