#input	time	ios	pfs	timems	pbo	dbo	ibo	pbu	ndo	
1	0	3850	0	865	0	0	0	0	0	
2	0	4106	0	785	0	0	0	0	0	
3	3	22609	0	3395	0	0	0	0	0	
4	3	22865	0	3598	0	0	0	0	0	
5	8	44334	0	8497	0	0	0	0	0	
6	8	44590	0	8763	0	0	0	0	0	
7	8	44846	0	8584	0	0	0	0	0	
8	8	45102	0	8254	0	0	0	0	0	
9	9	45358	0	9269	0	0	0	0	0	
10	13	68539	0	13727	0	0	0	0	0	
11	15	82635	0	15320	0	0	0	0	0	
12	15	82891	0	15382	0	0	0	0	0	
13	14	83147	0	14814	0	0	0	0	0	
14	18	99824	0	18188	0	0	0	0	0	
15	18	100080	0	18943	0	0	0	0	0	
16	18	100336	0	18953	0	0	0	0	0	
17	18	100592	0	18652	0	0	0	0	0	
18	19	100848	0	19456	0	0	0	0	0	
19	20	101104	0	20714	0	0	0	0	0	
20	19	101360	0	19843	0	0	0	0	0	
21	21	101616	0	21087	0	0	0	0	0	
22	22	116535	0	22809	0	0	0	0	0	
23	27	137301	0	27125	0	0	0	0	0	
24	27	149118	0	27419	0	0	0	0	0	
25	29	149374	0	29735	0	0	0	0	0	
26	29	149630	0	29277	0	0	0	0	0	
27	28	149886	0	28037	0	0	0	0	0	
28	29	150421	0	29716	0	0	0	0	0	
29	31	161832	0	31260	0	0	0	0	0	
30	31	162665	0	31699	0	0	0	0	0	
31	31	163048	0	31494	0	0	0	0	0	
32	31	163304	0	31601	0	0	0	0	0	
33	32	163560	0	32410	0	0	0	0	0	
34	31	163816	0	31603	0	0	0	0	0	
35	34	164072	0	34480	0	0	0	0	0	
36	32	164328	0	32548	0	0	0	0	0	
37	35	175647	0	35387	0	0	0	0	0	
38	35	175903	0	35904	0	0	0	0	0	
39	38	182367	0	38709	0	0	0	0	0	
40	38	185900	0	38213	0	0	0	0	0	
41	40	186156	0	40038	0	0	0	0	0	
42	39	186412	0	39810	0	0	0	0	0	
43	40	186668	0	40104	0	0	0	0	0	
44	38	186924	0	38587	0	0	0	0	0	
45	39	187179	0	39062	0	0	0	0	0	
46	41	187435	0	41443	0	0	0	0	0	
47	42	189771	0	42673	0	0	0	0	0	
48	42	190027	0	42786	0	0	0	0	0	
49	43	190887	0	43681	0	0	0	0	0	
50	42	191197	0	42038	0	0	0	0	0	
