#input	time	ios	pfs	timems	pbo	dbo	ibo	pbu	ndo	
1	10	256	7	10318	0	0	0	0	0	
2	6	512	0	6260	0	0	0	0	0	
3	6	768	0	6581	0	0	0	0	0	
4	6	1024	0	6897	0	0	0	0	0	
5	7	1280	0	7208	0	0	0	0	0	
6	7	1536	0	7532	0	0	0	0	0	
7	7	1792	0	7841	0	0	0	0	0	
8	8	2048	0	8154	0	0	0	0	0	
9	8	2304	0	8466	0	0	0	0	0	
10	8	2560	0	8787	0	0	0	0	0	
11	9	2816	0	9087	0	0	0	0	0	
12	9	3072	0	9451	0	0	0	0	0	
13	9	3328	0	9694	0	0	0	0	0	
14	10	3584	0	10051	0	0	0	0	0	
15	10	3840	0	10344	0	0	0	0	0	
16	10	4096	0	10644	0	0	0	0	0	
17	11	4352	0	11140	0	0	0	0	0	
18	11	4608	0	11276	0	0	0	0	0	
19	11	4864	0	11592	0	0	0	0	0	
20	11	5120	0	11917	0	0	0	0	0	
21	12	5376	0	12366	0	0	0	0	0	
22	12	5632	0	12538	0	0	0	0	0	
23	12	5888	0	12842	0	0	0	0	0	
24	13	6144	0	13140	0	0	0	0	0	
25	13	6400	0	13426	0	0	0	0	0	
26	13	6656	0	13865	0	0	0	0	0	
27	14	6912	0	14059	0	0	0	0	0	
28	14	7168	0	14368	0	0	0	0	0	
29	14	7424	0	14684	0	0	0	0	0	
30	14	7680	0	14976	0	0	0	0	0	
31	15	7936	0	15468	0	0	0	0	0	
32	15	8192	0	15697	0	0	0	0	0	
33	15	8448	0	15900	0	0	0	0	0	
34	16	8704	0	16200	0	0	0	0	0	
35	16	8960	0	16509	0	0	0	0	0	
36	17	9216	0	17255	0	0	0	0	0	
37	17	9472	0	17664	0	0	0	0	0	
38	18	9728	0	18517	0	0	0	0	0	
39	19	9984	0	19882	0	0	0	0	0	
40	20	10240	0	20999	0	0	0	0	0	
41	21	10496	0	21530	0	0	0	0	0	
42	21	10752	0	21628	0	0	0	0	0	
43	22	11008	0	22652	0	0	0	0	0	
44	22	11264	0	22357	0	0	0	0	0	
45	22	11520	0	22946	0	0	0	0	0	
46	23	11776	3	23550	0	0	0	0	0	
47	24	12032	0	24847	0	0	0	0	0	
48	23	12288	0	23433	0	0	0	0	0	
49	24	12544	0	24400	0	0	0	0	0	
50	23	12800	0	23967	0	0	0	0	0	
