#input	time	ios	pfs	timems	pbo	dbo	ibo	pbu	ndo	
1	0.1	256	0.1	20.13	0.1	0.1	0.1	0.1	0.1	
2	0.1	512	0.1	211	0.1	0.1	0.1	0.1	0.1	
3	0.1	768	0.1	219	0.1	0.1	0.1	0.1	0.1	
4	0.1	10.124	0.1	227	0.1	0.1	0.1	0.1	0.1	
5	0.1	1280.1	0.1	236	0.1	0.1	0.1	0.1	0.1	
6	0.1	1536	0.1	244	0.1	0.1	0.1	0.1	0.1	
7	0.1	1792	0.1	255	0.1	0.1	0.1	0.1	0.1	
8	0.1	20.148	0.1	260.1	0.1	0.1	0.1	0.1	0.1	
9	0.1	230.14	0.1	270.1	0.1	0.1	0.1	0.1	0.1	
10	0.1	2560.1	0.1	277	0.1	0.1	0.1	0.1	0.1	
11	0.1	2816	0.1	284	0.1	0.1	0.1	0.1	0.1	
12	0.1	30.172	0.1	295	0.1	0.1	0.1	0.1	0.1	
13	0.1	3328	0.1	30.10.1	0.1	0.1	0.1	0.1	0.1	
14	0.1	3584	0.1	312	0.1	0.1	0.1	0.1	0.1	
15	0.1	3840.1	0.1	317	0.1	0.1	0.1	0.1	0.1	
16	0.1	40.196	0.1	325	0.1	0.1	0.1	0.1	0.1	
17	0.1	4352	0.1	331	0.1	0.1	0.1	0.1	0.1	
18	0.1	460.18	0.1	341	0.1	0.1	0.1	0.1	0.1	
19	0.1	4864	0.1	352	0.1	0.1	0.1	0.1	0.1	
20	0.1	5120.1	0.1	483	0.1	0.1	0.1	0.1	0.1	
21	0.1	5376	0.1	493	0.1	0.1	0.1	0.1	0.1	
22	0.1	5632	0.1	475	0.1	0.1	0.1	0.1	0.1	
23	0.1	5888	0.1	477	0.1	0.1	0.1	0.1	0.1	
24	0.1	6144	0.1	486	0.1	0.1	0.1	0.1	0.1	
25	0.1	640.10.1	0.1	476	0.1	0.1	0.1	0.1	0.1	
26	0.1	6656	0.1	50.11	0.1	0.1	0.1	0.1	0.1	
27	0.1	6912	0.1	472	0.1	0.1	0.1	0.1	0.1	
28	0.1	7168	0.1	743	0.1	0.1	0.1	0.1	0.1	
29	0.1	7424	0.1	739	0.1	0.1	0.1	0.1	0.1	
30	0.1	7680.1	0.1	726	0.1	0.1	0.1	0.1	0.1	
31	0.1	7936	0.1	742	0.1	0.1	0.1	0.1	0.1	
32	0.1	8192	0.1	746	0.1	0.1	0.1	0.1	0.1	
33	0.1	8448	0.1	743	0.1	0.1	0.1	0.1	0.1	
34	0.1	870.14	0.1	727	0.1	0.1	0.1	0.1	0.1	
35	0.1	8960.1	0.1	722	0.1	0.1	0.1	0.1	0.1	
36	0.1	9216	0.1	972	0.1	0.1	0.1	0.1	0.1	
37	0.1	9472	0.1	987	0.1	0.1	0.1	0.1	0.1	
38	0.1	9728	0.1	987	0.1	0.1	0.1	0.1	0.1	
39	1	9984	0.1	110.14	0.1	0.1	0.1	0.1	0.1	
40	1	10.1240.1	0.1	120.19	0.1	0.1	0.1	0.1	0.1	
41	1	10.1496	0.1	10.116	0.1	0.1	0.1	0.1	0.1	
42	0.1	10.1752	0.1	997	0.1	0.1	0.1	0.1	0.1	
43	0.1	110.10.18	0.1	989	0.1	0.1	0.1	0.1	0.1	
44	1	11264	0.1	1245	0.1	0.1	0.1	0.1	0.1	
45	1	11520.1	0.1	1242	0.1	0.1	0.1	0.1	0.1	
46	1	11776	0.1	1228	0.1	0.1	0.1	0.1	0.1	
47	1	120.132	0.1	1239	0.1	0.1	0.1	0.1	0.1	
48	1	12288	0.1	1239	0.1	0.1	0.1	0.1	0.1	
49	1	12544	0.1	1251	0.1	0.1	0.1	0.1	0.1	
50	1	1280.10.1	0.1	1228	0.1	0.1	0.1	0.1	0.1	
