#input	time	ios	pfs	timems	pbo	dbo	ibo	pbu	ndo	ars	
1	0	98	0	84	0	0	0	0	0	0	
2	0	196	0	242	0	0	0	0	0	0	
3	0	294	0	407	0	0	0	0	0	0	
4	0	392	0	587	0	0	0	0	0	0	
5	0	490	0	777	0	0	0	0	0	0	
6	0	588	0	974	0	0	0	0	0	0	
7	1	686	0	1177	0	0	0	0	0	0	
8	1	784	0	1381	0	0	0	0	0	0	
9	1	882	0	1570	0	0	0	0	0	0	
10	1	980	0	1763	0	0	0	0	0	0	
11	1	1078	0	1966	0	0	0	0	0	0	
12	2	1176	0	2184	0	0	0	0	0	0	
13	2	1274	0	2388	0	0	0	0	0	0	
14	2	1372	0	2605	0	0	0	0	0	0	
15	2	1470	0	2838	0	0	0	0	0	0	
16	3	1568	0	3075	0	0	0	0	0	0	
17	3	1666	0	3317	0	0	0	0	0	0	
18	3	1764	0	3561	0	0	0	0	0	0	
19	3	1862	0	3809	0	0	0	0	0	0	
20	4	1960	0	4058	0	0	0	0	0	0	
21	4	2058	0	4309	0	0	0	0	0	0	
22	4	2156	0	4562	0	0	0	0	0	0	
23	4	2254	0	4820	0	0	0	0	0	0	
24	5	2352	0	5075	0	0	0	0	0	0	
25	5	2450	0	5337	0	0	0	0	0	0	
26	5	2548	0	5598	0	0	0	0	0	0	
27	5	2646	0	5862	0	0	0	0	0	0	
28	6	2744	0	6129	0	0	0	0	0	0	
29	6	2842	0	6395	0	0	0	0	0	0	
30	6	2941	0	6664	0	0	0	0	0	0	
31	6	3039	0	6933	0	0	0	0	0	0	
32	7	3137	0	7208	0	0	0	0	0	0	
33	7	3235	0	7483	0	0	0	0	0	0	
34	7	3333	0	7760	0	0	0	0	0	0	
35	8	3431	0	8028	0	0	0	0	0	0	
36	8	3529	0	8279	0	0	0	0	0	0	
37	8	3627	0	8531	0	0	0	0	0	0	
38	8	3725	0	8799	0	0	0	0	0	0	
39	9	3823	0	9064	0	0	0	0	0	0	
40	9	3921	0	9337	0	0	0	0	0	0	
41	9	4019	0	9616	0	0	0	0	0	0	
42	9	4117	0	9939	0	0	0	0	0	0	
43	10	4215	0	10230	0	0	0	0	0	0	
44	10	4313	0	10521	0	0	0	0	0	0	
45	10	4411	0	10813	0	0	0	0	0	0	
46	11	4509	0	11106	0	0	0	0	0	0	
47	11	4607	0	11402	0	0	0	0	0	0	
48	11	4705	0	11698	0	0	0	0	0	0	
49	11	4803	0	11993	0	0	0	0	0	0	
50	12	4901	0	12292	0	0	0	0	0	0	
51	12	4999	0	12590	0	0	0	0	0	0	
52	12	5097	0	12892	0	0	0	0	0	0	
53	13	5195	0	13194	0	0	0	0	0	0	
54	13	5293	0	13495	0	0	0	0	0	0	
55	13	5391	0	13799	0	0	0	0	0	0	
56	14	5489	0	14104	0	0	0	0	0	0	
57	14	5587	0	14409	0	0	0	0	0	0	
58	14	5685	0	14716	0	0	0	0	0	0	
59	15	5784	0	15026	0	0	0	0	0	0	
60	15	5882	0	15336	0	0	0	0	0	0	
61	15	5980	0	15645	0	0	0	0	0	0	
62	15	6078	0	15957	0	0	0	0	0	0	
63	16	6176	0	16268	0	0	0	0	0	0	
64	16	6274	0	16580	0	0	0	0	0	0	
65	16	6372	0	16894	0	0	0	0	0	0	
66	17	6470	0	17209	0	0	0	0	0	0	
67	17	6568	0	17524	0	0	0	0	0	0	
68	17	6666	0	17841	0	0	0	0	0	0	
69	18	6764	0	18159	0	0	0	0	0	0	
70	18	6862	0	18479	0	0	0	0	0	0	
71	18	6960	0	18798	0	0	0	0	0	0	
72	19	7058	0	19118	0	0	0	0	0	0	
73	19	7156	0	19440	0	0	0	0	0	0	
74	19	7254	0	19762	0	0	0	0	0	0	
75	20	7352	0	20084	0	0	0	0	0	0	
76	20	7450	0	20406	0	0	0	0	0	0	
77	20	7548	0	20725	0	0	0	0	0	0	
78	21	7646	0	21048	0	0	0	0	0	0	
79	21	7744	0	21375	0	0	0	0	0	0	
80	21	7842	0	21703	0	0	0	0	0	0	
81	22	7940	0	22028	0	0	0	0	0	0	
82	22	8038	0	22361	0	0	0	0	0	0	
83	22	8136	0	22690	0	0	0	0	0	0	
84	23	8234	0	23018	0	0	0	0	0	0	
85	23	8332	0	23348	0	0	0	0	0	0	
86	23	8430	0	23681	0	0	0	0	0	0	
87	24	8528	0	24012	0	0	0	0	0	0	
88	24	8627	0	24345	0	0	0	0	0	0	
89	24	8725	0	24679	0	0	0	0	0	0	
90	25	8823	0	25012	0	0	0	0	0	0	
91	25	8921	0	25349	0	0	0	0	0	0	
92	25	9019	0	25687	0	0	0	0	0	0	
93	26	9117	0	26024	0	0	0	0	0	0	
94	26	9215	0	26362	0	0	0	0	0	0	
95	26	9313	0	26701	0	0	0	0	0	0	
96	27	9411	0	27041	0	0	0	0	0	0	
97	27	9509	0	27380	0	0	0	0	0	0	
98	27	9607	0	27722	0	0	0	0	0	0	
99	28	9705	0	28064	0	0	0	0	0	0	
100	28	9803	0	28407	0	0	0	0	0	0	
101	28	9901	0	28749	0	0	0	0	0	0	
102	29	9999	0	29091	0	0	0	0	0	0	
103	29	10097	0	29433	0	0	0	0	0	0	
104	29	10195	0	29776	0	0	0	0	0	0	
105	30	10293	0	30120	0	0	0	0	0	0	
106	30	10391	0	30458	0	0	0	0	0	0	
107	30	10489	0	30803	0	0	0	0	0	0	
108	31	10587	0	31138	0	0	0	0	0	0	
109	31	10685	0	31483	0	0	0	0	0	0	
110	31	10783	0	31829	0	0	0	0	0	0	
111	32	10881	0	32171	0	0	0	0	0	0	
112	32	10979	0	32515	0	0	0	0	0	0	
113	32	11077	0	32863	0	0	0	0	0	0	
114	33	11175	0	33211	0	0	0	0	0	0	
115	33	11273	0	33560	0	0	0	0	0	0	
116	33	11371	0	33912	0	0	0	0	0	0	
117	34	11470	0	34271	0	0	0	0	0	0	
118	34	11568	0	34624	0	0	0	0	0	0	
119	34	11666	0	34976	0	0	0	0	0	0	
120	35	11764	0	35328	0	0	0	0	0	0	
121	35	11862	0	35680	0	0	0	0	0	0	
122	36	11960	0	36033	0	0	0	0	0	0	
123	36	12058	0	36387	0	0	0	0	0	0	
124	36	12156	0	36742	0	0	0	0	0	0	
125	37	12254	0	37096	0	0	0	0	0	0	
126	37	12352	0	37476	0	0	0	0	0	0	
127	37	12450	0	37830	0	0	0	0	0	0	
128	38	12548	0	38186	0	0	0	0	0	0	
129	38	12646	0	38514	0	0	0	0	0	0	
130	38	12744	0	38866	0	0	0	0	0	0	
131	39	12842	0	39222	0	0	0	0	0	0	
132	39	12940	0	39581	0	0	0	0	0	0	
133	39	13038	0	39939	0	0	0	0	0	0	
134	40	13136	0	40297	0	0	0	0	0	0	
135	40	13234	0	40655	0	0	0	0	0	0	
136	41	13332	0	41013	0	0	0	0	0	0	
137	41	13430	0	41373	0	0	0	0	0	0	
138	41	13528	0	41734	0	0	0	0	0	0	
139	42	13626	0	42093	0	0	0	0	0	0	
140	42	13724	0	42452	0	0	0	0	0	0	
141	42	13822	0	42808	0	0	0	0	0	0	
142	43	13920	0	43168	0	0	0	0	0	0	
143	43	14018	0	43529	0	0	0	0	0	0	
144	43	14116	0	43918	0	0	0	0	0	0	
145	44	14214	0	44279	0	0	0	0	0	0	
146	44	14313	0	44644	0	0	0	0	0	0	
147	45	14411	0	45006	0	0	0	0	0	0	
148	45	14509	0	45369	0	0	0	0	0	0	
149	45	14607	0	45732	0	0	0	0	0	0	
150	46	14705	0	46096	0	0	0	0	0	0	
151	46	14803	0	46461	0	0	0	0	0	0	
152	46	14901	0	46826	0	0	0	0	0	0	
153	47	14999	0	47190	0	0	0	0	0	0	
154	47	15097	0	47557	0	0	0	0	0	0	
155	47	15195	0	47923	0	0	0	0	0	0	
156	48	15293	0	48288	0	0	0	0	0	0	
157	48	15391	0	48655	0	0	0	0	0	0	
158	49	15489	0	49021	0	0	0	0	0	0	
159	49	15587	0	49390	0	0	0	0	0	0	
160	49	15685	0	49762	0	0	0	0	0	0	
161	50	15783	0	50130	0	0	0	0	0	0	
162	50	15881	0	50498	0	0	0	0	0	0	
163	50	15979	0	50867	0	0	0	0	0	0	
164	51	16077	0	51235	0	0	0	0	0	0	
165	51	16175	0	51605	0	0	0	0	0	0	
166	51	16273	0	51970	0	0	0	0	0	0	
167	52	16371	0	52323	0	0	0	0	0	0	
168	52	16469	0	52689	0	0	0	0	0	0	
169	53	16567	0	53058	0	0	0	0	0	0	
170	53	16665	0	53428	0	0	0	0	0	0	
171	53	16763	0	53799	0	0	0	0	0	0	
172	54	16861	0	54171	0	0	0	0	0	0	
173	54	16959	0	54543	0	0	0	0	0	0	
174	54	17057	0	54917	0	0	0	0	0	0	
175	55	17156	0	55289	0	0	0	0	0	0	
176	55	17254	0	55665	0	0	0	0	0	0	
177	56	17352	0	56042	0	0	0	0	0	0	
178	56	17450	0	56417	0	0	0	0	0	0	
179	56	17548	0	56790	0	0	0	0	0	0	
180	57	17646	0	57164	0	0	0	0	0	0	
181	57	17744	0	57538	0	0	0	0	0	0	
182	57	17842	0	57915	0	0	0	0	0	0	
183	58	17940	0	58259	0	0	0	0	0	0	
184	58	18038	0	58598	0	0	0	0	0	0	
185	58	18136	0	58936	0	0	0	0	0	0	
186	59	18234	0	59277	0	0	0	0	0	0	
187	59	18332	0	59620	0	0	0	0	0	0	
188	59	18430	0	59965	0	0	0	0	0	0	
189	60	18528	0	60303	0	0	0	0	0	0	
190	60	18626	0	60639	0	0	0	0	0	0	
191	60	18724	0	60979	0	0	0	0	0	0	
192	61	18822	0	61394	0	0	0	0	0	0	
193	61	18920	0	61773	0	0	0	0	0	0	
194	62	19018	0	62150	0	0	0	0	0	0	
195	62	19116	0	62549	0	0	0	0	0	0	
196	62	19214	0	62928	0	0	0	0	0	0	
197	63	19312	0	63306	0	0	0	0	0	0	
198	63	19410	0	63685	0	0	0	0	0	0	
199	64	19508	0	64064	0	0	0	0	0	0	
200	64	19606	0	64444	0	0	0	0	0	0	
201	64	19704	0	64824	0	0	0	0	0	0	
202	65	19802	0	65203	0	0	0	0	0	0	
203	65	19900	0	65585	0	0	0	0	0	0	
204	65	19999	0	65966	0	0	0	0	0	0	
205	66	20097	0	66345	0	0	0	0	0	0	
206	66	20195	0	66728	0	0	0	0	0	0	
207	67	20293	0	67108	0	0	0	0	0	0	
208	67	20391	0	67490	0	0	0	0	0	0	
209	67	20489	0	67873	0	0	0	0	0	0	
210	68	20587	0	68255	0	0	0	0	0	0	
211	68	20685	0	68638	0	0	0	0	0	0	
212	69	20783	0	69022	0	0	0	0	0	0	
213	69	20881	0	69405	0	0	0	0	0	0	
214	69	20979	0	69789	0	0	0	0	0	0	
215	70	21077	0	70151	0	0	0	0	0	0	
216	70	21175	0	70525	0	0	0	0	0	0	
217	70	21273	0	70900	0	0	0	0	0	0	
218	71	21371	0	71284	0	0	0	0	0	0	
219	71	21469	0	71661	0	0	0	0	0	0	
220	72	21567	0	72038	0	0	0	0	0	0	
221	72	21665	0	72408	0	0	0	0	0	0	
222	72	21763	0	72793	0	0	0	0	0	0	
223	73	21861	0	73179	0	0	0	0	0	0	
224	73	21959	0	73566	0	0	0	0	0	0	
225	73	22057	0	73952	0	0	0	0	0	0	
226	74	22155	0	74339	0	0	0	0	0	0	
227	74	22253	0	74726	0	0	0	0	0	0	
228	75	22351	0	75113	0	0	0	0	0	0	
229	75	22449	0	75500	0	0	0	0	0	0	
230	75	22547	0	75885	0	0	0	0	0	0	
231	76	22645	0	76273	0	0	0	0	0	0	
232	76	22743	0	76663	0	0	0	0	0	0	
233	77	22842	0	77049	0	0	0	0	0	0	
234	77	22940	0	77437	0	0	0	0	0	0	
235	77	23038	0	77826	0	0	0	0	0	0	
236	78	23136	0	78213	0	0	0	0	0	0	
237	78	23234	0	78602	0	0	0	0	0	0	
238	78	23332	0	78992	0	0	0	0	0	0	
239	79	23430	0	79381	0	0	0	0	0	0	
240	79	23528	0	79765	0	0	0	0	0	0	
241	80	23626	0	80149	0	0	0	0	0	0	
242	80	23724	0	80538	0	0	0	0	0	0	
243	80	23822	0	80927	0	0	0	0	0	0	
244	81	23920	0	81317	0	0	0	0	0	0	
245	81	24018	0	81709	0	0	0	0	0	0	
246	82	24116	0	82101	0	0	0	0	0	0	
247	82	24214	0	82493	0	0	0	0	0	0	
248	82	24312	0	82870	0	0	0	0	0	0	
249	83	24410	0	83242	0	0	0	0	0	0	
250	83	24508	0	83628	0	0	0	0	0	0	
251	83	24606	0	83995	0	0	0	0	0	0	
252	84	24704	0	84387	0	0	0	0	0	0	
253	84	24802	0	84780	0	0	0	0	0	0	
254	85	24900	0	85171	0	0	0	0	0	0	
255	85	24998	0	85562	0	0	0	0	0	0	
256	85	25096	0	85955	0	0	0	0	0	0	
257	86	25194	0	86346	0	0	0	0	0	0	
258	86	25292	0	86736	0	0	0	0	0	0	
259	87	25390	0	87127	0	0	0	0	0	0	
260	87	25488	0	87520	0	0	0	0	0	0	
261	87	25586	0	87910	0	0	0	0	0	0	
262	88	25685	0	88304	0	0	0	0	0	0	
263	88	25783	0	88695	0	0	0	0	0	0	
264	89	25881	0	89083	0	0	0	0	0	0	
265	89	25979	0	89474	0	0	0	0	0	0	
266	89	26077	0	89867	0	0	0	0	0	0	
267	90	26175	0	90259	0	0	0	0	0	0	
268	90	26273	0	90651	0	0	0	0	0	0	
269	91	26371	0	91034	0	0	0	0	0	0	
270	91	26469	0	91426	0	0	0	0	0	0	
271	91	26567	0	91820	0	0	0	0	0	0	
272	92	26665	0	92210	0	0	0	0	0	0	
273	92	26763	0	92606	0	0	0	0	0	0	
274	93	26861	0	93002	0	0	0	0	0	0	
275	93	26959	0	93392	0	0	0	0	0	0	
276	93	27057	0	93788	0	0	0	0	0	0	
277	94	27155	0	94185	0	0	0	0	0	0	
278	94	27253	0	94581	0	0	0	0	0	0	
279	94	27351	0	94980	0	0	0	0	0	0	
280	95	27449	0	95378	0	0	0	0	0	0	
281	95	27547	0	95778	0	0	0	0	0	0	
282	96	27645	0	96178	0	0	0	0	0	0	
283	96	27743	0	96579	0	0	0	0	0	0	
284	96	27841	0	96979	0	0	0	0	0	0	
285	97	27939	0	97379	0	0	0	0	0	0	
286	97	28037	0	97778	0	0	0	0	0	0	
287	98	28135	0	98179	0	0	0	0	0	0	
288	98	28233	0	98576	0	0	0	0	0	0	
289	98	28331	0	98973	0	0	0	0	0	0	
290	99	28429	0	99373	0	0	0	0	0	0	
291	99	28528	0	99773	0	0	0	0	0	0	
292	100	28626	0	100172	0	0	0	0	0	0	
293	100	28724	0	100573	0	0	0	0	0	0	
294	100	28822	0	100952	0	0	0	0	0	0	
295	101	28920	0	101339	0	0	0	0	0	0	
296	101	29018	0	101737	0	0	0	0	0	0	
297	102	29116	0	102131	0	0	0	0	0	0	
298	102	29214	0	102516	0	0	0	0	0	0	
299	102	29312	0	102901	0	0	0	0	0	0	
300	103	29410	0	103284	0	0	0	0	0	0	
301	103	29508	0	103684	0	0	0	0	0	0	
302	104	29606	0	104079	0	0	0	0	0	0	
303	104	29704	0	104472	0	0	0	0	0	0	
304	104	29802	0	104860	0	0	0	0	0	0	
305	105	29900	0	105246	0	0	0	0	0	0	
306	105	29998	0	105640	0	0	0	0	0	0	
307	106	30096	0	106035	0	0	0	0	0	0	
308	106	30194	0	106431	0	0	0	0	0	0	
309	106	30292	0	106824	0	0	0	0	0	0	
310	107	30390	0	107224	0	0	0	0	0	0	
311	107	30488	0	107621	0	0	0	0	0	0	
312	108	30586	0	108023	0	0	0	0	0	0	
313	108	30684	0	108420	0	0	0	0	0	0	
314	108	30782	0	108816	0	0	0	0	0	0	
315	109	30880	0	109211	0	0	0	0	0	0	
316	109	30978	0	109603	0	0	0	0	0	0	
317	109	31076	0	109993	0	0	0	0	0	0	
318	110	31174	0	110390	0	0	0	0	0	0	
319	110	31272	0	110788	0	0	0	0	0	0	
320	111	31371	0	111185	0	0	0	0	0	0	
321	111	31469	0	111588	0	0	0	0	0	0	
322	111	31567	0	111991	0	0	0	0	0	0	
323	112	31665	0	112383	0	0	0	0	0	0	
324	112	31763	0	112771	0	0	0	0	0	0	
325	113	31861	0	113166	0	0	0	0	0	0	
326	113	31959	0	113556	0	0	0	0	0	0	
327	113	32057	0	113958	0	0	0	0	0	0	
328	114	32155	0	114355	0	0	0	0	0	0	
329	114	32253	0	114756	0	0	0	0	0	0	
330	115	32351	0	115155	0	0	0	0	0	0	
331	115	32449	0	115563	0	0	0	0	0	0	
332	115	32547	0	115971	0	0	0	0	0	0	
333	116	32645	0	116379	0	0	0	0	0	0	
334	116	32743	0	116788	0	0	0	0	0	0	
335	117	32841	0	117196	0	0	0	0	0	0	
336	117	32939	0	117603	0	0	0	0	0	0	
337	118	33037	0	118010	0	0	0	0	0	0	
338	118	33135	0	118415	0	0	0	0	0	0	
339	118	33233	0	118822	0	0	0	0	0	0	
340	119	33331	0	119226	0	0	0	0	0	0	
341	119	33429	0	119627	0	0	0	0	0	0	
342	120	33527	0	120037	0	0	0	0	0	0	
343	120	33625	0	120448	0	0	0	0	0	0	
344	120	33723	0	120859	0	0	0	0	0	0	
345	121	33821	0	121263	0	0	0	0	0	0	
346	121	33919	0	121672	0	0	0	0	0	0	
347	122	34017	0	122083	0	0	0	0	0	0	
348	122	34115	0	122494	0	0	0	0	0	0	
349	122	34214	0	122906	0	0	0	0	0	0	
350	123	34312	0	123316	0	0	0	0	0	0	
351	123	34410	0	123731	0	0	0	0	0	0	
352	124	34508	0	124144	0	0	0	0	0	0	
353	124	34606	0	124557	0	0	0	0	0	0	
354	124	34704	0	124970	0	0	0	0	0	0	
355	125	34802	0	125381	0	0	0	0	0	0	
356	125	34900	0	125794	0	0	0	0	0	0	
357	126	34998	0	126201	0	0	0	0	0	0	
358	126	35096	0	126615	0	0	0	0	0	0	
359	127	35194	0	127028	0	0	0	0	0	0	
360	127	35292	0	127427	0	0	0	0	0	0	
361	127	35390	0	127823	0	0	0	0	0	0	
362	128	35488	0	128236	0	0	0	0	0	0	
363	128	35586	0	128650	0	0	0	0	0	0	
364	129	35684	0	129062	0	0	0	0	0	0	
365	129	35782	0	129477	0	0	0	0	0	0	
366	129	35880	0	129896	0	0	0	0	0	0	
367	130	35978	0	130314	0	0	0	0	0	0	
368	130	36076	0	130732	0	0	0	0	0	0	
369	131	36174	0	131150	0	0	0	0	0	0	
370	131	36272	0	131567	0	0	0	0	0	0	
371	131	36370	0	131980	0	0	0	0	0	0	
372	132	36468	0	132368	0	0	0	0	0	0	
373	132	36566	0	132778	0	0	0	0	0	0	
374	133	36664	0	133196	0	0	0	0	0	0	
375	133	36762	0	133614	0	0	0	0	0	0	
376	134	36860	0	134032	0	0	0	0	0	0	
377	134	36958	0	134450	0	0	0	0	0	0	
378	134	37057	0	134868	0	0	0	0	0	0	
379	135	37155	0	135285	0	0	0	0	0	0	
380	135	37253	0	135703	0	0	0	0	0	0	
381	136	37351	0	136114	0	0	0	0	0	0	
382	136	37449	0	136532	0	0	0	0	0	0	
383	136	37547	0	136953	0	0	0	0	0	0	
384	137	37645	0	137372	0	0	0	0	0	0	
385	137	37743	0	137794	0	0	0	0	0	0	
386	138	37841	0	138217	0	0	0	0	0	0	
387	138	37939	0	138639	0	0	0	0	0	0	
388	139	38037	0	139064	0	0	0	0	0	0	
389	139	38135	0	139507	0	0	0	0	0	0	
390	139	38233	0	139999	0	0	0	0	0	0	
391	140	38331	0	140419	0	0	0	0	0	0	
392	140	38429	0	140844	0	0	0	0	0	0	
393	141	38527	1	141271	0	0	0	0	0	0	
394	141	38625	1	141695	0	0	0	0	0	0	
395	142	38723	1	142114	0	0	0	0	0	0	
396	142	38821	1	142541	0	0	0	0	0	0	
397	142	38919	1	142968	0	0	0	0	0	0	
398	143	39017	1	143402	0	0	0	0	0	0	
399	143	39115	1	143821	0	0	0	0	0	0	
400	144	39213	1	144243	0	0	0	0	0	0	
401	144	39311	1	144677	0	0	0	0	0	0	
402	145	39409	1	145105	0	0	0	0	0	0	
403	145	39507	1	145536	0	0	0	0	0	0	
404	146	39605	914	146323	0	0	0	0	0	0	
405	147	39703	8223	147797	0	0	0	0	0	0	
406	149	39801	17503	149504	0	0	0	0	0	0	
407	151	39900	25385	151060	0	0	0	0	0	0	
408	152	39998	31331	152443	0	0	0	0	0	0	
409	153	40096	36675	153864	0	0	0	0	0	0	
410	155	40194	43254	155612	0	0	0	0	0	0	
411	157	40292	49832	157335	0	0	0	0	0	0	
412	159	40390	59665	159834	0	0	0	0	0	0	
413	162	40488	70918	162837	0	0	0	0	0	0	
414	164	40586	78634	164981	0	0	0	0	0	0	
415	166	40684	82182	166229	0	0	0	0	0	0	
416	167	40782	83756	167029	0	0	0	0	0	0	
417	167	40880	84634	167675	0	0	0	0	0	0	
418	168	40978	85170	168249	0	0	0	0	0	0	
419	168	41076	85459	168736	0	0	0	0	0	0	
420	169	41174	85704	169227	0	0	0	0	0	0	
421	169	41272	86575	169835	0	0	0	0	0	0	
422	170	41370	88298	170572	0	0	0	0	0	0	
423	171	41468	91404	171516	0	0	0	0	0	0	
424	172	41566	95322	172611	0	0	0	0	0	0	
425	173	41664	99601	173809	0	0	0	0	0	0	
426	175	41762	104167	175068	0	0	0	0	0	0	
427	176	41860	109142	176422	0	0	0	0	0	0	
428	177	41958	114285	177973	0	0	0	0	0	0	
429	179	42056	120141	179514	0	0	0	0	0	0	
430	181	42154	126850	181203	0	0	0	0	0	0	
431	183	42252	135040	183344	0	0	0	0	0	0	
432	185	42350	141989	185172	0	0	0	0	0	0	
433	186	42448	148818	186955	0	0	0	0	0	0	
434	188	42546	155041	188643	0	0	0	0	0	0	
435	190	42644	160930	190432	0	0	0	0	0	0	
436	192	42743	167112	192112	0	0	0	0	0	0	
437	193	42841	174319	193971	0	0	0	0	0	0	
438	195	42939	182305	195886	0	0	0	0	0	0	
439	198	43037	192199	198048	0	0	0	0	0	0	
440	200	43135	204471	200609	0	0	0	0	0	0	
441	203	43233	218481	203707	0	0	0	0	0	0	
442	206	43331	233320	206849	0	0	0	0	0	0	
443	210	43429	248795	210136	0	0	0	0	0	0	
444	213	43527	265041	213817	0	0	0	0	0	0	
445	217	43625	282287	217599	0	0	0	0	0	0	
446	221	43723	300816	221620	0	0	0	0	0	0	
447	225	43821	319643	225784	0	0	0	0	0	0	
448	229	43919	338672	229872	0	0	0	0	0	0	
449	234	44017	358554	234107	0	0	0	0	0	0	
450	238	44115	379254	238645	0	0	0	0	0	0	
451	243	44213	403823	243932	0	0	0	0	0	0	
452	249	44311	431070	249368	0	0	0	0	0	0	
453	255	44409	458571	255032	0	0	0	0	0	0	
454	260	44507	486382	260639	0	0	0	0	0	0	
455	266	44605	514571	266459	0	0	0	0	0	0	
456	272	44703	543454	272428	0	0	0	0	0	0	
457	278	44801	573175	278451	0	0	0	0	0	0	
458	284	44899	602983	284593	0	0	0	0	0	0	
459	290	44997	634428	290815	0	0	0	0	0	0	
460	298	45095	672681	298241	0	0	0	0	0	0	
461	306	45193	713936	306211	0	0	0	0	0	0	
462	314	45291	756812	314557	0	0	0	0	0	0	
463	322	45389	800084	322822	0	0	0	0	0	0	
464	331	45487	843639	331274	0	0	0	0	0	0	
465	339	45585	887643	339594	0	0	0	0	0	0	
466	348	45684	933218	348314	0	0	0	0	0	0	
467	357	45782	980532	357279	0	0	0	0	0	0	
468	367	45880	1029649	367050	0	0	0	0	0	0	
469	376	45978	1077703	376427	0	0	0	0	0	0	
470	385	46076	1124396	385480	0	0	0	0	0	0	
471	394	46174	1169862	394423	0	0	0	0	0	0	
472	402	46272	1214634	402993	0	0	0	0	0	0	
473	411	46370	1259396	411784	0	0	0	0	0	0	
474	420	46468	1305041	420649	0	0	0	0	0	0	
475	430	46566	1353170	430323	0	0	0	0	0	0	
476	440	46664	1406933	440558	0	0	0	0	0	0	
477	451	46762	1464750	451426	0	0	0	0	0	0	
478	462	46860	1523716	462762	0	0	0	0	0	0	
479	474	46958	1586804	474655	0	0	0	0	0	0	
480	487	47056	1652831	487492	0	0	0	0	0	0	
481	499	47154	1718855	499999	0	0	0	0	0	0	
482	512	47252	1782827	512120	0	0	0	0	0	0	
483	524	47350	1846313	524186	0	0	0	0	0	0	
484	536	47448	1909356	536100	0	0	0	0	0	0	
485	547	47546	1972265	547931	0	0	0	0	0	0	
486	559	47644	2034980	559862	0	0	0	0	0	0	
487	572	47742	2098457	572278	0	0	0	0	0	0	
488	598	47840	2227655	598324	0	0	0	0	0	0	
489	614	47938	2310634	614233	0	0	0	0	0	0	
490	631	48036	2399132	631461	0	0	0	0	0	0	
491	648	48134	2487561	648134	0	0	0	0	0	0	
492	665	48232	2575784	665084	0	0	0	0	0	0	
493	681	48330	2663259	681738	0	0	0	0	0	0	
494	697	48428	2749452	697997	0	0	0	0	0	0	
495	714	48527	2834257	714049	0	0	0	0	0	0	
496	730	48625	2919753	730543	0	0	0	0	0	0	
497	747	48723	3006092	747023	0	0	0	0	0	0	
498	763	48821	3092931	763637	0	0	0	0	0	0	
499	780	48919	3183295	780943	0	0	0	0	0	0	
500	799	49017	3280755	799329	0	0	0	0	0	0	
