#input	time	ios	pfs	timems	
64	0	4097	7	192	
128	0	8197	11	316	
192	0	12297	12	505	
256	0	16398	13	721	
320	2	20498	13	2354	
384	4	24598	13	4454	
448	5	28698	13	5019	
512	5	32799	13	5977	
576	6	36899	13	6148	
640	7	40999	13	7723	
704	8	45100	13	8261	
768	9	49200	13	9580	
832	10	53300	13	10550	
896	10	57400	14	10729	
960	12	61501	14	12197	
1024	12	65601	14	12438	
1088	13	69701	14	13969	
1152	14	73802	14	14610	
1216	16	77902	14	16204	
1280	16	82002	14	16537	
1344	18	86102	14	18140	
1408	18	90203	14	18418	
1472	20	94303	14	20193	
1536	20	98403	14	20709	
1600	22	102504	15	22202	
1664	22	106604	15	22442	
1728	24	110704	15	24250	
1792	24	114804	15	24501	
1856	26	118905	15	26361	
1920	27	123005	15	27022	
1984	29	127105	15	29741	
2048	30	131205	15	30332	
2112	31	135306	15	31014	
2176	31	139406	15	31252	
2240	32	143506	15	32762	
2304	33	147607	15	33445	
2368	35	151707	15	35355	
2432	36	155807	16	36792	
2496	36	159907	16	36957	
2560	37	164008	16	37266	
2624	38	168108	16	38459	
2688	40	172208	16	40685	
2752	41	176309	16	41143	
2816	43	180410	16	43042	
2880	43	184511	16	43203	
2944	43	188612	17	43494	
3008	45	192714	17	45322	
3072	45	196815	17	45868	
3136	48	200916	17	48204	
3200	48	205018	17	48837	
3264	48	209119	17	48987	
3328	51	213220	17	51245	
3392	51	217321	17	51796	
3456	53	221423	17	53740	
3520	53	225524	17	53868	
3584	54	229625	17	54006	
3648	55	233726	17	55372	
3712	55	237828	17	55966	
3776	58	241929	18	58727	
3840	59	246030	18	59312	
3904	59	250132	18	59491	
3968	59	254233	18	59731	
4032	61	258334	18	61484	
4096	62	262435	18	62015	
4160	64	266537	18	64477	
4224	65	270638	18	65037	
4288	65	274739	18	65746	
4352	65	278841	18	65982	
4416	67	282942	18	67422	
4480	67	287043	18	67897	
4544	70	291144	18	70153	
4608	71	295246	19	71282	
4672	71	299347	19	71432	
4736	71	303448	19	71675	
4800	73	307550	20	73581	
4864	74	311651	20	74506	
4928	76	315752	20	76380	
4992	76	319853	20	76864	
5056	77	323955	20	77045	
5120	78	328056	20	78636	
