#input	time	ios	pfs	timems	
64	0	344487	5	451	
128	0	360875	7	848	
192	1	377263	7	1260	
256	2	393652	7	2087	
320	2	410040	7	2571	
384	4	426428	7	4064	
448	4	442816	7	4890	
512	6	459205	7	6355	
576	7	475593	7	7622	
640	9	491981	7	9228	
704	9	508370	7	9617	
768	10	524758	7	10787	
832	11	541146	8	11173	
896	12	557534	8	12801	
960	13	573923	8	13877	
1024	15	590311	8	15205	
1088	16	606699	8	16122	
1152	16	623088	8	16968	
1216	17	639476	8	17757	
1280	18	655864	8	18501	
1344	20	672252	8	20684	
1408	21	688641	9	21153	
1472	22	705029	9	22009	
1536	22	721417	9	22411	
1600	24	737806	9	24275	
1664	25	754194	9	25983	
1728	26	770582	9	26819	
1792	27	786970	9	27423	
1856	29	803359	9	29208	
1920	31	819747	9	31076	
1984	31	836135	9	31886	
2048	32	852523	9	32473	
2112	33	868912	9	33562	
2176	35	885300	9	35117	
2240	36	901688	9	36021	
2304	36	918077	9	36478	
2368	40	934465	9	40422	
2432	40	950853	9	40811	
2496	41	967241	9	41217	
2560	42	983630	9	42455	
2624	42	1000018	9	42917	
2688	43	1016406	10	43751	
2752	45	1032795	10	45947	
2816	46	1049184	10	46882	
2880	47	1065573	10	47269	
2944	48	1081962	10	48100	
3008	49	1098352	10	49746	
3072	50	1114741	10	50458	
3136	52	1131130	10	52077	
3200	52	1147520	10	52869	
3264	53	1163909	10	53260	
3328	54	1180298	10	54922	
3392	57	1196687	10	57034	
3456	57	1213077	11	57423	
3520	57	1229466	11	57813	
3584	59	1245855	12	59176	
3648	59	1262244	12	59564	
3712	60	1278634	12	60529	
3776	62	1295023	12	62739	
3840	63	1311412	12	63200	
3904	63	1327802	12	63591	
3968	64	1344191	12	64637	
4032	67	1360580	12	67527	
4096	67	1376969	12	67913	
4160	68	1393359	12	68984	
4224	69	1409748	12	69375	
4288	70	1426137	12	70346	
4352	72	1442527	13	72977	
4416	73	1458916	13	73712	
4480	74	1475305	13	74103	
4544	74	1491694	13	74958	
4608	76	1508084	13	76191	
4672	77	1524473	13	77915	
4736	78	1540862	14	78301	
4800	79	1557252	14	79634	
4864	80	1573641	14	80021	
4928	80	1590030	14	80408	
4992	81	1606419	14	81254	
5056	83	1622809	14	83307	
5120	84	1639198	14	84441	
