#input	time	ios	pfs	timems	
64	0	284160	16386	215	
128	0	288260	32772	372	
192	0	292360	49156	517	
256	0	296461	65542	727	
320	2	300561	81926	2189	
384	3	304661	98310	3682	
448	3	308761	114694	3851	
512	4	312862	131078	4714	
576	6	316962	147462	6297	
640	7	321062	163846	7347	
704	8	325163	180230	8631	
768	9	329263	196614	9668	
832	9	333363	212998	9850	
896	11	337463	229382	11339	
960	12	341564	245766	12340	
1024	14	345664	262150	14727	
1088	15	349764	278534	15077	
1152	15	353865	294918	15238	
1216	16	357965	311302	16734	
1280	17	362065	327686	17268	
1344	18	366165	344070	18348	
1408	19	370266	360454	19526	
1472	20	374366	376838	20120	
1536	20	378466	393222	20754	
1600	22	382567	409607	22659	
1664	23	386667	425991	23230	
1728	25	390767	442375	25492	
1792	25	394867	458759	25637	
1856	26	398968	475143	26170	
1920	27	403068	491527	27329	
1984	28	407168	507911	28831	
2048	29	411268	524295	29837	
2112	31	415369	540679	31800	
2176	31	419469	557063	31944	
2240	32	423569	573447	32568	
2304	32	427670	589831	32772	
2368	34	431770	606215	34387	
2432	34	435871	622599	34986	
2496	37	439972	638983	37624	
2560	37	444074	655368	37767	
2624	38	448175	671752	38856	
2688	39	452276	688136	39005	
2752	40	456378	704520	40774	
2816	41	460479	720904	41251	
2880	43	464580	737288	43406	
2944	43	468681	753672	43553	
3008	44	472783	770056	44148	
3072	46	476884	786440	46144	
3136	46	480985	802824	46665	
3200	48	485087	819208	48553	
3264	48	489188	835592	48728	
3328	49	493289	851976	49848	
3392	50	497390	868360	50477	
3456	51	501492	884744	51984	
3520	52	505593	901128	52450	
3584	54	509694	917512	54400	
3648	54	513795	933896	54883	
3712	55	517897	950281	55159	
3776	56	521998	966666	56747	
3840	57	526099	983050	57309	
3904	59	530201	999434	59598	
3968	60	534302	1015818	60166	
4032	60	538403	1032202	60419	
4096	61	542504	1048587	61406	
4160	62	546606	1064971	62021	
4224	63	550707	1081355	63710	
4288	65	554808	1097739	65725	
4352	65	558910	1114123	65871	
4416	66	563011	1130507	66495	
4480	66	567112	1146891	66737	
4544	67	571213	1163275	67829	
4608	70	575315	1179659	70619	
4672	70	579416	1196043	70795	
4736	71	583517	1212428	71842	
4800	72	587619	1228812	72054	
4864	73	591720	1245196	73509	
4928	74	595821	1261580	74175	
4992	75	599922	1277964	75829	
5056	76	604024	1294348	76319	
5120	76	608125	1310732	76506	
