#input	time	ios	pfs	timems	pbo	dbo	ibo	pbu	ndo	ars	
1	5	98	0	5630	0	0	0	0	0	0	
2	12	196	0	12043	0	0	0	0	0	0	
3	19	294	0	19075	0	0	0	0	0	0	
4	26	392	0	26748	0	0	0	0	0	0	
5	34	490	0	34155	0	0	0	0	0	0	
6	42	588	0	42247	0	0	0	0	0	0	
7	50	686	0	50087	0	0	0	0	0	0	
8	57	784	0	57863	0	0	0	0	0	0	
9	66	882	0	66154	0	0	0	0	0	0	
10	73	980	0	73911	0	0	0	0	0	0	
11	81	1078	0	81827	0	0	0	0	0	0	
12	89	1176	0	89928	0	0	0	0	0	0	
13	99	1274	0	99382	0	0	0	0	0	0	
14	112	1372	0	112439	0	0	0	0	0	0	
15	130	1470	0	130508	0	0	0	0	0	0	
16	141	1568	0	141349	0	0	0	0	0	0	
17	153	1666	0	153047	0	0	0	0	0	0	
18	169	1764	0	169948	0	0	0	0	0	0	
19	180	1862	0	180695	0	0	0	0	0	0	
20	190	1960	0	190861	0	0	0	0	0	0	
21	202	2058	0	202788	0	0	0	0	0	0	
22	229	2156	0	229645	0	0	0	0	0	0	
23	254	2254	0	254178	0	0	0	0	0	0	
24	269	2352	0	269853	0	0	0	0	0	0	
25	278	2450	0	278622	0	0	0	0	0	0	
26	302	2548	0	302183	0	0	0	0	0	0	
27	322	2646	0	322163	0	0	0	0	0	0	
28	345	2744	0	345921	0	0	0	0	0	0	
29	362	2842	0	362540	0	0	0	0	0	0	
30	371	2941	0	371219	0	0	0	0	0	0	
31	387	3039	0	387184	0	0	0	0	0	0	
32	396	3137	0	396627	0	0	0	0	0	0	
33	410	3235	0	410518	0	0	0	0	0	0	
34	430	3333	0	430152	0	0	0	0	0	0	
35	448	3431	0	448702	0	0	0	0	0	0	
36	459	3529	0	459309	0	0	0	0	0	0	
37	480	3627	0	480480	0	0	0	0	0	0	
38	498	3725	0	498189	0	0	0	0	0	0	
39	525	3823	0	525686	0	0	0	0	0	0	
40	535	3921	0	535224	0	0	0	0	0	0	
41	557	4019	0	557735	0	0	0	0	0	0	
42	568	4117	0	568693	0	0	0	0	0	0	
43	611	4215	0	611817	0	0	0	0	0	0	
44	633	4313	0	633945	0	0	0	0	0	0	
45	657	4411	0	657392	0	0	0	0	0	0	
46	672	4509	0	672683	0	0	0	0	0	0	
47	701	4607	0	701711	0	0	0	0	0	0	
48	734	4705	0	734959	0	0	0	0	0	0	
49	744	4803	0	744200	0	0	0	0	0	0	
50	805	4901	0	805577	0	0	0	0	0	0	
51	818	4999	0	818389	0	0	0	0	0	0	
52	844	5097	0	844106	0	0	0	0	0	0	
53	896	5195	0	896854	0	0	0	0	0	0	
54	912	5293	0	912265	0	0	0	0	0	0	
55	958	5391	0	958692	0	0	0	0	0	0	
56	972	5489	0	972827	0	0	0	0	0	0	
57	1021	5587	0	1021434	0	0	0	0	0	0	
58	1072	5685	0	1072864	0	0	0	0	0	0	
59	1087	5784	0	1087251	0	0	0	0	0	0	
60	1119	5882	0	1119295	0	0	0	0	0	0	
61	1143	5980	0	1143294	0	0	0	0	0	0	
62	1180	6078	0	1180893	0	0	0	0	0	0	
63	1198	6176	0	1198914	0	0	0	0	0	0	
64	1231	6274	0	1231823	0	0	0	0	0	0	
65	1247	6372	0	1247946	0	0	0	0	0	0	
66	1280	6470	0	1280482	0	0	0	0	0	0	
67	1323	6568	0	1323069	0	0	0	0	0	0	
68	1332	6666	0	1332747	0	0	0	0	0	0	
69	1355	6764	0	1355493	0	0	0	0	0	0	
70	1388	6862	0	1388134	0	0	0	0	0	0	
71	1404	6960	0	1404962	0	0	0	0	0	0	
72	1414	7058	0	1414768	0	0	0	0	0	0	
73	1440	7156	0	1440277	0	0	0	0	0	0	
74	1457	7254	0	1457110	0	0	0	0	0	0	
75	1489	7352	0	1489425	0	0	0	0	0	0	
76	1512	7450	0	1512057	0	0	0	0	0	0	
77	1549	7548	0	1549290	0	0	0	0	0	0	
78	1574	7646	0	1574310	0	0	0	0	0	0	
79	1610	7744	0	1610486	0	0	0	0	0	0	
80	1638	7842	0	1638517	0	0	0	0	0	0	
81	1669	7940	0	1669363	0	0	0	0	0	0	
82	1705	8038	0	1705697	0	0	0	0	0	0	
83	1738	8136	0	1738396	0	0	0	0	0	0	
84	1770	8234	0	1770610	0	0	0	0	0	0	
85	1795	8332	0	1795977	0	0	0	0	0	0	
86	1870	8430	0	1870986	0	0	0	0	0	0	
87	1880	8528	0	1880197	0	0	0	0	0	0	
88	1925	8627	0	1925327	0	0	0	0	0	0	
89	1961	8725	0	1961504	0	0	0	0	0	0	
90	1971	8823	0	1971001	0	0	0	0	0	0	
91	1995	8921	0	1995530	0	0	0	0	0	0	
92	2027	9019	0	2027260	0	0	0	0	0	0	
93	2066	9117	0	2066508	0	0	0	0	0	0	
94	2078	9215	0	2078746	0	0	0	0	0	0	
95	2160	9313	0	2160333	0	0	0	0	0	0	
96	2190	9411	0	2190873	0	0	0	0	0	0	
97	2239	9509	0	2239129	0	0	0	0	0	0	
98	2266	9607	0	2266096	0	0	0	0	0	0	
99	2318	9705	0	2318264	0	0	0	0	0	0	
100	2352	9803	0	2352933	0	0	0	0	0	0	
101	2392	9901	0	2392708	0	0	0	0	0	0	
102	2403	9999	0	2403122	0	0	0	0	0	0	
103	2439	10097	0	2439847	0	0	0	0	0	0	
104	2480	10195	0	2480260	0	0	0	0	0	0	
105	2526	10293	0	2526045	0	0	0	0	0	0	
106	2566	10391	0	2566197	0	0	0	0	0	0	
107	2581	10489	0	2581986	0	0	0	0	0	0	
108	2647	10587	0	2647601	0	0	0	0	0	0	
109	2661	10685	0	2661007	0	0	0	0	0	0	
110	2674	10783	0	2674903	0	0	0	0	0	0	
111	2729	10881	0	2729203	0	0	0	0	0	0	
112	2764	10979	0	2764279	0	0	0	0	0	0	
113	2809	11077	0	2809478	0	0	0	0	0	0	
114	2854	11175	0	2854860	0	0	0	0	0	0	
115	2910	11273	0	2910961	0	0	0	0	0	0	
116	2961	11371	0	2961393	0	0	0	0	0	0	
117	3000	11470	0	3000881	0	0	0	0	0	0	
118	3012	11568	0	3012323	0	0	0	0	0	0	
119	3067	11666	0	3067408	0	0	0	0	0	0	
120	3101	11764	0	3101456	0	0	0	0	0	0	
121	3165	11862	0	3165554	0	0	0	0	0	0	
122	3179	11960	0	3179307	0	0	0	0	0	0	
123	3233	12058	0	3233245	0	0	0	0	0	0	
124	3275	12156	0	3275849	0	0	0	0	0	0	
125	3286	12254	0	3286404	0	0	0	0	0	0	
126	3351	12352	0	3351046	0	0	0	0	0	0	
127	3394	12450	0	3394106	0	0	0	0	0	0	
128	3445	12548	0	3445087	0	0	0	0	0	0	
129	3483	12646	0	3483141	0	0	0	0	0	0	
130	3498	12744	0	3498737	0	0	0	0	0	0	
131	3583	12842	0	3583406	0	0	0	0	0	0	
132	3609	12940	0	3609623	0	0	0	0	0	0	
133	3628	13038	0	3628326	0	0	0	0	0	0	
134	3669	13136	0	3669351	0	0	0	0	0	0	
135	3714	13234	0	3714704	0	0	0	0	0	0	
136	3770	13332	0	3770230	0	0	0	0	0	0	
137	3888	13430	0	3888927	0	0	0	0	0	0	
138	3924	13528	0	3924302	0	0	0	0	0	0	
139	3972	13626	0	3972747	0	0	0	0	0	0	
140	3998	13724	0	3998865	0	0	0	0	0	0	
141	4050	13822	0	4050062	0	0	0	0	0	0	
142	4096	13920	0	4096497	0	0	0	0	0	0	
143	4143	14018	0	4143322	0	0	0	0	0	0	
144	4217	14116	0	4217142	0	0	0	0	0	0	
145	4230	14214	0	4230798	0	0	0	0	0	0	
146	4293	14313	0	4293517	0	0	0	0	0	0	
147	4315	14411	0	4315208	0	0	0	0	0	0	
148	4327	14509	0	4327312	0	0	0	0	0	0	
149	4399	14607	0	4399906	0	0	0	0	0	0	
150	4477	14705	0	4477667	0	0	0	0	0	0	
151	4522	14803	0	4522645	0	0	0	0	0	0	
152	4604	14901	0	4604525	0	0	0	0	0	0	
