#input	time	ios	pfs	timems	pbo	dbo	ibo	pbu	ndo	
10	2	60	0	2062	0	0	0	0	0	
20	2	1046	0	2288	0	0	0	0	0	
30	3	1100	0	3215	0	0	0	0	0	
40	1079	2362	0	1079592	0	0	0	0	0	
50	2093	2758	0	2093800	1	0	1	3	3	
60	1820	3794	0	1820707	0	0	0	0	0	
70	2042	4197	0	2042384	1	0	1	3	3	
80	3046	5250	0	3046270	0	0	1	0	0	
90	3886	5724	0	3887029	1	0	2	3	3	
100	4189	6767	0	4189196	0	0	2	0	0	
110	5030	7217	0	5030385	1	0	2	3	3	
120	6461	8285	0	6461766	0	0	3	0	0	
130	12866	9317	0	12866354	1	0	4	8	6	
140	4840	10032	0	4840780	0	0	3	0	0	
150	5514	11063	0	5514272	1	0	4	8	6	
160	7743	11850	0	7744153	1	0	4	0	1	
170	4933	12864	0	4933437	1	0	4	8	6	
180	5919	13658	0	5919662	1	0	4	0	1	
190	6408	14674	0	6408528	1	0	4	8	6	
200	7022	15467	0	7022530	1	0	4	0	1	
