#input	time	ios	pfs	timems	pbo	dbo	ibo	pbu	ndo	
10	4	323	0	4639	0	0	0	0	0	
20	9	1622	0	9349	0	0	0	0	0	
30	12	2103	0	12606	0	0	0	0	0	
40	14	3403	0	14333	0	0	0	0	0	
50	15	3883	0	15997	0	0	0	0	0	
60	17	5183	0	17717	0	0	0	0	0	
70	19	5664	0	19389	0	0	0	0	0	
80	21	6963	0	21124	0	0	0	0	0	
90	22	7444	0	22870	0	0	0	0	0	
100	24	8744	0	24586	0	0	0	0	0	
110	26	9224	0	26336	0	0	0	0	0	
120	28	10524	0	28049	0	0	0	0	0	
130	29	11005	0	29732	0	0	0	0	0	
140	31	12304	0	31443	0	0	0	0	0	
150	33	12785	0	33274	0	0	0	0	0	
160	34	14085	0	34840	0	0	0	0	0	
170	36	14565	0	36584	0	0	0	0	0	
180	38	15865	0	38329	0	0	0	0	0	
190	40	16346	0	40064	0	0	0	0	0	
200	41	17645	0	41792	0	0	0	0	0	
210	43	18126	0	43492	0	0	0	0	0	
220	45	19426	0	45222	0	0	0	0	0	
230	47	19906	0	47058	0	0	0	0	0	
240	48	21206	0	48660	0	0	0	0	0	
250	50	21687	0	50719	0	0	0	0	0	
260	53	22986	0	53278	0	0	0	0	0	
270	54	23467	0	54739	0	0	0	0	0	
280	56	24767	0	56662	0	0	0	0	0	
290	59	25247	0	59116	0	0	0	0	0	
300	60	26547	0	60671	0	0	0	0	0	
310	62	27028	0	62964	0	0	0	0	0	
320	64	28327	0	65023	0	0	0	0	0	
330	69	28809	0	69195	0	0	0	0	0	
340	71	30107	0	71318	0	0	0	0	0	
350	73	30589	0	73438	0	0	0	0	0	
360	77	31888	0	77432	0	0	0	0	0	
370	81	32369	0	81431	0	0	0	0	0	
380	83	33668	0	83124	0	0	0	0	0	
390	86	34150	0	86240	0	0	0	0	0	
400	88	35448	0	88308	0	0	0	0	0	
410	94	35930	0	94845	0	0	0	0	0	
420	93	37229	0	93894	0	0	0	0	0	
430	94	37710	0	94867	0	0	0	0	0	
440	95	39009	0	95653	0	0	0	0	0	
450	99	39491	0	99152	0	0	0	0	0	
460	101	40789	0	101612	0	0	0	0	0	
470	106	41271	0	106231	0	0	0	0	0	
480	108	42570	0	108764	0	0	0	0	0	
490	107	43051	0	107439	0	0	0	0	0	
500	109	44350	0	109888	0	0	0	0	0	
510	110	44832	0	110901	0	0	0	0	0	
520	113	46130	0	113621	0	0	0	0	0	
530	115	46612	0	115518	0	0	0	0	0	
540	117	47911	0	117113	0	0	0	0	0	
550	119	48392	0	119243	0	0	0	0	0	
560	121	49691	0	121097	0	0	0	0	0	
570	123	50173	0	123157	0	0	0	0	0	
580	125	51471	0	125125	0	0	0	0	0	
590	127	51953	0	127223	0	0	0	0	0	
600	129	53252	0	129323	0	0	0	0	0	
610	131	53733	0	131855	0	0	0	0	0	
620	133	55032	0	133597	0	0	0	0	0	
630	135	55514	0	135814	0	0	0	0	0	
640	137	56812	0	137475	0	0	0	0	0	
650	139	57295	0	139175	0	0	0	0	0	
660	140	58592	0	140863	0	0	0	0	0	
670	144	59075	0	144471	0	0	0	0	0	
680	143	60373	0	143864	0	0	0	0	0	
690	145	60855	0	145342	0	0	0	0	0	
700	146	62153	0	146195	0	0	0	0	0	
710	148	62636	0	148596	0	0	0	0	0	
720	151	63933	0	151779	0	0	0	0	0	
730	154	64416	0	154989	0	0	0	0	0	
740	154	65714	0	154834	0	0	0	0	0	
750	156	66196	0	156522	0	0	0	0	0	
760	157	67494	0	157987	0	0	0	0	0	
770	159	67977	0	159919	0	0	0	0	0	
780	162	69274	0	162046	0	0	0	0	0	
790	164	69757	0	164034	0	0	0	0	0	
800	165	71055	0	165703	0	0	0	0	0	
810	167	71537	0	167737	0	0	0	0	0	
820	170	72835	0	170449	0	0	0	0	0	
830	170	73318	0	170964	0	0	0	0	0	
840	172	74615	0	172329	0	0	0	0	0	
850	174	75098	0	174300	0	0	0	0	0	
860	175	76396	0	175794	0	0	0	0	0	
870	179	76878	0	179881	0	0	0	0	0	
880	180	78176	0	180060	0	0	0	0	0	
890	182	78659	0	182013	0	0	0	0	0	
900	184	79956	0	184003	0	0	0	0	0	
910	185	80439	0	185954	0	0	0	0	0	
920	187	81737	0	187908	0	0	0	0	0	
930	191	82219	0	191824	0	0	0	0	0	
940	192	83517	0	192174	0	0	0	0	0	
950	193	84000	0	193910	0	0	0	0	0	
960	195	85297	0	195913	0	0	0	0	0	
970	197	85781	0	197564	0	0	0	0	0	
980	199	87077	0	199656	0	0	0	0	0	
990	201	87561	0	201558	0	0	0	0	0	
1000	203	88858	0	203765	0	0	0	0	0	
1010	205	89341	0	205628	0	0	0	0	0	
1020	207	90638	0	207192	0	0	0	0	0	
1030	209	91122	0	209121	0	0	0	0	0	
1040	212	92418	0	212674	0	0	0	0	0	
1050	213	92902	0	213344	0	0	0	0	0	
1060	215	94199	0	215328	0	0	0	0	0	
1070	217	94682	0	217223	0	0	0	0	0	
1080	219	95979	0	219037	0	0	0	0	0	
1090	221	96463	0	221065	0	0	0	0	0	
1100	224	97759	0	224874	0	0	0	0	0	
1110	225	98243	0	225132	0	0	0	0	0	
1120	226	99540	0	226875	0	0	0	0	0	
1130	229	100023	0	229216	0	0	0	0	0	
1140	231	101320	0	231144	0	0	0	0	0	
1150	233	101804	0	233082	0	0	0	0	0	
1160	235	103100	0	235816	0	0	0	0	0	
1170	237	103584	0	237273	0	0	0	0	0	
1180	239	104881	0	239248	0	0	0	0	0	
1190	241	105364	0	241130	0	0	0	0	0	
1200	243	106661	0	243044	0	0	0	0	0	
1210	245	107145	0	245173	0	0	0	0	0	
1220	247	108441	0	247340	0	0	0	0	0	
1230	249	108925	0	249201	0	0	0	0	0	
1240	252	110222	0	252317	0	0	0	0	0	
1250	253	110705	0	253112	0	0	0	0	0	
1260	255	112003	0	255177	0	0	0	0	0	
1270	257	112485	0	257266	0	0	0	0	0	
1280	259	113783	0	259646	0	0	0	0	0	
1290	260	114266	0	260956	0	0	0	0	0	
1300	263	115563	0	263280	0	0	0	0	0	
1310	265	116046	0	265123	0	0	0	0	0	
1320	267	117344	0	267076	0	0	0	0	0	
1330	269	117826	0	269124	0	0	0	0	0	
1340	270	119124	0	270995	0	0	0	0	0	
1350	273	119607	0	273040	0	0	0	0	0	
1360	275	120904	0	275143	0	0	0	0	0	
1370	277	121387	0	277358	0	0	0	0	0	
1380	280	122685	0	280666	0	0	0	0	0	
1390	289	123167	0	289307	0	0	0	0	0	
1400	283	124465	0	283592	0	0	0	0	0	
1410	385	124948	0	385977	0	0	0	0	0	
1420	285	126245	0	285788	0	0	0	0	0	
1430	287	126728	0	287973	0	0	0	0	0	
1440	289	128026	0	289517	0	0	0	0	0	
1450	291	128508	0	291641	0	0	0	0	0	
1460	293	129806	0	293511	0	0	0	0	0	
1470	295	130289	0	295313	0	0	0	0	0	
1480	297	131586	0	297265	0	0	0	0	0	
1490	300	132069	0	300900	0	0	0	0	0	
1500	301	133367	0	301286	0	0	0	0	0	
1510	302	133849	0	302189	0	0	0	0	0	
1520	304	135147	0	304049	0	0	0	0	0	
1530	307	135630	0	307093	0	0	0	0	0	
1540	309	136927	0	309467	0	0	0	0	0	
1550	311	137410	0	311296	0	0	0	0	0	
1560	313	138708	0	313147	0	0	0	0	0	
1570	314	139190	0	314936	0	0	0	0	0	
1580	317	140489	0	317370	0	0	0	0	0	
1590	318	140970	0	318878	0	0	0	0	0	
1600	321	142269	0	321280	0	0	0	0	0	
1610	323	142751	0	323224	0	0	0	0	0	
1620	324	144049	0	324898	0	0	0	0	0	
1630	326	144531	0	326554	0	0	0	0	0	
1640	328	145830	0	328429	0	0	0	0	0	
1650	330	146311	0	330399	0	0	0	0	0	
1660	332	147610	0	332136	0	0	0	0	0	
1670	334	148092	0	334123	0	0	0	0	0	
1680	336	149390	0	336007	0	0	0	0	0	
1690	338	149872	0	338288	0	0	0	0	0	
1700	339	151171	0	339761	0	0	0	0	0	
1710	342	151652	0	342651	0	0	0	0	0	
1720	343	152951	0	343315	0	0	0	0	0	
1730	345	153433	0	345251	0	0	0	0	0	
1740	347	154731	0	347154	0	0	0	0	0	
1750	349	155213	0	349211	0	0	0	0	0	
1760	351	156512	0	351167	0	0	0	0	0	
1770	353	156993	0	353270	0	0	0	0	0	
1780	355	158292	0	355827	0	0	0	0	0	
1790	356	158774	0	356897	0	0	0	0	0	
1800	358	160072	0	358669	0	0	0	0	0	
1810	361	160554	0	361883	0	0	0	0	0	
1820	362	161853	0	362246	0	0	0	0	0	
1830	364	162334	0	364298	0	0	0	0	0	
1840	366	163633	0	366072	0	0	0	0	0	
1850	368	164115	0	368049	0	0	0	0	0	
1860	369	165413	0	369706	0	0	0	0	0	
1870	372	165895	0	372260	0	0	0	0	0	
1880	373	167194	0	373491	0	0	0	0	0	
1890	375	167675	0	375427	0	0	0	0	0	
1900	377	168975	0	377302	0	0	0	0	0	
1910	380	169455	0	380888	0	0	0	0	0	
1920	380	170755	0	380919	0	0	0	0	0	
1930	383	171236	0	383113	0	0	0	0	0	
1940	385	172535	0	385208	0	0	0	0	0	
1950	387	173016	0	387323	0	0	0	0	0	
1960	389	174316	0	389843	0	0	0	0	0	
1970	390	174796	0	390951	0	0	0	0	0	
1980	393	176096	0	393073	0	0	0	0	0	
1990	395	176577	0	395141	0	0	0	0	0	
2000	397	177876	0	397458	0	0	0	0	0	
2010	397	178357	0	397212	0	0	0	0	0	
2020	398	179657	0	398526	0	0	0	0	0	
2030	400	180137	0	400251	0	0	0	0	0	
2040	403	181437	0	403336	0	0	0	0	0	
2050	404	181918	0	404421	0	0	0	0	0	
2060	406	183217	0	406406	0	0	0	0	0	
2070	408	183698	0	408274	0	0	0	0	0	
2080	410	184998	0	410470	0	0	0	0	0	
2090	413	185478	0	413219	0	0	0	0	0	
2100	414	186778	0	414462	0	0	0	0	0	
2110	416	187259	0	416688	0	0	0	0	0	
2120	418	188558	0	418603	0	0	0	0	0	
2130	420	189039	0	420337	0	0	0	0	0	
2140	422	190339	0	422417	0	0	0	0	0	
2150	424	190819	0	424350	0	0	0	0	0	
2160	426	192119	0	426433	0	0	0	0	0	
2170	429	192600	0	429605	0	0	0	0	0	
2180	431	193899	0	431076	0	0	0	0	0	
2190	432	194381	0	432419	0	0	0	0	0	
2200	434	195679	0	434383	0	0	0	0	0	
2210	436	196161	0	436652	0	0	0	0	0	
2220	438	197460	0	438291	0	0	0	0	0	
2230	440	197941	0	440405	0	0	0	0	0	
2240	442	199240	0	442454	0	0	0	0	0	
2250	444	199722	0	444880	0	0	0	0	0	
2260	446	201020	0	446893	0	0	0	0	0	
2270	448	201502	0	448045	0	0	0	0	0	
2280	450	202801	0	450417	0	0	0	0	0	
2290	452	203282	0	452381	0	0	0	0	0	
2300	454	204581	0	454255	0	0	0	0	0	
2310	456	205063	0	456218	0	0	0	0	0	
2320	458	206361	0	458748	0	0	0	0	0	
2330	461	206843	0	461093	0	0	0	0	0	
2340	462	208142	0	462135	0	0	0	0	0	
2350	464	208623	0	464029	0	0	0	0	0	
2360	466	209922	0	466313	0	0	0	0	0	
2370	468	210404	0	468097	0	0	0	0	0	
2380	469	211702	0	469962	0	0	0	0	0	
2390	472	212184	0	472897	0	0	0	0	0	
2400	474	213483	0	474651	0	0	0	0	0	
2410	513	213964	0	513025	0	0	0	0	0	
2420	475	215263	0	475743	0	0	0	0	0	
2430	478	215745	0	478028	0	0	0	0	0	
2440	479	217043	0	479757	0	0	0	0	0	
2450	481	217525	0	481605	0	0	0	0	0	
2460	483	218824	0	483869	0	0	0	0	0	
2470	485	219305	0	485716	0	0	0	0	0	
2480	487	220604	0	487788	0	0	0	0	0	
2490	489	221086	0	489207	0	0	0	0	0	
2500	490	222384	0	490903	0	0	0	0	0	
2510	492	222867	0	492868	0	0	0	0	0	
2520	494	224164	0	494586	0	0	0	0	0	
2530	496	224647	0	496884	0	0	0	0	0	
2540	498	225945	0	498546	0	0	0	0	0	
2550	501	226427	0	501082	0	0	0	0	0	
2560	502	227725	0	502169	0	0	0	0	0	
2570	503	228208	0	503994	0	0	0	0	0	
2580	505	229505	0	505923	0	0	0	0	0	
2590	507	229988	0	507613	0	0	0	0	0	
2600	509	231286	0	509837	0	0	0	0	0	
2610	511	231768	0	511627	0	0	0	0	0	
2620	514	233066	0	514978	0	0	0	0	0	
2630	515	233549	0	515124	0	0	0	0	0	
2640	517	234846	0	517269	0	0	0	0	0	
2650	519	235329	0	519750	0	0	0	0	0	
2660	520	236627	0	520986	0	0	0	0	0	
2670	522	237109	0	522827	0	0	0	0	0	
2680	524	238407	0	524710	0	0	0	0	0	
2690	527	238890	0	527350	0	0	0	0	0	
2700	529	240187	0	529337	0	0	0	0	0	
2710	531	240670	0	531997	0	0	0	0	0	
2720	533	241968	0	533463	0	0	0	0	0	
2730	535	242450	0	535311	0	0	0	0	0	
2740	537	243748	0	537404	0	0	0	0	0	
2750	539	244231	0	539618	0	0	0	0	0	
2760	541	245528	0	541160	0	0	0	0	0	
2770	542	246011	0	542404	0	0	0	0	0	
2780	544	247309	0	544834	0	0	0	0	0	
2790	546	247791	0	546326	0	0	0	0	0	
2800	548	249089	0	548057	0	0	0	0	0	
2810	550	249572	0	550435	0	0	0	0	0	
2820	552	250869	0	552594	0	0	0	0	0	
2830	553	251353	0	553897	0	0	0	0	0	
2840	555	252649	0	555844	0	0	0	0	0	
2850	557	253133	0	557887	0	0	0	0	0	
2860	559	254430	0	559539	0	0	0	0	0	
2870	561	254913	0	561986	0	0	0	0	0	
2880	564	256210	0	564050	0	0	0	0	0	
2890	565	256694	0	565233	0	0	0	0	0	
2900	566	257990	0	566870	0	0	0	0	0	
