#input	time	ios	pfs	timems	pbo	dbo	ibo	pbu	ndo	
10	0	323	0	235	0	0	0	0	0	
20	0	1622	0	286	0	0	0	0	0	
30	0	2103	0	411	0	0	0	0	0	
40	0	3403	0	494	0	0	0	0	0	
50	0	3883	0	591	0	0	0	0	0	
60	0	5183	0	684	0	0	0	0	0	
70	0	5664	0	781	0	0	0	0	0	
80	0	6963	0	871	0	0	0	0	0	
90	0	7444	0	975	0	0	0	0	0	
100	1	8744	0	1069	0	0	0	0	0	
110	1	9224	0	1294	0	0	0	0	0	
120	2665	10524	0	2665124	0	0	0	0	0	
130	1527	11005	0	1527898	0	0	0	0	0	
140	2464	12304	0	2464313	0	0	0	0	0	
150	4818	12785	0	4818396	0	0	0	0	0	
160	6735	14085	0	6735720	0	0	0	0	0	
170	8557	14565	0	8558000	0	0	0	0	0	
180	10223	15865	0	10223220	0	0	0	0	0	
190	11315	16346	0	11315270	0	0	0	0	0	
200	13326	17645	0	13326094	0	0	0	0	0	
210	14805	18126	0	14805404	0	0	0	0	0	
