#input	time	ios	pfs	timems	pbo	dbo	ibo	pbu	ndo	
10	2	323	0	2605	0	0	0	0	0	
20	5	1622	0	5378	0	0	0	0	0	
30	7	2103	0	7837	0	0	0	0	0	
40	8	3403	0	8570	0	0	0	0	0	
50	58	3883	0	58927	0	0	0	0	0	
60	97	5183	0	97426	0	0	0	0	0	
70	109	5664	0	109511	0	0	0	0	0	
80	111	6963	0	111573	0	0	0	0	0	
90	125	7444	0	125147	0	0	0	0	0	
100	123	8744	0	124003	0	0	0	0	0	
110	119	9224	0	119720	0	0	0	0	0	
120	128	10524	0	128427	0	0	0	0	0	
130	129	11005	0	129897	0	0	0	0	0	
140	121	12304	0	121507	0	0	0	0	0	
150	133	12785	0	133703	0	0	0	0	0	
