#input	time	ios	pfs	timems	pbo	dbo	ibo	pbu	ndo	ars	
25	7	2450	0	7116	0	0	0	0	0	0	
50	28	6464	0	28689	1	0	0	0	0	0	
75	44	8915	0	44374	665105	0	0	0	0	0	
100	152	37163	0	152911	935674	0	2	3	1	0	
125	184	51228	0	184246	935674	0	3	3	1	0	
150	380	108748	0	380904	935675	0	6	8	3	0	
175	391	111199	0	391016	935675	0	6	8	3	0	
200	429	133099	0	429257	935675	0	8	8	3	0	
225	453	142528	0	453939	935675	0	9	8	3	0	
250	869	287396	0	869960	935678	0	16	17	6	0	
275	877	289847	0	877970	935678	0	16	17	6	0	
300	925	323020	0	925659	935678	0	19	17	6	0	
325	946	333027	0	946237	935678	0	20	17	6	0	
350	970	348087	0	970980	935678	0	21	17	6	0	
375	1075	402482	0	1075355	935678	0	26	17	6	0	
400	1096	413354	0	1096677	935678	0	27	17	6	0	
425	1204	465760	0	1204416	935678	0	33	17	6	0	
450	1622	626473	6	1622642	935679	0	38	27	10	0	
475	1643	639928	6	1643489	935679	0	39	27	10	0	
500	1673	660438	6	1673361	935679	0	41	27	10	0	
525	1705	682282	6	1705391	935679	0	43	27	10	0	
550	1753	711233	6	1753238	935679	0	46	27	10	0	
575	1863	760671	7	1863520	935680	0	51	27	10	0	
600	1912	788090	16	1912264	935680	0	54	27	10	0	
625	2089	867978	17	2089123	935682	0	62	27	10	0	
650	2139	891301	17	2139912	935682	0	65	27	10	0	
675	2305	970121	17	2305061	935684	0	73	27	10	0	
700	2349	997830	17	2349613	935684	0	75	27	10	0	
725	2895	1215534	20	2895503	935685	0	82	40	15	0	
750	2903	1217985	20	2903149	935685	0	82	40	15	0	
775	2948	1250128	20	2948772	935685	0	85	40	15	0	
800	2967	1259456	20	2967726	935685	0	86	40	15	0	
825	3037	1309058	20	3037512	935685	0	91	40	15	0	
850	3163	1376033	20	3163214	935685	0	100	40	15	0	
875	3185	1391354	20	3185369	935685	0	101	40	15	0	
900	3294	1462280	20	3294555	935685	0	108	40	15	0	
925	3313	1470646	20	3313568	935685	0	109	40	15	0	
950	3442	1544282	20	3442236	935685	0	118	40	15	0	
975	3465	1560756	20	3465718	935685	0	119	40	15	0	
1000	3591	1632359	20	3591377	935685	0	126	40	15	0	
1025	3740	1687549	20	3740314	935686	0	133	41	16	0	
1050	3976	1782524	20	3976361	935688	0	143	41	16	0	
1075	4112	1838586	20	4112740	935689	0	150	42	17	0	
1100	4245	1910782	20	4245015	935689	0	157	42	17	0	
1125	4342	1953862	20	4342724	935689	0	162	42	17	0	
1150	4567	2046265	20	4567333	935693	0	172	42	17	0	
1175	5176	2291028	20	5176421	935694	0	179	56	23	0	
1200	5197	2304052	21	5197974	935694	0	180	56	23	0	
1225	5227	2323977	21	5227586	935694	0	182	56	23	0	
1250	5278	2362686	21	5278554	935694	0	186	56	23	0	
1275	5320	2392906	21	5320204	935694	0	189	56	23	0	
1300	5485	2452889	21	5485804	935695	0	197	57	24	0	
1325	5583	2521270	21	5583668	935695	0	204	57	24	0	
1350	5671	2571985	21	5671249	935695	0	210	57	24	0	
1375	5761	2630730	21	5761074	935695	0	217	57	24	0	
1400	5840	2671772	21	5840719	935695	0	223	57	24	0	
1425	5994	2736171	21	5994086	935697	0	230	57	24	0	
1450	6101	2798297	21	6101924	935697	0	236	57	24	0	
1475	6414	2944699	21	6414444	935700	0	249	59	26	0	
1500	6432	2953272	21	6432204	935700	0	250	59	26	0	
1525	6606	3050455	21	6606023	935700	0	262	59	26	0	
1550	6631	3066281	21	6631405	935700	0	263	59	26	0	
1575	7016	3233966	21	7016487	935703	0	277	62	28	0	
1600	7170	3323920	21	7170401	935703	0	288	62	28	0	
1625	7263	3370066	21	7263549	935703	0	294	62	28	0	
1650	7459	3474583	21	7459221	935703	0	305	62	28	0	
1675	7500	3501448	21	7500791	935703	0	307	62	28	0	
1700	7795	3644189	21	7795298	935704	0	320	64	30	0	
1725	7853	3680007	21	7853048	935704	0	324	64	30	0	
1750	7932	3724033	21	7932363	935704	0	330	64	30	0	
1775	8042	3782457	21	8042034	935704	0	336	64	30	0	
1800	8320	3912214	21	8320728	935705	0	350	65	31	0	
1825	8405	3954509	21	8405405	935705	0	355	65	31	0	
1850	8733	4089105	21	8733373	935710	0	369	66	32	0	
1875	8876	4165547	21	8876488	935710	0	379	66	32	0	
1900	8961	4216541	21	8961004	935710	0	384	66	32	0	
1925	9103	4302111	21	9103266	935710	0	393	66	32	0	
1950	9412	4427991	26	9412926	935711	0	400	70	35	0	
1975	10104	4716076	31	10104990	935712	0	408	87	42	0	
2000	10126	4729766	32	10126164	935712	0	409	87	42	0	
2025	10179	4766905	32	10179179	935712	0	413	87	42	0	
2050	10206	4785623	32	10206730	935712	0	415	87	42	0	
2075	10316	4864837	32	10316351	935712	0	424	87	42	0	
2100	10379	4901791	32	10379370	935712	0	429	87	42	0	
2125	10493	4969411	32	10493008	935712	0	437	87	42	0	
2150	10574	5025493	32	10574683	935712	0	444	87	42	0	
2175	10635	5068418	32	10635012	935712	0	448	87	42	0	
2200	10918	5188359	33	10918858	935715	0	464	88	43	0	
2225	10936	5197658	33	10936957	935715	0	465	88	43	0	
2250	11026	5264194	33	11026356	935715	0	471	88	43	0	
2275	11135	5328303	33	11135840	935715	0	478	88	43	0	
2300	11271	5412139	33	11271999	935715	0	488	88	43	0	
2325	11366	5471637	33	11366535	935715	0	495	88	43	0	
2350	11549	5584797	33	11549257	935715	0	508	88	43	0	
2375	11644	5640673	33	11644050	935715	0	515	88	43	0	
2400	11789	5719138	33	11789752	935717	0	523	88	43	0	
2425	11984	5830585	33	11984064	935717	0	536	88	43	0	
2450	12067	5887420	33	12067911	935717	0	542	88	43	0	
2475	12460	6075853	35	12460596	935718	0	556	92	46	0	
2500	12575	6141134	36	12575369	935718	0	563	92	46	0	
2525	12707	6228621	36	12707673	935718	0	571	92	46	0	
2550	12726	6236755	36	12726211	935718	0	572	92	46	0	
2575	12876	6327698	36	12876545	935718	0	583	92	46	0	
2600	12998	6404396	36	12998888	935718	0	590	92	46	0	
2625	13479	6618575	36	13479204	935723	0	606	97	50	0	
2650	13606	6699288	36	13606026	935723	0	616	97	50	0	
2675	13659	6729963	36	13659730	935723	0	620	97	50	0	
2700	13749	6790737	36	13749347	935723	0	626	97	50	0	
2725	13869	6858017	36	13869831	935723	0	633	97	50	0	
2750	14305	7031505	6621	14305386	935726	0	646	101	53	0	
2775	14629	7163507	6950	14629813	935729	0	655	106	55	0	
2800	14865	7264833	6950	14865755	935731	0	669	106	55	0	
2825	14980	7336658	6950	14980277	935731	0	675	106	55	0	
2850	15133	7429683	6950	15133704	935731	0	687	106	55	0	
2875	15152	7438931	6950	15152548	935731	0	688	106	55	0	
2900	15516	7600096	6950	15516681	935734	0	703	109	57	0	
2925	15681	7691167	6950	15681890	935734	0	715	109	57	0	
2950	15843	7774480	6950	15843241	935736	0	722	109	57	0	
2975	16020	7880035	6950	16020523	935736	0	734	109	57	0	
3000	16094	7921468	6950	16094299	935736	0	739	109	57	0	
3025	16210	7998610	6950	16210007	935736	0	747	109	57	0	
3050	16327	8065426	6950	16327825	935736	0	754	109	57	0	
3075	16526	8180676	6950	16526418	935736	0	766	109	57	0	
3100	16623	8230258	6950	16623772	935736	0	773	109	57	0	
3125	16816	8334182	6950	16816577	935736	0	786	109	57	0	
3150	17018	8454996	6950	17018047	935736	0	798	109	57	0	
3175	17093	8501475	6950	17093152	935736	0	803	109	57	0	
3200	17868	8849791	6950	17868916	935737	0	813	128	65	0	
3225	17876	8852241	6950	17876093	935737	0	813	128	65	0	
3250	17922	8883566	6950	17922260	935737	0	816	128	65	0	
3275	17941	8892857	6950	17941120	935737	0	817	128	65	0	
3300	18012	8946644	6950	18012096	935737	0	823	128	65	0	
3325	18048	8971512	6950	18048781	935737	0	826	128	65	0	
3350	18191	9062160	6950	18191731	935737	0	835	128	65	0	
3375	18260	9112420	6950	18260695	935737	0	840	128	65	0	
3400	18378	9170727	6950	18378455	935737	0	848	128	65	0	
3425	18543	9274694	6950	18543084	935737	0	860	128	65	0	
3450	18631	9327241	6950	18631603	935737	0	867	128	65	0	
3475	18833	9441767	6950	18833059	935737	0	880	128	65	0	
3500	18931	9499758	6950	18931830	935737	0	887	128	65	0	
3525	19173	9616283	6950	19173945	935738	0	898	130	67	0	
3550	19196	9630317	6950	19196944	935738	0	899	130	67	0	
3575	19408	9751126	6950	19408912	935738	0	912	130	67	0	
3600	19628	9877340	6950	19628845	935738	0	927	130	67	0	
3625	19725	9936041	6950	19725183	935738	0	934	130	67	0	
3650	20027	10080318	6950	20027523	935739	0	950	131	68	0	
3675	20113	10136619	6950	20113685	935739	0	956	131	68	0	
3700	20235	10213118	6950	20235453	935739	0	964	131	68	0	
3725	20376	10274178	6950	20376562	935739	0	972	131	68	0	
3750	20813	10487663	6950	20813050	935740	0	989	135	71	0	
3775	20959	10561941	6951	20959077	935740	0	997	135	71	0	
3800	21180	10686644	6951	21180150	935740	0	1011	135	71	0	
3825	21297	10760042	6951	21297838	935740	0	1020	135	71	0	
3850	21510	10840968	6951	21510693	935741	0	1029	136	72	0	
3875	21968	11065669	6951	21968378	935742	0	1044	143	76	0	
3900	22069	11124048	6951	22069371	935742	0	1051	143	76	0	
3925	22214	11208918	6951	22214998	935742	0	1060	143	76	0	
3950	22276	11243475	6951	22276076	935742	0	1065	143	76	0	
3975	22541	11394833	6951	22541028	935742	0	1081	143	76	0	
4000	22564	11409918	6951	22564477	935742	0	1082	143	76	0	
4025	22811	11550328	6951	22811576	935742	0	1097	143	76	0	
4050	22999	11625849	6951	22999972	935743	0	1107	144	77	0	
4075	23140	11722634	6951	23140946	935743	0	1118	144	77	0	
4100	23438	11867472	6951	23438246	935744	0	1136	145	78	0	
4125	23524	11924953	6951	23524803	935744	0	1142	145	78	0	
4150	23880	12090686	6952	23880789	935747	0	1153	152	81	0	
4175	24312	12293098	6956	24312988	935750	0	1163	159	86	0	
4200	24500	12414569	6957	24500941	935750	0	1177	159	86	0	
4225	24608	12480683	6957	24608270	935750	0	1184	159	86	0	
4250	24739	12563940	6957	24739208	935750	0	1194	159	86	0	
4275	24883	12633892	6957	24883108	935752	0	1202	159	86	0	
4300	24916	12654694	6957	24916950	935752	0	1204	159	86	0	
4325	25105	12781507	6957	25105046	935752	0	1217	159	86	0	
4350	25230	12863785	6957	25230237	935752	0	1225	159	86	0	
4375	25366	12952619	6957	25366617	935752	0	1235	159	86	0	
4400	25442	13000333	6957	25442299	935752	0	1241	159	86	0	
4425	25705	13126390	6957	25705050	935753	0	1255	160	87	0	
4450	25816	13196526	6957	25816385	935753	0	1263	160	87	0	
4475	25958	13294488	6957	25958205	935753	0	1274	160	87	0	
4500	26244	13403115	6957	26244411	935756	0	1284	163	89	0	
4525	26326	13463937	6957	26326231	935756	0	1290	163	89	0	
4550	26532	13586837	6957	26532956	935756	0	1303	163	89	0	
4575	26656	13661279	6957	26656852	935756	0	1311	163	89	0	
4600	26950	13818938	6957	26950158	935757	0	1328	164	90	0	
4625	27037	13867808	6957	27037957	935757	0	1335	164	90	0	
4650	27704	14176203	6963	27704070	935759	0	1354	176	95	0	
4675	27815	14248430	6964	27815552	935759	0	1361	176	95	0	
4700	27958	14330952	6964	27958506	935759	0	1370	176	95	0	
4725	28013	14364543	6964	28013420	935759	0	1374	176	95	0	
4750	28225	14490985	6964	28225200	935759	0	1388	176	95	0	
4775	28649	14693873	7635	28649330	935762	0	1402	181	99	0	
4800	28805	14772087	7636	28805741	935764	0	1410	181	99	0	
4825	28981	14875244	7636	28981249	935764	0	1422	181	99	0	
4850	29068	14927517	7636	29068165	935764	0	1429	181	99	0	
4875	29275	15050641	7636	29275926	935764	0	1443	181	99	0	
4900	29557	15196873	7636	29557519	935765	0	1453	185	103	0	
4925	29716	15298212	7636	29716100	935765	0	1464	185	103	0	
4950	29804	15352879	7636	29804034	935765	0	1470	185	103	0	
4975	30005	15479442	7636	30005479	935765	0	1483	185	103	0	
5000	30137	15565527	7636	30137257	935765	0	1493	185	103	0	
5025	30212	15615254	7636	30212715	935765	0	1498	185	103	0	
5050	30537	15770390	7637	30537673	935767	0	1518	187	105	0	
5075	30556	15780708	7637	30556308	935767	0	1519	187	105	0	
5100	30696	15871674	7637	30696640	935767	0	1530	187	105	0	
5125	30778	15928709	7637	30778046	935767	0	1535	187	105	0	
