#input	time	ios	pfs	timems	
64	1	4097	3	1145	
128	2	8197	5	2322	
192	3	12297	5	3490	
256	4	16398	5	4617	
320	5	20498	5	5787	
384	6	24598	5	6958	
448	8	28698	5	8126	
512	9	32799	5	9294	
576	10	36899	5	10479	
640	11	40999	6	11667	
704	12	45100	7	12936	
768	14	49200	7	14121	
832	15	53300	7	15310	
896	16	57400	7	16495	
960	17	61501	7	17775	
1024	18	65601	7	18960	
1088	20	69701	7	20145	
1152	21	73802	7	21331	
1216	22	77902	7	22516	
1280	23	82002	7	23702	
1344	24	86102	7	24973	
1408	26	90203	7	26159	
1472	27	94303	7	27344	
1536	28	98403	8	28532	
1600	29	102504	8	29801	
1664	30	106604	8	30986	
1728	32	110704	8	32174	
1792	33	114804	8	33360	
1856	34	118905	8	34545	
1920	35	123005	8	35858	
1984	37	127105	8	37043	
2048	38	131205	8	38229	
2112	39	135306	8	39417	
2176	40	139406	8	40603	
2240	41	143506	8	41879	
2304	43	147607	8	43072	
2368	44	151707	8	44258	
2432	45	155807	8	45620	
2496	46	159907	8	46805	
2560	48	164008	9	48075	
2624	49	168108	9	49262	
2688	50	172208	9	50448	
2752	51	176309	9	51633	
2816	52	180409	9	52822	
2880	54	184510	9	54090	
2944	55	188611	9	55275	
3008	56	192713	9	56461	
3072	57	196814	9	57646	
3136	58	200915	9	58835	
3200	60	205017	9	60112	
3264	61	209118	9	61297	
3328	62	213219	9	62485	
3392	63	217320	9	63677	
3456	64	221422	9	64862	
3520	66	225523	9	66132	
3584	67	229624	9	67318	
3648	68	233725	10	68507	
3712	69	237827	10	69692	
3776	70	241928	10	70880	
3840	72	246029	10	72157	
3904	73	250131	10	73344	
3968	74	254232	10	74530	
4032	75	258333	10	75715	
4096	76	262434	10	76901	
4160	78	266536	10	78245	
4224	79	270637	10	79442	
4288	80	274738	10	80627	
4352	81	278840	10	81812	
4416	83	282941	10	83000	
4480	84	287042	10	84269	
4544	85	291143	10	85471	
4608	86	295245	10	86659	
4672	87	299346	10	87845	
4736	89	303447	10	89030	
4800	90	307549	10	90299	
4864	91	311650	10	91484	
4928	92	315751	11	92669	
4992	93	319852	11	93858	
5056	95	323954	11	95043	
5120	96	328055	11	96315	
