#input	time	ios	pfs	timems	
64	1	344485	3	1939	
128	3	360873	6	3932	
192	5	377261	6	5861	
256	7	393650	6	7734	
320	9	410038	6	9607	
384	11	426426	6	11599	
448	13	442814	6	13642	
512	15	459203	6	15729	
576	17	475591	6	17686	
640	19	491979	6	19573	
704	21	508368	7	21461	
768	23	524756	7	23427	
832	25	541144	8	25315	
896	27	557532	8	27204	
960	29	573921	8	29093	
1024	31	590309	8	31248	
1088	33	606697	8	33135	
1152	35	623086	8	35023	
1216	37	639474	8	37008	
1280	38	655862	8	38895	
1344	40	672250	8	40963	
1408	42	688639	8	42853	
1472	44	705027	8	44742	
1536	46	721415	8	46693	
1600	48	737804	8	48582	
1664	50	754192	8	50472	
1728	52	770580	8	52439	
1792	54	786968	8	54328	
1856	56	803357	8	56254	
1920	58	819745	8	58200	
1984	60	836133	8	60116	
2048	62	852521	8	62005	
2112	63	868910	8	63895	
2176	65	885298	9	65864	
2240	67	901686	9	67755	
2304	69	918075	9	69807	
2368	71	934463	9	71696	
2432	73	950851	9	73585	
2496	75	967239	9	75557	
2560	77	983628	9	77498	
2624	79	1000016	9	79388	
2688	81	1016404	9	81364	
2752	83	1032793	9	83254	
2816	85	1049182	10	85145	
2880	87	1065571	10	87035	
2944	89	1081960	10	89004	
3008	90	1098350	10	90895	
3072	92	1114739	10	92895	
3136	94	1131128	10	94787	
3200	96	1147518	10	96678	
3264	98	1163907	10	98642	
3328	100	1180296	10	100534	
3392	102	1196685	10	102456	
3456	104	1213075	10	104419	
3520	106	1229464	10	106312	
3584	108	1245853	10	108203	
3648	110	1262242	10	110110	
3712	112	1278632	10	112057	
3776	113	1295021	10	113982	
3840	115	1311410	10	115874	
3904	117	1327800	10	117825	
3968	119	1344189	10	119718	
4032	121	1360578	10	121673	
4096	123	1376967	10	123565	
4160	125	1393357	10	125457	
4224	127	1409746	10	127414	
4288	129	1426135	10	129306	
4352	131	1442525	10	131199	
4416	133	1458914	10	133093	
4480	135	1475303	10	135071	
4544	136	1491692	10	136964	
4608	138	1508082	11	138856	
4672	140	1524471	11	140834	
4736	142	1540860	11	142725	
4800	144	1557250	11	144728	
4864	146	1573639	11	146621	
4928	148	1590028	11	148512	
4992	150	1606417	11	150469	
5056	152	1622807	11	152362	
5120	154	1639196	11	154254	
