#input	time	ios	pfs	timems	
64	1	240063	2	1134	
128	2	240067	4	2319	
192	3	240071	4	3446	
256	4	240076	4	4573	
320	5	240080	4	5699	
384	6	240084	4	6913	
448	8	240088	4	8215	
512	9	240093	4	9383	
576	10	240097	4	10569	
640	11	240101	4	11857	
704	13	240106	6	13042	
768	14	240110	6	14227	
832	15	240114	6	15416	
896	16	240118	6	16601	
960	17	240123	6	17978	
1024	19	240127	6	19166	
1088	20	240131	6	20360	
1152	21	240136	6	21546	
1216	22	240140	6	22798	
1280	24	240144	6	24167	
1344	25	240148	6	25355	
1408	26	240153	6	26540	
1472	27	240157	6	27726	
1536	28	240161	6	28913	
1600	30	240166	6	30183	
1664	31	240170	6	31368	
1728	32	240174	6	32556	
1792	33	240178	6	33758	
1856	34	240183	6	34943	
1920	36	240187	6	36223	
1984	37	240191	6	37408	
2048	38	240195	6	38594	
2112	39	240200	6	39782	
2176	40	240204	6	40967	
2240	42	240208	6	42269	
2304	43	240213	6	43462	
2368	44	240217	6	44647	
2432	45	240221	6	45835	
2496	47	240225	6	47020	
2560	48	240230	6	48281	
2624	49	240234	6	49469	
2688	50	240238	7	50712	
2752	51	240243	7	51898	
2816	53	240248	8	53111	
2880	54	240253	8	54380	
2944	55	240258	8	55565	
3008	56	240264	8	56751	
3072	57	240269	8	57936	
3136	59	240274	8	59124	
3200	60	240280	8	60402	
3264	61	240285	8	61586	
3328	62	240290	8	62775	
3392	63	240295	8	63967	
3456	65	240301	8	65152	
3520	66	240306	8	66422	
3584	67	240311	8	67608	
3648	68	240316	8	68905	
3712	70	240322	8	70090	
3776	71	240327	8	71277	
3840	72	240332	8	72547	
3904	73	240338	8	73735	
3968	74	240343	8	74920	
4032	76	240348	8	76105	
4096	77	240353	8	77291	
4160	78	240359	8	78568	
4224	79	240364	8	79753	
4288	80	240369	8	80942	
4352	82	240375	8	82127	
4416	83	240380	8	83315	
4480	84	240385	8	84600	
4544	85	240390	8	85786	
4608	86	240396	8	86982	
4672	88	240401	8	88167	
4736	89	240406	8	89353	
4800	90	240412	8	90614	
4864	91	240417	9	91799	
4928	92	240422	9	92984	
4992	94	240427	9	94173	
5056	95	240433	9	95358	
5120	96	240438	9	96629	
