#input	time	ios	pfs	timems	pbo	dbo	ibo	pbu	ndo	ars	
1	29	9380	3	29657	0	0	4	0	0	0	
2	37	15079	0	37758	0	0	3	0	0	0	
3	38	14467	0	38058	1	0	2	0	0	0	
4	17	11723	0	17679	0	0	0	0	0	0	
5	17	11755	0	17785	0	0	0	0	0	0	
6	17	11786	0	17776	0	0	0	0	0	0	
7	79	28018	0	79186	1	0	1	3	2	0	
8	31	16798	0	31582	0	0	0	0	0	0	
9	26	16845	0	26557	0	0	0	0	0	0	
10	25	16921	0	25894	0	0	0	0	0	0	
11	24	16953	0	24986	0	0	0	0	0	0	
12	25	16985	0	25207	0	0	0	0	0	0	
13	33	21406	0	33879	0	0	0	0	0	0	
14	47	28051	0	47593	0	0	2	0	0	0	
15	38	23146	0	38682	0	0	0	0	0	0	
16	39	23178	0	39793	0	0	0	0	0	0	
17	39	23210	0	39661	0	0	0	0	0	0	
18	39	23242	0	39892	0	0	0	0	0	0	
19	44	26449	0	44300	0	0	1	0	0	0	
20	42	25588	0	42449	0	0	0	0	0	0	
21	43	25620	0	43468	0	0	0	0	0	0	
22	44	25652	0	44228	0	0	0	0	0	0	
23	43	25745	0	43459	0	0	0	0	0	0	
24	44	25777	0	44444	0	0	0	0	0	0	
25	55	27598	0	55155	1	0	1	0	0	0	
26	45	26945	0	45811	0	0	0	0	0	0	
27	44	26977	0	44672	0	0	0	0	0	0	
28	61	32011	0	61700	0	0	5	0	0	0	
29	50	28357	0	50235	0	0	0	0	0	0	
30	58	31307	0	58578	0	0	3	0	0	0	
31	53	29355	0	53679	0	0	0	0	0	0	
32	52	29387	0	52414	0	0	0	0	0	0	
33	52	29419	0	52366	0	0	0	0	0	0	
34	53	29451	0	53208	0	0	0	0	0	0	
35	53	29483	0	53704	0	0	0	0	0	0	
36	54	29515	0	54262	0	0	0	0	0	0	
37	59	31231	0	59237	0	0	2	0	0	0	
38	55	30386	0	55764	0	0	0	0	0	0	
39	57	30417	0	57732	0	0	0	0	0	0	
40	56	30449	0	56522	0	0	0	0	0	0	
41	57	30541	0	57726	0	0	0	0	0	0	
42	56	30573	0	56930	0	0	0	0	0	0	
43	66	32145	0	66512	1	0	1	0	0	0	
44	60	31013	0	60039	0	0	0	0	0	0	
45	60	31045	0	60118	0	0	0	0	0	0	
46	59	31077	0	59277	0	0	0	0	0	0	
47	57	31109	0	57823	0	0	0	0	0	0	
48	57	31141	0	57995	0	0	0	0	0	0	
49	63	32244	0	63977	0	0	1	0	0	0	
50	63	31572	0	63627	0	0	0	0	0	0	
