#input	time	ios	pfs	timems	pbo	dbo	ibo	pbu	ndo	ars	
0	0	0	0	0	0	0	0	0	0	0	
1	216	98	0	216443	0	0	0	0	0	0	
2	215	98	0	215250	0	0	0	0	0	0	
3	218	98	0	218306	0	0	0	0	0	0	
4	219	98	0	219441	0	0	0	0	0	0	
5	228	98	0	228145	0	0	0	0	0	0	
6	222	98	0	222924	0	0	0	0	0	0	
7	232	98	0	232190	0	0	0	0	0	0	
8	223	98	0	223169	0	0	0	0	0	0	
9	226	98	0	226987	0	0	0	0	0	0	
10	232	98	0	232479	0	0	0	0	0	0	
11	224	98	0	224726	0	0	0	0	0	0	
12	218	98	0	218368	0	0	0	0	0	0	
13	218	98	0	218501	0	0	0	0	0	0	
14	218	98	0	218539	0	0	0	0	0	0	
15	218	98	0	218536	0	0	0	0	0	0	
16	218	98	0	218648	0	0	0	0	0	0	
17	218	98	0	218603	0	0	0	0	0	0	
18	219	98	0	219725	0	0	0	0	0	0	
19	218	98	0	218688	0	0	0	0	0	0	
20	218	99	0	218812	0	0	0	0	0	0	
21	218	98	0	218872	0	0	0	0	0	0	
22	218	98	0	218594	0	0	0	0	0	0	
23	218	98	0	218710	0	0	0	0	0	0	
24	218	98	0	218931	0	0	0	0	0	0	
25	218	98	0	218759	0	0	0	0	0	0	
26	218	98	0	218692	0	0	0	0	0	0	
27	218	98	0	218509	0	0	0	0	0	0	
28	218	98	0	218528	0	0	0	0	0	0	
29	218	98	0	218895	0	0	0	0	0	0	
30	218	98	0	218822	0	0	0	0	0	0	
31	218	98	0	218821	0	0	0	0	0	0	
32	218	98	0	218891	0	0	0	0	0	0	
33	221	98	0	221341	0	0	0	0	0	0	
34	218	98	0	218741	0	0	0	0	0	0	
35	218	98	0	218742	0	0	0	0	0	0	
36	218	98	0	218856	0	0	0	0	0	0	
37	218	98	0	218795	0	0	0	0	0	0	
38	218	98	0	218762	0	0	0	0	0	0	
39	218	98	0	218993	0	0	0	0	0	0	
40	218	98	0	218924	0	0	0	0	0	0	
41	218	98	0	218762	0	0	0	0	0	0	
42	218	98	0	218929	0	0	0	0	0	0	
43	218	98	0	218760	0	0	0	0	0	0	
44	218	98	0	218427	0	0	0	0	0	0	
45	218	98	0	218664	0	0	0	0	0	0	
46	218	98	0	218662	0	0	0	0	0	0	
47	218	98	0	218568	0	0	0	0	0	0	
48	218	98	0	218646	0	0	0	0	0	0	
49	214	99	0	214095	0	0	0	0	0	0	
