#input	time	ios	pfs	timems	pbo	dbo	ibo	pbu	ndo	
25	147	7361	0	147442	0	0	3	5	3	
50	190	9440	0	190375	0	0	2	0	0	
75	331	14900	0	331390	1	0	3	12	5	
100	353	14154	0	353368	0	0	1	0	0	
125	566	21460	0	566199	3	0	6	16	7	
150	457	20430	0	457651	0	0	2	0	0	
175	495	20444	0	495105	1	0	1	0	1	
200	554	21478	0	554097	3	0	6	1	5	
225	669	29660	0	669219	0	0	3	13	8	
250	589	29419	0	589406	0	0	4	1	2	
275	633	29407	0	633097	0	0	1	0	0	
300	694	30027	0	694800	3	0	8	6	11	
325	687	29384	0	687714	0	0	2	1	2	
350	743	30537	0	743537	1	0	2	0	1	
375	789	30577	0	789152	0	0	1	0	0	
400	836	31938	0	836585	0	0	4	1	2	
425	1058	41977	0	1058928	1	0	8	22	19	
450	980	42478	0	980620	2	0	8	7	9	
475	898	41693	0	898168	0	0	0	0	0	
500	937	41766	0	937615	0	0	0	0	0	
525	1034	42021	0	1034175	0	0	4	0	0	
550	1124	46507	0	1124330	1	0	5	8	10	
575	1109	46218	0	1109608	0	0	6	0	0	
600	1112	46195	0	1112303	1	0	3	0	1	
625	1255	47562	0	1255952	1	0	12	5	7	
650	1526	56898	0	1526157	3	0	8	39	22	
675	1302	54647	0	1302990	0	0	4	3	4	
700	1441	55455	0	1441576	1	0	6	6	8	
725	1422	56716	0	1422637	0	0	4	21	11	
750	1287	54858	0	1287426	0	0	1	0	0	
775	1499	62312	0	1499115	0	0	3	24	10	
800	1770	72181	0	1770084	1	0	6	59	16	
825	1515	68311	0	1515629	0	0	4	0	0	
850	1558	70684	0	1558074	0	0	2	4	4	
875	1597	70931	0	1597386	0	0	7	2	2	
900	1618	71010	0	1618884	0	0	5	6	3	
925	1620	70626	0	1620275	0	0	2	0	0	
950	1686	70869	0	1686720	1	0	7	0	1	
975	1821	70711	0	1821979	0	0	1	0	0	
1000	1858	70996	0	1858456	0	0	7	0	0	
