#input	time	ios	pfs	timems	pbo	dbo	ibo	pbu	ndo	
25	88	4012	0	88169	0	0	1	0	1	
50	151	7364	0	151945	0	0	6	0	3	
75	231	11349	0	231830	0	0	2	0	1	
100	320	14193	0	320450	0	0	8	0	6	
125	347	16152	0	347216	0	0	6	1	5	
150	410	19123	0	410842	0	0	8	0	5	
175	472	21880	0	472083	0	0	9	0	5	
200	520	23729	0	520843	0	0	12	0	6	
225	568	26824	0	568832	0	0	8	0	5	
250	596	30276	0	596685	0	0	12	0	3	
275	625	31546	0	625190	0	0	7	1	6	
300	604	31916	0	604898	0	0	6	0	0	
325	745	39239	0	745930	0	0	17	0	14	
350	774	40991	0	774782	0	0	6	0	5	
375	799	42678	0	799692	0	0	8	0	3	
400	905	50077	0	905626	0	0	13	2	14	
425	935	50997	0	935824	0	0	7	0	3	
450	897	51863	0	897308	0	0	10	0	1	
475	925	52399	0	925800	0	0	7	0	0	
500	1030	53510	0	1030755	0	0	12	2	10	
525	951	52623	0	951082	0	0	8	0	0	
550	955	52525	0	955981	0	0	5	0	0	
575	1055	60348	0	1055043	0	0	18	1	16	
600	1005	60674	0	1005100	0	0	3	0	1	
625	1059	61925	0	1059587	0	0	10	0	4	
650	1139	63047	0	1139218	0	0	9	0	3	
675	1133	64942	0	1133079	0	0	7	0	3	
700	1235	73556	0	1235610	0	0	20	0	16	
725	1634	81182	0	1634662	0	0	12	5	6	
750	1615	82964	0	1615324	0	0	16	0	5	
775	1707	85243	0	1707156	0	0	18	0	6	
800	1738	86104	0	1738564	0	0	12	0	2	
825	1878	93188	0	1878323	0	0	26	1	14	
850	2001	99155	0	2001214	0	0	24	3	14	
875	2080	100008	0	2080965	0	0	18	2	4	
900	2044	97785	0	2044696	0	0	19	2	3	
925	1991	97037	0	1991695	0	0	16	0	2	
950	2021	96814	0	2021012	0	0	11	0	2	
975	2575	98032	0	2575412	0	0	14	0	3	
1000	2785	104841	0	2785495	0	0	24	3	13	
