#input	time	ios	pfs	timems	pbo	dbo	ibo	pbu	ndo	
25	76	4012	0	76645	0	0	1	0	1	
50	156	8652	0	156886	0	0	5	0	1	
75	237	12938	0	237171	0	0	9	2	10	
100	254	12745	0	254313	0	0	5	0	3	
125	298	13204	0	298958	0	0	3	0	1	
150	399	21284	0	399142	0	0	14	3	16	
175	332	19795	0	332761	0	0	6	0	3	
200	373	19944	0	373007	0	0	7	0	0	
225	398	19795	0	398284	0	0	2	0	1	
250	426	21008	0	426773	0	0	7	0	1	
275	559	29983	0	559699	0	0	16	4	15	
300	580	34625	0	580952	0	0	16	1	10	
325	634	37161	0	634165	0	0	15	1	6	
350	652	36807	0	652649	0	0	5	0	1	
375	699	37241	0	699177	0	0	9	1	3	
400	694	38188	0	694639	0	0	15	1	8	
425	726	38691	0	726592	0	0	10	0	4	
450	817	40467	0	817510	0	0	13	3	3	
475	757	40419	0	757125	0	0	5	0	0	
500	812	41252	0	812557	0	0	7	1	3	
525	878	43679	0	878660	0	0	8	2	5	
550	970	49637	0	970879	0	0	21	5	19	
575	976	55946	0	976811	0	0	12	2	12	
600	997	57450	0	997447	0	0	8	0	4	
625	1067	60181	0	1067119	0	0	11	0	6	
650	1081	61933	0	1081744	0	0	8	0	5	
675	1118	62976	0	1118709	0	0	8	0	4	
700	1168	64604	0	1168661	0	0	10	0	3	
725	1172	65220	0	1172635	0	0	9	0	2	
750	1281	65314	0	1281987	0	0	10	4	4	
775	1213	64321	0	1213084	0	0	7	0	1	
800	1265	64242	0	1265779	0	0	4	0	1	
825	1354	65147	0	1354601	0	0	6	1	4	
850	1321	65514	0	1321383	0	0	10	0	1	
875	1350	65473	0	1350770	0	0	6	0	1	
900	1437	67290	0	1437514	0	0	6	4	6	
925	1305	63932	0	1305642	0	0	2	0	0	
950	1301	65100	0	1301346	0	0	5	0	0	
975	1368	65068	0	1368596	0	0	2	0	0	
1000	1502	72510	0	1502109	0	0	13	2	13	
