#input	time	ios	pfs	timems	pbo	dbo	ibo	pbu	ndo	
25	89	4012	0	89981	0	0	1	0	1	
50	149	7327	0	149041	0	0	3	0	1	
75	203	10048	0	203685	0	0	2	0	2	
100	356	17237	0	356221	0	0	3	3	2	
125	390	17926	0	390555	0	0	7	0	2	
150	484	20141	0	484669	0	0	9	0	2	
175	605	26230	0	605886	0	0	14	0	10	
200	625	28303	0	625675	0	0	16	0	6	
225	710	30287	0	710660	0	0	8	1	5	
250	720	31097	0	720388	0	0	4	0	1	
275	752	31773	0	752549	0	0	5	0	1	
300	834	35161	0	834907	0	0	16	0	7	
325	925	39023	0	925297	0	0	15	0	5	
350	1037	46522	0	1037144	0	0	12	1	7	
375	1036	48276	0	1036066	0	0	15	0	5	
400	1047	48761	0	1047191	0	0	8	0	3	
425	1044	48797	0	1044557	0	0	8	0	1	
450	1155	53821	0	1155644	0	0	16	1	11	
475	1148	54154	0	1148494	0	0	7	0	2	
500	1224	54699	0	1224859	0	0	6	0	1	
525	1240	55925	0	1240111	0	0	10	0	3	
550	1305	55938	0	1305280	0	0	5	0	2	
575	1334	57524	0	1334711	0	0	8	0	3	
600	1522	67758	0	1522790	0	0	27	0	20	
625	1490	68615	0	1490248	0	0	8	0	1	
650	1596	71770	0	1596045	0	0	13	0	7	
675	1697	79857	0	1697135	0	0	23	0	15	
700	1858	88260	0	1858181	0	0	22	1	14	
725	1819	88947	0	1819312	0	0	13	0	3	
750	1852	89957	0	1852013	0	0	12	0	2	
775	1914	91142	0	1914945	0	0	13	0	3	
800	1863	91639	0	1863585	0	0	10	1	3	
825	1822	91062	0	1822448	0	0	9	0	0	
850	1873	91804	0	1873893	0	0	9	0	1	
875	1850	92814	0	1850395	0	0	10	0	3	
900	2037	100542	0	2037501	0	0	24	1	16	
925	2010	101203	0	2010981	0	0	14	0	4	
950	1981	102157	0	1981590	0	0	10	0	3	
975	1981	103197	0	1981834	0	0	11	0	2	
1000	2060	103384	0	2060881	0	0	13	0	1	
