#input	time	ios	pfs	timems	pbo	dbo	ibo	pbu	ndo	
25	91	6294	0	91995	0	0	0	0	0	
50	161	7099	0	161657	0	0	4	1	3	
75	221	9165	0	221148	0	0	2	0	2	
100	318	13828	0	318185	0	0	6	7	7	
125	301	13467	0	301327	0	0	3	1	3	
150	359	14104	0	359568	0	0	7	3	6	
175	367	15834	0	367314	0	0	6	1	5	
200	384	17046	0	384454	0	0	5	1	4	
225	484	19596	0	484115	0	0	10	5	12	
250	444	19301	0	444760	0	0	2	0	0	
275	532	20417	0	532072	0	0	4	0	2	
300	589	25082	0	589305	0	0	5	8	8	
325	572	26050	0	572240	0	0	5	5	5	
350	619	27504	0	619964	0	0	8	5	10	
375	650	29239	0	650432	0	0	7	2	4	
400	688	29189	0	688584	0	0	4	0	0	
425	686	29706	0	686001	0	0	5	3	4	
450	735	32893	0	735498	0	0	6	1	5	
475	768	33327	0	768774	0	0	6	0	2	
500	817	34832	0	817865	0	0	5	3	4	
525	798	35828	0	798152	0	0	7	1	2	
550	839	36818	0	839208	0	0	7	0	4	
575	885	37011	0	885232	0	0	7	0	1	
600	911	38959	0	911648	0	0	8	2	4	
625	966	39538	0	966412	0	0	7	1	7	
650	972	41845	0	972698	0	0	12	1	5	
675	1040	46683	0	1040092	0	0	12	5	11	
700	1197	50086	0	1197237	0	0	8	11	6	
725	1141	49028	0	1141816	0	0	6	0	1	
750	1204	50528	0	1204305	0	0	8	1	4	
775	1262	51692	0	1262050	0	0	5	3	5	
800	1298	58987	0	1298542	0	0	10	10	10	
825	1178	58463	0	1178534	0	0	5	2	2	
850	1262	58656	0	1262293	1	0	10	1	4	
875	1333	60166	0	1333791	0	0	10	9	8	
900	1301	58821	0	1301939	0	0	6	0	1	
925	1398	59823	0	1398681	0	0	11	2	8	
950	1506	59867	0	1506456	0	0	8	1	4	
975	1492	61209	0	1492052	0	0	5	1	3	
1000	1531	60984	0	1531295	0	0	11	2	7	
