#input	time	ios	pfs	timems	
16	0	281068	0	45	
32	0	282095	2	82	
48	0	283122	2	114	
64	0	284150	2	143	
80	0	285177	2	170	
96	0	286204	2	195	
112	0	287232	2	218	
128	0	288259	2	241	
144	0	289286	2	264	
160	0	290314	2	288	
176	0	291341	2	311	
192	0	292368	3	334	
208	0	293396	3	357	
224	0	294423	4	380	
240	0	295450	4	404	
256	0	296478	4	427	
272	0	297505	4	450	
288	0	298532	4	473	
304	0	299560	4	497	
320	0	300587	4	520	
336	0	301614	4	543	
352	0	302642	4	567	
368	0	303669	5	590	
384	0	304696	5	613	
400	0	305724	5	636	
416	0	306751	5	659	
432	0	307778	5	682	
448	0	308805	5	705	
464	0	309833	5	728	
480	0	310860	5	751	
496	0	311887	5	775	
512	0	312915	5	798	
528	0	313942	5	821	
544	0	314969	5	844	
560	0	315997	5	867	
576	0	317024	6	891	
592	0	318051	6	914	
608	0	319079	6	938	
624	0	320106	6	961	
640	0	321133	6	984	
656	1	322161	6	1008	
672	1	323188	6	1031	
688	1	324215	6	1055	
704	1	325243	6	1078	
720	1	326270	7	1102	
736	1	327297	7	1125	
752	1	328325	7	1148	
768	1	329352	7	1172	
784	1	330379	7	1195	
800	1	331407	7	1218	
816	1	332435	7	1241	
832	1	333463	7	1264	
848	1	334491	7	1288	
864	1	335520	7	1311	
880	1	336548	7	1334	
896	1	337576	7	1357	
912	1	338605	8	1380	
928	1	339633	8	1404	
944	1	340661	8	1427	
960	1	341690	8	1450	
976	1	342718	8	1473	
992	1	343746	8	1496	
1008	1	344775	8	1520	
1024	1	345803	8	1543	
