#input	time	ios	pfs	timems	
16	0	4349	1	85	
32	0	8448	2	171	
48	0	12547	2	257	
64	0	16647	2	342	
80	0	20746	2	428	
96	0	24845	2	514	
112	0	28945	2	599	
128	0	33044	2	685	
144	0	37143	2	771	
160	0	41243	2	856	
176	0	45342	2	942	
192	1	49441	2	1028	
208	1	53541	3	1113	
224	1	57640	3	1199	
240	1	61739	3	1285	
256	1	65839	3	1371	
272	1	69938	3	1457	
288	1	74037	3	1542	
304	1	78137	3	1628	
320	1	82236	3	1714	
336	1	86335	3	1800	
352	1	90435	3	1885	
368	1	94534	3	1971	
384	2	98633	3	2057	
400	2	102733	3	2142	
416	2	106832	3	2228	
432	2	110931	3	2314	
448	2	115030	3	2399	
464	2	119130	3	2485	
480	2	123229	3	2571	
496	2	127328	3	2657	
512	2	131428	3	2742	
528	2	135527	3	2828	
544	2	139626	3	2914	
560	2	143726	3	2999	
576	3	147825	3	3085	
592	3	151924	3	3171	
608	3	156024	3	3257	
624	3	160123	3	3343	
640	3	164222	3	3429	
656	3	168322	3	3515	
672	3	172421	3	3601	
688	3	176520	3	3686	
704	3	180620	3	3772	
720	3	184719	3	3858	
736	3	188818	3	3944	
752	4	192918	4	4030	
768	4	197017	4	4115	
784	4	201116	4	4201	
800	4	205216	4	4287	
816	4	209316	4	4373	
832	4	213416	4	4459	
848	4	217516	4	4545	
864	4	221617	4	4630	
880	4	225717	4	4716	
896	4	229817	4	4802	
912	4	233918	4	4888	
928	4	238018	4	4973	
944	5	242118	4	5059	
960	5	246219	4	5145	
976	5	250319	4	5231	
992	5	254419	4	5316	
1008	5	258520	4	5402	
1024	5	262620	4	5488	
