#input	time	ios	pfs	timems	
16	0	1	1026	300	
32	0	4	2052	521	
48	0	7	3076	742	
64	0	11	4102	989	
80	1	14	5126	1210	
96	1	17	6150	1432	
112	1	21	7174	1654	
128	1	24	8198	1875	
144	2	27	9223	2097	
160	2	31	10247	2319	
176	2	34	11271	2540	
192	2	37	12295	2762	
208	2	41	13319	2985	
224	3	44	14344	3206	
240	3	47	15368	3427	
256	3	51	16392	3649	
272	3	54	17416	3870	
288	4	57	18440	4092	
304	4	61	19464	4313	
320	4	64	20488	4534	
336	4	67	21512	4756	
352	4	71	22536	4977	
368	5	74	23560	5199	
384	5	77	24586	5520	
400	5	81	25610	5741	
416	5	84	26634	5962	
432	6	87	27658	6185	
448	6	90	28682	6407	
464	6	94	29706	6629	
480	6	97	30730	6850	
496	7	100	31754	7071	
512	7	104	32778	7293	
528	7	107	33802	7514	
544	7	110	34826	7736	
560	7	114	35850	7957	
576	8	117	36875	8178	
592	8	120	37899	8400	
608	8	124	38923	8621	
624	8	127	39947	8842	
640	9	130	40971	9064	
656	9	134	41995	9285	
672	9	137	43019	9507	
688	9	140	44044	9730	
704	9	144	45068	9951	
720	10	147	46092	10173	
736	10	150	47116	10394	
752	10	154	48140	10715	
768	10	157	49164	10937	
784	11	161	50188	11158	
800	11	166	51212	11389	
816	11	170	52236	11610	
832	11	174	53260	11831	
848	12	178	54284	12053	
864	12	183	55308	12274	
880	12	187	56333	12496	
896	12	191	57357	12717	
912	12	196	58381	12938	
928	13	200	59405	13160	
944	13	204	60429	13381	
960	13	209	61453	13602	
976	13	213	62477	13824	
992	14	217	63501	14045	
1008	14	222	64525	14267	
1024	14	226	65549	14489	
