#input	time	ios	pfs	timems	pbo	dbo	ibo	pbu	ndo	ars	
100	59	12902	0	59895	1	0	0	0	0	0	
200	431	89506	0	431715	1874548	0	2	4	1	0	
300	566	133598	0	566875	1874548	0	4	4	1	0	
400	1330	347196	0	1330625	3407917	0	9	10	3	0	
500	1434	394306	0	1434729	3407917	0	11	10	3	0	
600	1772	517531	0	1772779	3407918	0	18	11	4	0	
700	2134	655486	0	2134815	3407920	0	24	11	4	0	
800	2339	730879	0	2339727	3752268	0	28	11	4	0	
900	3066	986276	1	3067345	3752270	0	34	18	7	0	
1000	3269	1103738	1	3269865	3752270	0	40	18	7	0	
