#input	time	ios	pfs	timems	pbo	dbo	ibo	pbu	ndo	
1611	114	320208	6932390	114010	0	48	1	3	0	
1612	448	1327061	27879933	448069	2	197	2	3	0	
1622	526	1434468	30548643	526504	1	205	2	12	0	
1632	586	1443651	30264447	586704	1	184	2	23	0	
1642	533	1429813	30263099	533544	0	194	1	14	0	
1652	625	1456804	31450602	625078	2	189	3	23	0	
1662	598	1512355	31662356	598453	0	192	1	19	0	
1672	397	1338896	27188590	397088	0	196	1	1	0	
1682	477	1383453	29108482	477787	0	196	2	12	0	
1692	635	1626461	35488888	635013	0	218	2	20	0	
1702	568	1513915	32102191	568430	2	207	4	13	0	
1712	371	1245101	25273363	371007	0	184	0	0	0	
1722	457	1424198	29508398	457429	0	206	2	5	0	
1732	419	1289574	26890051	419874	0	188	0	4	0	
1742	738	1578362	34524893	738814	1	187	3	34	0	
1752	441	1369304	28758837	441403	0	206	0	5	0	
1762	685	1559403	34193273	685040	1	196	2	28	0	
1772	861	1698892	38144350	861300	1	197	5	51	0	
1782	1153	2076590	47258482	1153179	3	224	4	66	0	
1792	566	1402110	30974879	566706	1	192	3	22	0	
1802	532	1330879	28972359	532214	0	182	1	16	0	
1812	612	1562295	34618290	612419	0	223	4	20	0	
1822	394	1247342	26552745	394551	0	193	0	2	0	
1832	537	1454998	31728458	537357	0	215	0	12	0	
1842	519	1399661	30717233	519803	1	211	1	10	0	
1852	388	1268953	27163942	388312	0	196	1	1	0	
1862	756	1612686	36559816	756801	0	205	3	35	0	
1872	691	1716378	33614084	691181	1	230	2	24	0	
1882	472	1361896	26563016	472230	1	204	2	9	0	
1892	542	1467045	28095890	542421	1	215	3	14	0	
1902	344	1120703	20732648	344021	0	171	1	2	0	
1912	422	1431069	26147494	422228	0	219	0	0	0	
1922	509	1425337	27739059	509899	0	212	3	16	0	
1932	721	1684397	34171741	721100	1	225	4	32	0	
1942	449	1424024	26423734	449258	0	215	0	3	0	
1952	469	1487355	28665220	469128	0	229	1	3	0	
1962	531	1512690	28880504	531152	0	222	3	11	0	
1972	531	1529503	29060557	531231	1	224	2	9	0	
1982	454	1358292	26161649	454861	1	206	3	7	0	
1992	486	1452475	27121047	486674	1	214	2	6	0	
2002	403	1306689	23763219	403438	1	195	1	1	0	
2012	412	1345465	23485696	412322	0	196	3	6	0	
2022	1037	1989205	39712588	1037204	1	206	2	58	0	
2032	510	1453623	26868641	510138	0	205	3	11	0	
2042	548	1517533	28574410	548578	0	210	3	17	0	
2052	562	1639660	31869670	562939	1	244	3	13	0	
2062	408	1374494	25322883	408381	0	211	0	1	0	
2072	422	1373246	24610573	422583	0	208	3	6	0	
2082	495	1434474	27076563	495616	1	213	3	12	0	
2092	453	1434284	26233258	453030	0	213	2	8	0	
2102	510	1513302	27815751	510380	0	213	2	10	0	
2112	458	1473353	27333364	458947	0	222	2	5	0	
2122	552	1419752	25786969	552253	1	201	1	11	0	
2132	447	1529552	27154850	447843	0	229	0	0	0	
2142	427	1399048	25056039	427789	0	207	1	3	0	
2152	466	1511642	27475491	466090	1	224	2	4	0	
2162	432	1404270	25596676	432737	0	206	2	6	0	
2172	584	1619437	29796258	584027	1	219	2	15	0	
2182	520	1477358	26632369	520841	0	206	2	12	0	
2192	816	1804914	35460346	816958	1	221	6	45	0	
2202	402	1317072	23482022	402226	1	197	1	1	0	
2212	412	1409254	24492606	412681	0	214	0	0	0	
2222	416	1406750	24838444	416464	0	208	0	0	0	
2232	571	1605712	29975432	571409	0	234	1	12	0	
2242	537	1515861	27196914	537061	0	199	2	13	0	
2252	480	1508668	26939316	480742	0	214	3	12	0	
2262	428	1465673	24759248	428416	0	211	0	1	0	
2272	527	1587311	27941432	527553	2	226	3	9	0	
2282	578	1572406	29324207	578401	1	216	4	17	0	
2292	872	1976820	36655668	872288	0	231	8	49	0	
2302	473	1472788	25360002	473105	1	207	1	6	0	
2312	918	1956132	37113698	918576	1	227	4	53	0	
2322	415	1330565	23199880	415351	0	200	2	6	0	
2332	450	1412952	25004571	450548	1	210	3	6	0	
2342	623	1640009	29750767	623149	1	234	3	21	0	
2352	454	1352069	23201124	454323	0	198	2	10	0	
2362	459	1527911	26174873	459663	0	229	1	4	0	
2372	1666	2585859	52363799	1666231	1	226	12	142	0	
2382	408	1276420	22124041	408961	0	220	2	6	0	
2392	384	1274053	21467792	384354	0	218	0	1	0	
2402	430	1314104	22236395	430638	0	217	3	10	0	
2412	396	1276547	21811783	396347	0	220	1	3	0	
2422	411	1336693	22748940	411745	0	227	0	2	0	
2432	486	1338487	23355852	486190	0	211	1	13	0	
2442	530	1420409	25572713	530057	0	232	2	20	0	
2452	413	1179939	20460336	413951	0	196	2	10	0	
2462	469	1473751	26273580	469853	0	256	1	6	0	
2472	538	1349535	23873883	538836	0	206	2	23	0	
2482	452	1378686	23680759	452452	0	228	1	8	0	
2492	481	1364561	24306129	481925	0	221	2	12	0	
2502	448	1389113	23592611	448455	0	228	0	5	0	
2512	453	1291534	22829647	453298	0	210	1	10	0	
2522	410	1304707	21990779	410509	0	218	0	3	0	
2532	457	1359548	23093931	457941	0	218	1	9	0	
2542	392	1240810	21315335	392423	0	213	0	3	0	
2552	597	1492570	26043233	597347	1	221	1	25	0	
2562	523	1468566	26205205	523408	0	235	3	14	0	
2572	377	1270376	21825471	377736	0	219	0	1	0	
2582	438	1356825	23893453	438002	0	231	0	4	0	
2592	432	1334055	23802333	432663	1	236	2	4	0	
2602	503	1489599	26430290	503769	1	247	4	11	0	
2612	415	1257076	22036643	415047	0	213	0	5	0	
2622	412	1294979	22432546	412261	0	222	0	4	0	
2632	588	1475861	26765876	588038	0	223	1	22	0	
2642	542	1408045	25472839	542783	1	234	4	16	0	
2652	408	1277654	22233949	408253	0	214	1	6	0	
2662	398	1300075	21984498	398994	0	225	0	1	0	
2672	408	1225115	21493474	408087	0	210	2	6	0	
2682	402	1336173	23219477	402890	0	235	0	0	0	
2692	392	1240152	21416072	392004	0	211	0	5	0	
2702	418	1345511	23938293	418074	0	234	1	2	0	
2712	383	1291465	21898532	383510	0	221	0	0	0	
2722	451	1363555	24247616	451085	1	233	2	6	0	
2732	544	1422347	25694209	544540	0	224	2	16	0	
2742	391	1272700	21972189	391685	0	219	0	1	0	
2752	379	1252798	21269501	379248	0	212	0	2	0	
2762	404	1320863	23038630	404058	0	229	0	1	0	
2772	428	1339477	23233900	428770	0	225	0	3	0	
2782	435	1390507	24613287	435687	0	237	0	5	0	
2792	366	1255830	21303028	366789	0	214	0	0	0	
2802	440	1436575	25059999	440444	0	245	0	1	0	
2812	398	1262252	22407974	398689	0	218	1	4	0	
2822	413	1341097	23269628	413962	1	226	1	2	0	
2832	358	1201936	20232913	358436	0	202	0	1	0	
2842	518	1556421	27308506	518567	0	251	1	8	0	
2852	435	1215459	21327817	435590	1	201	1	9	0	
2862	463	1390054	24396585	463104	1	235	2	7	0	
2872	421	1274078	22605586	421669	1	207	1	5	0	
2882	392	1273605	21518616	392500	0	207	0	4	0	
2892	382	1289530	21791727	382334	0	220	0	1	0	
2902	381	1290614	21527693	381179	0	216	0	1	0	
2912	422	1341453	22732441	422971	0	223	0	4	0	
2922	385	1315772	21985901	385204	0	219	0	1	0	
2932	394	1339317	22559022	394399	0	223	0	3	0	
2942	383	1314932	21870625	383079	0	219	0	1	0	
2952	438	1368308	23422806	438219	0	222	0	6	0	
2962	434	1388509	23313739	434024	1	225	1	4	0	
2972	411	1366795	23109704	411270	0	226	0	2	0	
2982	415	1418788	24451157	415337	0	234	0	1	0	
2992	408	1392028	23843065	408969	0	236	0	1	0	
3002	489	1464968	25154968	489874	1	231	1	10	0	
3012	392	1371618	23143625	392905	0	228	0	0	0	
3022	447	1408065	24305727	447737	0	228	0	6	0	
3032	362	1261326	21087795	362033	0	213	0	0	0	
3042	475	1414692	23159916	475777	0	216	0	11	0	
3052	395	1338427	22165973	395908	0	220	0	2	0	
3062	352	1195234	19247099	352373	0	195	0	2	0	
3072	481	1449689	25126059	481858	2	236	1	10	1	
3082	441	1275379	21632197	441066	0	197	0	11	0	
3092	438	1443873	24265175	438756	0	241	1	4	0	
3102	366	1281233	20762390	366242	0	211	0	0	0	
3112	388	1342467	21898737	388085	0	221	0	2	0	
3122	368	1268295	20668869	368066	0	206	0	1	0	
3132	376	1327742	21361399	376735	0	224	0	0	0	
3142	358	1275947	20320262	358066	0	207	0	0	0	
3152	428	1402511	23019101	428282	0	223	0	4	0	
3162	399	1333536	21316745	399995	0	212	0	5	0	
3172	526	1491853	25591585	526885	0	227	0	15	0	
3182	349	1278317	19925243	349294	0	208	0	0	0	
3192	367	1314941	20632827	367142	0	215	0	0	0	
3202	362	1307749	20781604	362868	0	215	0	0	0	
3212	379	1321857	20855343	379781	0	214	0	2	0	
3222	394	1386700	21511161	394453	0	221	0	2	0	
3232	315	1165244	17723566	315231	0	192	0	0	0	
3242	387	1323441	21120992	387579	0	215	0	3	0	
3252	431	1426912	22539152	431145	0	225	0	5	0	
3262	330	1203962	18364760	330705	0	196	0	0	0	
3272	362	1329612	20046430	362677	0	215	0	0	0	
3282	322	1150337	17104990	322661	0	182	0	2	0	
3292	394	1373983	21044515	394384	0	220	0	3	0	
3302	334	1225913	18489111	334401	0	200	0	0	0	
3312	384	1405275	21130250	384248	0	226	0	1	0	
3322	339	1211005	18042244	339029	0	194	0	2	0	
3332	345	1286197	18936823	345134	0	208	0	0	0	
3342	385	1338196	19880407	385255	0	213	0	3	0	
3352	301	1134811	16293479	301267	0	184	0	0	0	
3362	317	1202263	17075512	317411	0	194	0	0	0	
3372	312	1191119	16807923	312563	0	191	0	0	0	
3382	283	1074716	15096965	283486	0	176	0	0	0	
3392	289	1086745	15022755	289065	0	178	0	0	0	
3402	285	1075198	14753899	285147	0	174	0	0	0	
3412	284	1059848	14452864	284588	0	171	0	1	0	
3422	248	936230	12412972	248128	0	151	0	0	0	
3432	255	980365	12760792	255426	0	157	0	0	0	
3442	216	855655	11017287	216113	0	137	0	0	0	
3452	199	787423	9854729	199480	0	125	0	0	0	
3462	98	383805	4793985	98697	0	62	0	0	0	
