#input	time	ios	pfs	timems	pbo	dbo	ibo	pbu	ndo	ars	
1	7	3554	6	7145	0	0	0	0	0	0	
2	18	9944	0	18446	0	0	0	0	0	0	
3	17	9976	0	17262	0	0	0	0	0	0	
4	17	10008	0	17255	0	0	0	0	0	0	
5	17	10168	0	17746	0	0	0	0	0	0	
6	16	10200	0	16997	0	0	0	0	0	0	
7	16	10232	0	16608	0	0	0	0	0	0	
8	18	10264	0	18252	0	0	0	0	0	0	
9	18	10424	0	18855	0	0	0	0	0	0	
10	18	10489	0	18308	0	0	0	0	0	0	
11	25	12917	0	25920	0	0	0	0	0	0	
12	24	12949	0	24563	0	0	0	0	0	0	
13	38	16601	0	38005	0	0	0	0	0	0	
14	47	19561	0	47833	0	0	0	0	0	0	
15	49	19593	0	49221	0	0	0	0	0	0	
16	52	19625	0	52468	0	0	0	0	0	0	
17	63	22257	0	63066	0	0	0	0	0	0	
18	62	22289	0	62004	0	0	0	0	0	0	
19	62	22424	0	62842	0	0	0	0	0	0	
20	63	22456	0	63640	0	0	0	0	0	0	
21	63	22744	0	63596	0	0	0	0	0	0	
22	63	22776	0	63637	0	0	0	0	0	0	
23	63	22808	0	63227	0	0	0	0	0	0	
24	62	22840	0	62682	0	0	0	0	0	0	
25	63	22872	0	63026	0	0	0	0	0	0	
26	63	22904	0	63261	0	0	0	0	0	0	
27	64	23064	0	64586	0	0	0	0	0	0	
28	64	23096	0	64808	0	0	0	0	0	0	
29	63	23128	0	63294	0	0	0	0	0	0	
30	65	23262	0	65960	0	0	0	0	0	0	
31	64	23294	0	64001	0	0	0	0	0	0	
32	63	23454	0	63416	0	0	0	0	0	0	
33	63	23486	0	63127	0	0	0	0	0	0	
34	64	23518	0	64044	0	0	0	0	0	0	
35	65	23550	0	65230	0	0	0	0	0	0	
36	65	23582	0	65887	0	0	0	0	0	0	
37	63	23614	0	63842	0	0	0	0	0	0	
38	65	23646	0	65562	0	0	0	0	0	0	
39	65	23723	0	65716	0	0	0	0	0	0	
40	65	23755	0	65333	0	0	0	0	0	0	
41	65	23787	0	65545	0	0	0	0	0	0	
42	65	23819	0	65303	0	0	0	0	0	0	
43	67	23851	0	67388	0	0	0	0	0	0	
44	65	23883	0	65568	0	0	0	0	0	0	
45	65	23915	0	65737	0	0	0	0	0	0	
46	66	23947	0	66403	0	0	0	0	0	0	
47	65	23979	0	65592	0	0	0	0	0	0	
48	65	24022	0	65052	0	0	0	0	0	0	
49	66	24054	0	66036	0	0	0	0	0	0	
50	65	24086	0	65075	0	0	0	0	0	0	
