#input	time	ios	pfs	timems	pbo	dbo	ibo	pbu	ndo	ars	
1	24	11037	15	24730	0	0	0	0	0	0	
2	24	11069	5	24080	0	0	0	0	0	0	
3	24	11101	0	24175	0	0	0	0	0	0	
4	23	11261	0	23547	0	0	0	0	0	0	
5	24	11293	0	24234	0	0	0	0	0	0	
6	24	11445	0	24432	0	0	0	0	0	0	
7	24	11477	0	24709	0	0	0	0	0	0	
8	24	11509	0	24056	0	0	0	0	0	0	
9	27	12353	0	27670	0	0	0	0	0	0	
10	80	22651	2	80946	0	0	0	0	0	0	
11	89	24257	5	89603	0	0	0	0	0	0	
12	89	24289	5	89458	0	0	0	0	0	0	
13	89	24321	5	89429	0	0	0	0	0	0	
14	89	24353	5	89450	0	0	0	0	0	0	
15	88	24385	4	88947	0	0	0	0	0	0	
16	89	24673	5	89216	0	0	0	0	0	0	
17	89	24705	5	89699	0	0	0	0	0	0	
18	89	24737	5	89884	0	0	0	0	0	0	
19	89	24769	5	89958	0	0	0	0	0	0	
20	90	24801	5	90467	0	0	0	0	0	0	
21	89	24833	5	89358	0	0	0	0	0	0	
22	90	24865	5	90890	0	0	0	0	0	0	
23	88	25149	0	88972	0	0	0	0	0	0	
24	88	25181	0	88756	0	0	0	0	0	0	
25	89	25213	0	89149	0	0	0	0	0	0	
26	89	25245	0	89893	0	0	0	0	0	0	
27	90	25277	0	90201	0	0	0	0	0	0	
28	91	25565	1	91090	0	0	0	0	0	0	
29	91	25597	7	91353	0	0	0	0	0	0	
30	91	25628	1	91603	0	0	0	0	0	0	
31	91	25660	1	91808	0	0	0	0	0	0	
32	91	25692	5	91511	0	0	0	0	0	0	
33	91	25805	5	91954	0	0	0	0	0	0	
34	92	25837	5	92208	0	0	0	0	0	0	
35	92	25869	0	92001	0	0	0	0	0	0	
36	91	25901	0	91207	0	0	0	0	0	0	
37	95	25933	2	95022	0	0	0	0	0	0	
38	92	25965	0	92313	0	0	0	0	0	0	
39	91	25916	0	91929	0	0	0	0	0	0	
40	92	25948	0	92452	0	0	0	0	0	0	
41	91	25980	0	91966	0	0	0	0	0	0	
42	91	26012	0	91402	0	0	0	0	0	0	
43	91	26044	0	91831	0	0	0	0	0	0	
44	91	26076	1	91828	0	0	0	0	0	0	
45	91	26108	0	91947	0	0	0	0	0	0	
46	91	26140	1	91820	0	0	0	0	0	0	
47	92	26172	1	92464	0	0	0	0	0	0	
48	92	26204	0	92161	0	0	0	0	0	0	
49	92	26236	1	92547	0	0	0	0	0	0	
50	92	26268	0	92337	0	0	0	0	0	0	
