#input	time	ios	pfs	timems	pbo	dbo	ibo	pbu	ndo	ars	
1	81	32	10	81893	0	0	0	0	0	0	
2	80	64	0	80653	0	0	0	0	0	0	
3	81	96	0	81005	0	0	0	0	0	0	
4	81	128	0	81124	0	0	0	0	0	0	
5	81	160	0	81505	0	0	0	0	0	0	
6	81	192	0	81686	0	0	0	0	0	0	
7	81	224	0	81877	0	0	0	0	0	0	
8	82	256	0	82090	0	0	0	0	0	0	
9	82	288	0	82456	0	0	0	0	0	0	
10	82	320	0	82834	0	0	0	0	0	0	
11	83	352	0	83073	0	0	0	0	0	0	
12	83	384	0	83244	0	0	0	0	0	0	
13	83	416	0	83351	0	0	0	0	0	0	
14	86	448	0	86014	0	0	0	0	0	0	
15	83	480	0	83841	0	0	0	0	0	0	
16	83	512	0	83982	0	0	0	0	0	0	
17	84	544	0	84099	0	0	0	0	0	0	
18	84	576	0	84996	0	0	0	0	0	0	
19	84	608	0	84583	0	0	0	0	0	0	
20	85	640	0	85071	0	0	0	0	0	0	
21	85	672	0	85161	0	0	0	0	0	0	
22	85	704	0	85230	0	0	0	0	0	0	
23	85	736	0	85489	0	0	0	0	0	0	
24	85	768	0	85578	0	0	0	0	0	0	
25	85	800	0	85759	0	0	0	0	0	0	
26	85	832	0	85990	0	0	0	0	0	0	
27	86	864	0	86512	0	0	0	0	0	0	
28	86	896	0	86594	0	0	0	0	0	0	
29	86	928	0	86553	0	0	0	0	0	0	
30	86	960	0	86980	0	0	0	0	0	0	
31	89	992	0	89007	0	0	0	0	0	0	
32	87	1024	0	87569	0	0	0	0	0	0	
33	87	1056	0	87704	0	0	0	0	0	0	
34	87	1088	0	87824	0	0	0	0	0	0	
35	87	1120	0	87985	0	0	0	0	0	0	
36	88	1152	0	88244	0	0	0	0	0	0	
37	88	1184	0	88216	0	0	0	0	0	0	
38	88	1216	0	88711	0	0	0	0	0	0	
39	88	1248	0	88833	0	0	0	0	0	0	
40	89	1280	0	89207	0	0	0	0	0	0	
41	89	1312	0	89423	0	0	0	0	0	0	
42	89	1344	0	89552	0	0	0	0	0	0	
43	89	1376	0	89956	0	0	0	0	0	0	
44	90	1408	0	90062	0	0	0	0	0	0	
45	90	1440	0	90631	0	0	0	0	0	0	
46	90	1472	0	90668	0	0	0	0	0	0	
47	91	1504	1	91317	0	0	0	0	0	0	
48	93	1536	24	93980	0	0	0	0	0	0	
49	94	1568	24	94599	0	0	0	0	0	0	
50	94	1600	25	94624	0	0	0	0	0	0	
