#input	time	ios	pfs	timems	pbo	dbo	ibo	pbu	ndo	ars	
1	18	7247	0	18042	2	0	11	0	0	0	
2	17	8864	0	17096	2	0	8	0	0	0	
3	11	8137	0	11527	0	0	0	0	0	0	
4	13	8217	0	13745	0	0	0	0	0	0	
5	13	8289	0	13621	0	0	0	0	0	0	
6	13	8366	0	13007	0	0	0	0	0	0	
7	29	15774	0	29133	3	0	25	4	2	0	
8	51	26087	0	51774	16	0	70	8	4	0	
9	51	26318	0	51525	17	0	90	0	0	0	
10	53	27952	0	53594	12	0	46	0	0	0	
11	47	25551	0	47035	0	0	9	0	0	0	
12	56	31104	0	56955	7	0	33	0	0	0	
13	58	31745	0	58621	3	0	20	0	0	0	
14	75	39135	0	75381	2	0	52	0	0	0	
15	69	38199	0	69929	1	0	8	0	0	0	
16	77	41714	0	77909	0	0	8	0	0	0	
17	79	42593	0	79220	0	0	4	0	0	0	
18	77	42384	0	77705	0	0	0	0	0	0	
19	78	42755	0	78517	0	0	0	0	0	0	
20	78	42820	0	78861	0	0	0	0	0	0	
21	79	43547	0	79746	0	0	0	0	0	0	
22	81	43652	0	81420	0	0	0	0	0	0	
23	80	43732	0	80974	0	0	0	0	0	0	
24	81	43860	0	81899	0	0	0	0	0	0	
25	82	43900	0	82991	0	0	0	0	0	0	
26	82	43939	0	82084	0	0	0	0	0	0	
27	81	43985	0	81864	0	0	0	0	0	0	
28	82	44080	0	82549	0	0	0	0	0	0	
29	81	44227	0	81768	0	0	0	0	0	0	
30	81	44333	0	81110	0	0	0	0	0	0	
31	83	44405	0	83360	0	0	0	0	0	0	
32	81	44448	0	81158	0	0	0	0	0	0	
33	82	44515	0	82304	0	0	0	0	0	0	
34	82	44588	0	82318	0	0	0	0	0	0	
35	81	44618	0	81646	0	0	0	0	0	0	
36	83	44652	0	83011	0	0	0	0	0	0	
37	83	44692	0	83590	0	0	0	0	0	0	
38	81	44724	0	81040	0	0	0	0	0	0	
39	84	44761	0	84571	0	0	0	0	0	0	
40	83	44793	0	83254	0	0	0	0	0	0	
41	83	44827	0	83422	0	0	0	0	0	0	
42	83	44859	0	83310	0	0	0	0	0	0	
43	83	44896	0	83320	0	0	0	0	0	0	
44	84	44928	0	84254	0	0	0	0	0	0	
45	83	44960	0	83177	0	0	0	0	0	0	
46	85	44992	0	85314	0	0	0	0	0	0	
47	84	45026	0	84271	0	0	0	0	0	0	
48	81	45059	0	81530	0	0	0	0	0	0	
49	86	45092	0	86437	0	0	0	0	0	0	
50	82	45124	0	82921	0	0	0	0	0	0	
