#input	time	ios	pfs	timems	pbo	dbo	ibo	pbu	ndo	ars	
64	1	255	0	1097	0	0	0	0	0	0	
128	2	511	0	2476	0	0	0	0	0	0	
192	4	767	0	4075	0	0	0	0	0	0	
256	5	1023	0	5632	0	0	0	0	0	0	
320	7	1279	0	7122	0	0	0	0	0	0	
384	8	1535	0	8226	0	0	0	0	0	0	
448	9	1791	0	9849	0	0	0	0	0	0	
512	11	2047	0	11259	0	0	0	0	0	0	
576	13	2303	0	13258	0	0	0	0	0	0	
640	14	2559	0	14398	0	0	0	0	0	0	
704	15	2815	0	15817	0	0	0	0	0	0	
768	17	3071	0	17466	0	0	0	0	0	0	
832	18	3327	0	18897	0	0	0	0	0	0	
896	21	3583	0	21415	0	0	0	0	0	0	
960	23	3839	0	23491	0	0	0	0	0	0	
1024	24	4095	0	24626	0	0	0	0	0	0	
1088	26	4351	0	26841	0	0	0	0	0	0	
1152	28	4607	0	28285	0	0	0	0	0	0	
1216	31	4863	0	31134	0	0	0	0	0	0	
1280	32	5119	0	32905	0	0	0	0	0	0	
1344	34	5375	0	34045	0	0	0	0	0	0	
1408	36	5631	0	36514	0	0	0	0	0	0	
1472	37	5887	0	37988	0	0	0	0	0	0	
1536	39	6143	0	39557	0	0	0	0	0	0	
1600	42	6399	0	42233	0	0	0	0	0	0	
1664	43	6655	0	43583	0	0	0	0	0	0	
1728	44	6911	0	44733	0	0	0	0	0	0	
1792	47	7167	0	47111	0	0	0	0	0	0	
1856	48	7423	0	48790	0	0	0	0	0	0	
1920	50	7679	0	50258	0	0	0	0	0	0	
1984	52	7935	0	52798	0	0	0	0	0	0	
2048	54	8191	0	54718	0	0	0	0	0	0	
2112	56	8447	0	56017	0	0	0	0	0	0	
2176	58	8703	0	58339	0	0	0	0	0	0	
2240	59	8959	0	59671	0	0	0	0	0	0	
2304	61	9215	0	61712	0	0	0	0	0	0	
2368	63	9471	0	63741	0	0	0	0	0	0	
2432	65	9727	0	65381	0	0	0	0	0	0	
2496	66	9983	0	66519	0	0	0	0	0	0	
2560	68	10239	0	68309	0	0	0	0	0	0	
2624	69	10495	0	69924	0	0	0	0	0	0	
2688	71	10751	0	71077	0	0	0	0	0	0	
2752	73	11007	0	73089	0	0	0	0	0	0	
2816	74	11263	0	74789	0	0	0	0	0	0	
2880	76	11519	0	76277	0	0	0	0	0	0	
2944	78	11775	0	78524	0	0	0	0	0	0	
3008	80	12031	0	80340	0	0	0	0	0	0	
3072	82	12287	0	82064	0	0	0	0	0	0	
3136	83	12543	0	83549	0	0	0	0	0	0	
3200	84	12799	0	84952	0	0	0	0	0	0	
3264	86	13055	0	86260	0	0	0	0	0	0	
3328	87	13311	0	87739	0	0	0	0	0	0	
3392	89	13567	0	89186	0	0	0	0	0	0	
3456	90	13823	0	90331	0	0	0	0	0	0	
3520	92	14079	0	92955	0	0	0	0	0	0	
3584	94	14335	0	94270	0	0	0	0	0	0	
3648	95	14591	0	95773	0	0	0	0	0	0	
3712	98	14847	0	98759	0	0	0	0	0	0	
3776	100	15103	0	100401	0	0	0	0	0	0	
3840	101	15359	0	101613	0	0	0	0	0	0	
3904	104	15615	0	104065	0	0	0	0	0	0	
3968	105	15871	0	105212	0	0	0	0	0	0	
4032	106	16127	0	106769	0	0	0	0	0	0	
4096	108	16383	0	108240	0	0	0	0	0	0	
4160	109	16639	0	109474	0	0	0	0	0	0	
4224	110	16895	0	110823	0	0	0	0	0	0	
4288	113	17151	0	113388	0	0	0	0	0	0	
4352	114	17407	0	114947	0	0	0	0	0	0	
4416	116	17663	0	116184	0	0	0	0	0	0	
4480	117	17919	0	117324	0	0	0	0	0	0	
4544	119	18175	0	119137	0	0	0	0	0	0	
4608	120	18431	0	120776	0	0	0	0	0	0	
4672	121	18687	0	121988	0	0	0	0	0	0	
4736	123	18943	0	123766	0	0	0	0	0	0	
4800	125	19199	0	125251	0	0	0	0	0	0	
4864	126	19455	0	126400	0	0	0	0	0	0	
4928	128	19711	0	128519	0	0	0	0	0	0	
4992	130	19967	0	130023	0	0	0	0	0	0	
5056	131	20223	0	131441	0	0	0	0	0	0	
5120	134	20479	0	134262	0	0	0	0	0	0	
