#input	time	ios	pfs	timems	pbo	dbo	ibo	pbu	ndo	ars	
64	1	0	0	1874	0	0	0	0	0	0	
128	3	0	0	3869	0	0	0	0	0	0	
192	5	0	0	5765	0	0	0	0	0	0	
256	7	0	0	7640	0	0	0	0	0	0	
320	9	0	0	9522	0	0	0	0	0	0	
384	11	0	0	11543	0	0	0	0	0	0	
448	14	0	0	14245	0	0	0	0	0	0	
512	16	0	0	16360	0	0	0	0	0	0	
576	18	0	0	18950	0	0	0	0	0	0	
640	20	0	0	20865	0	0	0	0	0	0	
704	22	0	0	22787	0	0	0	0	0	0	
768	24	0	0	24694	0	0	0	0	0	0	
832	26	0	0	26899	0	0	0	0	0	0	
896	28	0	0	28815	0	0	0	0	0	0	
960	30	0	0	30865	0	0	0	0	0	0	
1024	32	0	0	32785	0	0	0	0	0	0	
1088	34	0	0	34688	0	0	0	0	0	0	
1152	36	0	0	36690	0	0	0	0	0	0	
1216	38	0	0	38600	0	0	0	0	0	0	
1280	40	0	0	40640	0	0	0	0	0	0	
1344	42	0	0	42553	0	0	0	0	0	0	
1408	44	0	0	44467	0	0	0	0	0	0	
1472	46	0	0	46585	0	0	0	0	0	0	
1536	48	0	0	48500	0	0	0	0	0	0	
1600	50	0	0	50407	0	0	0	0	0	0	
1664	52	0	0	52324	0	0	0	0	0	0	
1728	54	0	0	54561	0	0	0	0	0	0	
1792	56	0	0	56708	0	0	0	0	0	0	
1856	58	0	0	58725	0	0	0	0	0	0	
1920	60	0	0	60780	0	0	0	0	0	0	
1984	62	0	0	62693	0	0	0	0	0	0	
2048	64	0	0	64607	0	0	0	0	0	0	
2112	66	0	0	66682	0	0	0	0	0	0	
2176	68	0	0	68609	0	0	0	0	0	0	
2240	70	0	0	70768	0	0	0	0	0	0	
2304	72	0	0	72683	0	0	0	0	0	0	
2368	74	0	0	74601	0	0	0	0	0	0	
2432	76	0	0	76518	0	0	0	0	0	0	
2496	78	0	0	78436	0	0	0	0	0	0	
2560	80	0	0	80354	0	0	0	0	0	0	
2624	82	0	0	82534	0	0	0	0	0	0	
2688	84	0	0	84463	0	0	0	0	0	0	
2752	86	0	0	86592	0	0	0	0	0	0	
2816	88	0	0	88509	0	0	0	0	0	0	
2880	91	0	0	91008	0	0	0	0	0	0	
2944	92	0	0	92920	0	0	0	0	0	0	
3008	94	0	0	94849	0	0	0	0	0	0	
3072	97	0	0	97118	0	0	0	0	0	0	
3136	99	0	0	99041	0	0	0	0	0	0	
3200	102	0	0	102047	0	0	0	0	0	0	
3264	103	0	0	103967	0	0	0	0	0	0	
3328	105	0	0	105947	0	0	0	0	0	0	
3392	107	0	0	107862	0	0	0	0	0	0	
3456	109	0	0	109787	0	0	0	0	0	0	
3520	111	0	0	111837	0	0	0	0	0	0	
3584	113	0	0	113751	0	0	0	0	0	0	
3648	115	0	0	115753	0	0	0	0	0	0	
3712	117	0	0	117658	0	0	0	0	0	0	
3776	119	0	0	119598	0	0	0	0	0	0	
3840	121	0	0	121635	0	0	0	0	0	0	
3904	123	0	0	123560	0	0	0	0	0	0	
3968	125	0	0	125639	0	0	0	0	0	0	
4032	127	0	0	127760	0	0	0	0	0	0	
4096	129	0	0	129677	0	0	0	0	0	0	
4160	131	0	0	131996	0	0	0	0	0	0	
4224	133	0	0	133910	0	0	0	0	0	0	
4288	135	0	0	135874	0	0	0	0	0	0	
4352	137	0	0	137797	0	0	0	0	0	0	
4416	139	0	0	139720	0	0	0	0	0	0	
4480	141	0	0	141670	0	0	0	0	0	0	
4544	144	0	0	144118	0	0	0	0	0	0	
4608	146	0	0	146169	0	0	0	0	0	0	
4672	148	0	0	148092	0	0	0	0	0	0	
4736	150	0	0	150111	0	0	0	0	0	0	
4800	152	0	0	152037	0	0	0	0	0	0	
4864	153	0	0	153958	0	0	0	0	0	0	
4928	156	0	0	156093	0	0	0	0	0	0	
4992	158	0	0	158020	0	0	0	0	0	0	
5056	159	0	0	159989	0	0	0	0	0	0	
5120	161	0	0	161916	0	0	0	0	0	0	
