#input	time	ios	pfs	timems	pbo	dbo	ibo	pbu	ndo	ars	
64	0	0	255	941	0	0	0	0	0	0	
128	2	0	511	2129	0	0	0	0	0	0	
192	3	0	767	3818	0	0	0	0	0	0	
256	4	0	1023	4771	0	0	0	0	0	0	
320	6	0	1279	6503	0	0	0	0	0	0	
384	7	0	1535	7495	0	0	0	0	0	0	
448	9	0	1791	9636	0	0	0	0	0	0	
512	12	0	2047	12138	0	0	0	0	0	0	
576	13	0	2303	13081	0	0	0	0	0	0	
640	14	0	2559	14057	0	0	0	0	0	0	
704	16	0	2815	16164	0	0	0	0	0	0	
768	17	0	3071	17506	0	0	0	0	0	0	
832	18	0	3327	18679	0	0	0	0	0	0	
896	21	0	3583	21033	0	0	0	0	0	0	
960	22	0	3839	22150	0	0	0	0	0	0	
1024	23	0	4095	23112	0	0	0	0	0	0	
1088	24	0	4351	24802	0	0	0	0	0	0	
1152	26	0	4607	26714	0	0	0	0	0	0	
1216	28	0	4863	28606	0	0	0	0	0	0	
1280	29	0	5119	29585	0	0	0	0	0	0	
1344	31	0	5375	31754	0	0	0	0	0	0	
1408	32	0	5631	32733	0	0	0	0	0	0	
1472	34	0	5887	34701	0	0	0	0	0	0	
1536	36	0	6143	36994	0	0	0	0	0	0	
1600	38	0	6399	38083	0	0	0	0	0	0	
1664	39	0	6655	39479	0	0	0	0	0	0	
1728	42	0	6911	42050	0	0	0	0	0	0	
1792	43	0	7167	43024	0	0	0	0	0	0	
1856	44	0	7423	44438	0	0	0	0	0	0	
1920	46	0	7679	46925	0	0	0	0	0	0	
1984	47	0	7935	47988	0	0	0	0	0	0	
2048	48	0	8191	48969	0	0	0	0	0	0	
2112	51	0	8447	51485	0	0	0	0	0	0	
2176	52	0	8703	52655	0	0	0	0	0	0	
2240	53	0	8959	53618	0	0	0	0	0	0	
2304	55	0	9215	55020	0	0	0	0	0	0	
2368	56	0	9471	56713	0	0	0	0	0	0	
2432	58	0	9727	58203	0	0	0	0	0	0	
2496	59	0	9983	59213	0	0	0	0	0	0	
2560	61	0	10239	61298	0	0	0	0	0	0	
2624	62	0	10495	62421	0	0	0	0	0	0	
2688	63	0	10751	63399	0	0	0	0	0	0	
2752	64	0	11007	64928	0	0	0	0	0	0	
2816	66	0	11263	66358	0	0	0	0	0	0	
2880	67	0	11519	67801	0	0	0	0	0	0	
2944	68	0	11775	68774	0	0	0	0	0	0	
3008	70	0	12031	70458	0	0	0	0	0	0	
3072	71	0	12287	71822	0	0	0	0	0	0	
3136	73	0	12543	73154	0	0	0	0	0	0	
3200	74	0	12799	74129	0	0	0	0	0	0	
3264	75	0	13055	75497	0	0	0	0	0	0	
3328	76	0	13311	76772	0	0	0	0	0	0	
3392	78	0	13567	78276	0	0	0	0	0	0	
3456	79	0	13823	79255	0	0	0	0	0	0	
3520	80	0	14079	80952	0	0	0	0	0	0	
3584	82	0	14335	82011	0	0	0	0	0	0	
3648	83	0	14591	83078	0	0	0	0	0	0	
3712	84	0	14847	84065	0	0	0	0	0	0	
3776	86	0	15103	86209	0	0	0	0	0	0	
3840	87	0	15359	87377	0	0	0	0	0	0	
3904	88	0	15615	88497	0	0	0	0	0	0	
3968	89	0	15871	89487	0	0	0	0	0	0	
4032	91	0	16127	91331	0	0	0	0	0	0	
4096	92	0	16383	92733	0	0	0	0	0	0	
4160	93	0	16639	93736	0	0	0	0	0	0	
4224	94	0	16895	94755	0	0	0	0	0	0	
4288	96	0	17151	96786	0	0	0	0	0	0	
4352	97	0	17407	97774	0	0	0	0	0	0	
4416	99	0	17663	99509	0	0	0	0	0	0	
4480	100	0	17919	100497	0	0	0	0	0	0	
4544	102	0	18175	102152	0	0	0	0	0	0	
4608	103	0	18431	103137	0	0	0	0	0	0	
4672	104	0	18687	104689	0	0	0	0	0	0	
4736	105	0	18943	105674	0	0	0	0	0	0	
4800	107	0	19199	107192	0	0	0	0	0	0	
4864	108	0	19455	108463	0	0	0	0	0	0	
4928	109	0	19711	109604	0	0	0	0	0	0	
4992	110	0	19967	110605	0	0	0	0	0	0	
5056	112	0	20223	112489	0	0	0	0	0	0	
5120	113	0	20479	113476	0	0	0	0	0	0	
