#input	time	ios	pfs	timems	pbo	dbo	ibo	pbu	ndo	
25	21	3229	0	21156	468651	0	20	0	3	
50	86	9506	0	86175	1195461	0	120	0	12	
75	161	15852	0	161124	1620495	0	220	0	24	
100	239	22168	0	239475	1922490	0	320	0	30	
125	360	28618	0	360198	1943308	0	403	3	33	
150	540	37527	0	540304	1943308	0	587	3	40	
175	721	46596	0	721493	1943308	0	778	3	52	
200	912	55634	0	912778	1943308	0	948	4	58	
225	1091	64499	0	1091356	2043827	0	1131	4	65	
250	1301	73734	0	1301690	2154172	0	1307	5	68	
275	1493	82551	0	1493380	2254504	0	1486	5	76	
300	1686	91660	0	1686850	2345291	0	1679	5	83	
325	1916	101047	0	1916688	2428546	0	1876	5	96	
350	2142	110449	0	2142974	2506254	0	2074	5	108	
375	2361	119899	0	2361847	2578647	0	2258	6	115	
400	2553	128667	0	2553915	2646133	0	2435	6	122	
425	2809	138759	0	2809431	2710090	0	2617	8	135	
450	2978	146992	0	2978557	2769731	0	2777	8	135	
475	3206	156182	0	3206734	2826211	0	2949	9	140	
500	3391	164933	0	3391446	2880094	0	3128	9	145	
525	3611	174070	0	3611542	2931219	0	3312	9	160	
550	3809	183199	0	3809610	2980240	0	3503	9	167	
575	4024	192536	0	4024255	3026576	0	3699	9	176	
600	4245	201742	0	4245269	3071483	0	3892	9	180	
625	4499	211424	0	4499963	3114280	0	4079	10	197	
650	4723	220333	0	4723046	3155523	0	4260	10	201	
675	4960	229391	0	4960509	3195194	0	4445	10	209	
700	5207	238816	0	5207828	3233385	0	4641	10	224	
725	5480	248672	0	5480494	3269921	0	4838	11	232	
750	5745	257818	0	5745771	3305702	0	5024	11	239	
775	6022	267376	0	6022457	3340082	0	5210	12	244	
800	6271	276245	0	6271388	3373339	0	5389	12	248	
825	6565	285776	0	6565444	3405756	0	5569	13	262	
850	6840	294955	0	6840167	3436975	0	5737	14	271	
875	7105	304087	0	7105502	3467221	0	5905	15	276	
900	7342	313058	0	7342530	3496744	0	6071	16	279	
925	7580	321622	0	7580605	3525213	0	6238	16	280	
950	7849	331029	0	7849565	3553199	0	6416	17	285	
975	8091	340009	0	8091786	3580514	0	6598	17	289	
1000	8350	349066	0	8350533	3606952	0	6780	17	299	
1025	8611	358317	0	8611741	3632357	0	6969	17	312	
1050	8875	367519	0	8875621	3657226	0	7159	17	321	
1075	9173	376852	0	9173180	3682145	0	7351	17	326	
1100	9478	386874	0	9478153	3706258	0	7543	19	337	
1125	9756	396057	0	9756494	3729761	0	7730	19	347	
1150	10040	405237	0	10040744	3752762	0	7917	19	354	
1175	10316	414464	0	10316642	3775337	0	8106	19	366	
1200	10633	423876	0	10633950	3797502	0	8298	19	376	
1225	10922	433115	0	10922202	3819135	0	8489	19	382	
1250	11243	442646	0	11243549	3840448	0	8687	19	390	
1275	11521	451927	0	11521044	3861035	0	8881	19	395	
1300	11824	461329	0	11824603	3881287	0	9076	19	404	
1325	12141	470832	0	12141920	3901532	0	9274	19	411	
1350	12449	480248	0	12449112	3920862	0	9468	19	421	
1375	12838	490726	0	12838518	3940125	0	9668	21	440	
1400	13154	500046	0	13154951	3959133	0	9856	21	454	
1425	13588	510827	0	13588938	3977552	0	10048	24	467	
1450	13953	520687	0	13953731	3995694	0	10221	26	471	
1475	14301	530187	0	14301570	4013624	0	10378	28	479	
1500	14594	538711	0	14594483	4031411	0	10536	28	486	
1525	14905	547706	0	14905264	4048669	0	10694	29	493	
1550	15187	556335	0	15187756	4065790	0	10861	29	496	
1575	15497	565089	0	15497638	4082719	0	11028	29	501	
1600	15806	574110	0	15806914	4099190	0	11208	29	507	
1625	16182	583945	0	16182192	4115325	0	11393	30	519	
1650	16535	593533	0	16535002	4131320	0	11572	31	529	
1675	16841	602617	0	16841035	4147158	0	11753	31	535	
1700	17152	611748	0	17152966	4162536	0	11936	31	540	
1725	17461	620852	0	17461434	4177800	0	12119	31	544	
1750	17869	631268	0	17869519	4192633	0	12307	33	554	
1775	18232	640930	0	18232980	4207348	0	12486	34	564	
1800	18573	650266	0	18573657	4222282	0	12657	35	568	
1825	18938	659674	0	18938004	4236977	0	12829	36	570	
1850	19266	668615	0	19266628	4250938	0	13005	36	570	
1875	19583	677553	0	19583055	4265076	0	13179	36	578	
1900	19910	686648	0	19910303	4279041	0	13360	36	580	
1925	20237	695740	0	20237340	4292575	0	13541	36	583	
1950	20558	704885	0	20558928	4306245	0	13725	36	588	
1975	20898	714222	0	20898880	4319754	0	13913	36	599	
2000	21269	723746	0	21269528	4333112	0	14104	36	613	
2025	21636	733216	0	21636190	4346160	0	14295	36	625	
2050	22011	742832	0	22011508	4358779	0	14490	36	639	
2075	22382	752431	0	22382909	4371499	0	14687	36	648	
2100	22733	761927	0	22733952	4384022	0	14882	36	657	
2125	23105	771421	0	23105025	4396489	0	15077	36	660	
2150	23467	780931	0	23467385	4408640	0	15274	36	663	
2175	24270	789591	0	24270203	4411357	0	15396	41	670	
2200	24821	801270	0	24821497	4411357	0	15667	41	678	
2225	25448	813355	0	25448302	4411357	0	15951	41	681	
2250	26090	825636	0	26090708	4411357	0	16240	41	687	
2275	26744	837967	0	26744009	4411357	0	16530	41	695	
2300	27422	850827	0	27422907	4411357	0	16814	43	704	
2325	28045	862908	0	28045908	4411357	0	17098	43	710	
2350	28671	875150	0	28671810	4411357	0	17386	43	722	
2375	29363	887912	0	29363617	4411357	0	17673	44	731	
2400	30093	900601	0	30093780	4411357	0	17953	46	737	
2425	30753	912517	0	30753081	4411357	0	18231	46	744	
2450	31446	924572	0	31446840	4411357	0	18513	46	754	
2475	32141	936732	0	32141418	4411357	0	18797	46	763	
2500	32836	948824	0	32836949	4411357	0	19079	46	772	
2525	33551	961145	0	33551594	4411357	0	19367	46	781	
2550	34237	973262	0	34237662	4411357	0	19650	46	792	
2575	34960	985452	0	34960861	4411357	0	19933	46	801	
2600	35661	997714	0	35661206	4411357	0	20224	46	805	
2625	36433	1010494	0	36433537	4411357	0	20511	47	814	
2650	37150	1022648	0	37150685	4411357	0	20800	47	819	
2675	37875	1034906	0	37875983	4411357	0	21087	47	832	
2700	38664	1047773	0	38664111	4411357	0	21373	48	848	
2725	39376	1059997	0	39376360	4411357	0	21661	48	863	
2750	40123	1072309	0	40123963	4411357	0	21947	48	874	
2775	40907	1085316	0	40907731	4411357	0	22238	49	893	
2800	41638	1097464	0	41638716	4411357	0	22520	49	905	
2825	42396	1109713	0	42396514	4411357	0	22802	49	917	
2850	43237	1123132	0	43237202	4411357	0	23091	51	929	
2875	43952	1135186	0	43952646	4411357	0	23375	51	931	
2900	44881	1149207	0	44881059	4411357	0	23653	55	942	
2925	45705	1162708	0	45705950	4411357	0	23928	58	952	
2950	46437	1174428	0	46437146	4411357	0	24195	58	957	
2975	47194	1186656	0	47194712	4411357	0	24463	59	967	
3000	47951	1198452	0	47951689	4411357	0	24728	59	970	
3025	48701	1210700	0	48701777	4411357	0	24996	60	978	
3050	49471	1222386	0	49471475	4411357	0	25259	60	984	
3075	50214	1234285	0	50214201	4411357	0	25532	60	992	
3100	50993	1246488	0	50993753	4411357	0	25803	61	996	
3125	51830	1258530	0	51830866	4411357	0	26080	61	998	
3150	52628	1270896	0	52628269	4411357	0	26355	62	1003	
3175	53483	1282997	0	53483720	4411357	0	26632	62	1014	
3200	54261	1295018	0	54261888	4411357	0	26910	62	1022	
3225	55066	1307511	0	55066423	4411357	0	27187	63	1035	
3250	55883	1319319	0	55883437	4411357	0	27455	63	1040	
3275	56653	1331311	0	56653737	4411357	0	27734	63	1050	
3300	57535	1343683	0	57535563	4411357	0	28017	63	1060	
3325	58574	1357752	0	58574407	4411357	0	28299	67	1077	
3350	59449	1369810	0	59449807	4411357	0	28577	67	1083	
3375	60284	1381929	0	60284060	4411357	0	28854	67	1093	
3400	61056	1393871	0	61056967	4411357	0	29132	67	1099	
3425	61971	1406618	0	61971766	4411357	0	29412	68	1106	
3450	62789	1418599	0	62789627	4411357	0	29689	68	1110	
3475	63761	1431406	0	63761513	4411357	0	29972	69	1117	
3500	64867	1445044	0	64867138	4411357	0	30246	72	1127	
3525	65739	1456959	0	65739982	4411357	0	30519	72	1131	
3550	66665	1469457	0	66665102	4411357	0	30793	73	1138	
3575	67620	1482095	0	67620830	4411357	0	31069	74	1145	
3600	68448	1494116	0	68448426	4411357	0	31347	74	1147	
3625	69343	1506734	0	69343297	4411357	0	31618	76	1152	
3650	70184	1518653	0	70184192	4411357	0	31888	76	1156	
3675	70977	1530581	0	70977545	4411357	0	32166	76	1160	
3700	71844	1542657	0	71844480	4411357	0	32442	76	1162	
3725	72676	1554743	0	72676692	4411357	0	32722	76	1165	
3750	73512	1566773	0	73512066	4411357	0	33002	76	1165	
3775	74346	1578804	0	74346209	4411357	0	33280	76	1169	
3800	75155	1590836	0	75155980	4411357	0	33563	76	1169	
3825	75994	1603177	0	75994884	4411357	0	33849	76	1171	
3850	76790	1615302	0	76790567	4411357	0	34135	76	1173	
3875	77667	1627700	0	77667095	4411357	0	34421	76	1179	
3900	78514	1639909	0	78514017	4411357	0	34703	76	1185	
3925	79378	1652197	0	79378779	4411357	0	34990	76	1188	
3950	80233	1664545	0	80233467	4411357	0	35279	76	1193	
3975	81131	1676958	0	81131252	4411357	0	35569	76	1200	
4000	82156	1690145	0	82156978	4411357	0	35865	77	1213	
4025	82959	1702508	0	82959039	4411357	0	36155	77	1227	
4050	83823	1715050	0	83823113	4411357	0	36444	77	1240	
4075	84669	1727538	0	84669980	4411357	0	36734	77	1254	
4100	85524	1740171	0	85524657	4411357	0	37027	77	1269	
4125	86381	1752701	0	86381752	4411357	0	37320	77	1281	
4150	87243	1765278	0	87243818	4411357	0	37615	77	1293	
4175	88094	1777711	0	88094823	4411357	0	37906	77	1303	
4200	88947	1790085	0	88947470	4411357	0	38200	77	1309	
4225	89858	1802776	0	89858135	4411357	0	38496	77	1318	
4250	90726	1815176	0	90726021	4411357	0	38787	77	1327	
4275	91646	1827914	0	91646052	4411357	0	39083	77	1338	
4300	93297	1841576	0	93297435	4411357	0	39377	79	1344	
4325	93978	1851966	0	93978749	4417216	0	39601	79	1348	
4350	94865	1864721	0	94865939	4423266	0	39890	80	1355	
4375	95832	1877793	0	95832382	4429140	0	40180	81	1366	
4400	96667	1890570	0	96667045	4435181	0	40471	82	1372	
4425	97491	1902783	0	97491101	4441165	0	40754	82	1378	
4450	98321	1914970	0	98321451	4447080	0	41037	82	1380	
4475	99081	1927016	0	99081957	4453026	0	41324	82	1380	
4500	100619	1940665	0	100619301	4458776	0	41600	85	1393	
4525	101204	1951266	0	101204624	4464658	0	41833	85	1400	
4550	101947	1963252	0	101947162	4470473	0	42112	85	1404	
4575	102786	1976105	0	102786941	4476220	0	42393	87	1409	
4600	103564	1988290	0	103564309	4482002	0	42675	87	1419	
4625	104334	2000365	0	104334736	4487789	0	42955	87	1429	
4650	105068	2012395	0	105068296	4493387	0	43240	87	1438	
4675	105865	2024576	0	105865107	4499041	0	43523	87	1447	
4700	106644	2036798	0	106644818	4504668	0	43809	87	1455	
4725	107408	2048936	0	107408946	4510152	0	44094	87	1465	
4750	108182	2061040	0	108182686	4515671	0	44379	87	1470	
4775	108953	2073234	0	108953337	4521074	0	44663	87	1478	
4800	109719	2085445	0	109719775	4526627	0	44950	87	1484	
4825	110487	2097761	0	110487531	4532146	0	45241	87	1497	
4850	111270	2110132	0	111270946	4537411	0	45529	87	1507	
4875	112055	2122461	0	112055587	4542751	0	45821	87	1517	
4900	112883	2135289	0	112883056	4548073	0	46109	88	1527	
4925	113693	2148041	0	113693357	4553398	0	46396	89	1535	
4950	114486	2160331	0	114486005	4558636	0	46683	89	1543	
4975	115246	2172502	0	115246423	4563891	0	46971	89	1551	
5000	116001	2184715	0	116001233	4569231	0	47257	89	1558	
5025	116770	2197138	0	116770877	4574409	0	47551	89	1568	
5050	117562	2209462	0	117562419	4579671	0	47839	89	1574	
5075	118403	2222349	0	118403016	4584816	0	48126	90	1585	
5100	119156	2234594	0	119156830	4589930	0	48414	90	1594	
5125	119926	2246861	0	119926722	4595012	0	48701	90	1600	
