#input	time	ios	pfs	timems	pbo	dbo	ibo	pbu	ndo	
25	17	2686	0	17592	468651	0	5	0	3	
50	67	6164	0	67802	791263	0	22	3	9	
75	125	10038	0	125634	893213	0	61	3	12	
100	209	14368	0	209302	1195208	0	101	5	20	
125	268	18258	0	268280	1429383	0	139	5	22	
150	343	22482	0	343637	1621036	0	186	5	31	
175	449	27156	0	449639	1782169	0	224	9	42	
200	513	30914	0	513366	1921733	0	256	9	43	
225	582	34906	0	582841	2044878	0	296	9	46	
250	668	39128	0	668727	2155223	0	342	9	53	
275	777	43461	0	777337	2228604	0	376	14	59	
300	861	47799	0	861429	2228604	0	426	14	65	
325	1003	53260	0	1003973	2228604	0	486	18	79	
350	1122	58131	0	1122539	2228604	0	542	20	85	
375	1238	62921	0	1238334	2228604	0	600	21	91	
400	1338	67503	0	1338433	2228604	0	660	21	92	
425	1451	72142	0	1451072	2228604	0	720	21	94	
450	1563	76923	0	1563309	2228604	0	785	21	99	
475	1667	81583	0	1667847	2228604	0	848	21	100	
500	1814	86908	0	1814123	2228604	0	914	24	109	
525	1923	91606	0	1923369	2228604	0	961	27	116	
550	2016	96158	0	2016548	2254545	0	1019	27	121	
575	2141	101340	0	2141212	2300881	0	1084	29	130	
600	2295	106704	0	2295792	2345788	0	1147	33	139	
625	2401	111410	0	2401780	2388585	0	1209	33	144	
650	2534	116562	0	2534738	2429828	0	1279	34	150	
675	2680	121917	0	2680681	2469499	0	1342	37	161	
700	2868	127510	0	2868010	2507690	0	1401	44	168	
725	3008	132405	0	3008653	2544226	0	1450	48	172	
750	3112	136808	0	3112487	2580007	0	1502	48	172	
775	3229	141614	0	3229482	2614387	0	1566	48	179	
800	3343	146384	0	3343834	2647644	0	1631	48	181	
825	3477	151377	0	3477204	2680061	0	1697	49	184	
850	3625	156647	0	3625385	2711280	0	1765	51	191	
875	3754	161578	0	3754568	2741526	0	1834	51	197	
900	3890	166458	0	3890417	2771049	0	1900	51	202	
925	4004	171239	0	4004473	2799518	0	1965	51	204	
950	4158	176451	0	4158375	2827504	0	2029	53	212	
975	4291	181403	0	4291013	2854819	0	2099	53	218	
1000	4453	186784	0	4453879	2881257	0	2169	55	227	
1025	4592	191772	0	4592172	2906662	0	2234	56	232	
1050	4798	197494	0	4798939	2931531	0	2297	62	243	
1075	4932	202269	0	4932676	2956450	0	2360	62	250	
1100	5109	207578	0	5109402	2980563	0	2421	66	255	
1125	5245	212376	0	5245846	3004066	0	2479	67	260	
1150	5385	217269	0	5385466	3027067	0	2539	68	266	
1175	5537	222283	0	5537163	3049642	0	2603	69	271	
1200	5684	227362	0	5684266	3071807	0	2669	70	279	
1225	5847	232510	0	5847049	3093440	0	2730	72	288	
1250	6008	237622	0	6008453	3114753	0	2797	73	297	
1275	6193	243103	0	6193033	3135340	0	2863	76	308	
1300	6339	247838	0	6339181	3155592	0	2925	76	310	
1325	6550	253229	0	6550898	3167880	0	2969	86	319	
1350	6670	257979	0	6670714	3167880	0	3033	86	322	
1375	6842	263555	0	6842535	3167880	0	3108	88	329	
1400	7064	269782	0	7064276	3167880	0	3190	95	337	
1425	7229	275193	0	7229092	3167880	0	3273	95	341	
1450	7416	280946	0	7416680	3167880	0	3350	99	346	
1475	7565	286123	0	7565926	3167880	0	3426	99	349	
1500	7726	291486	0	7726586	3167880	0	3503	100	353	
1525	7912	297363	0	7912866	3167880	0	3591	102	361	
1550	8093	302828	0	8093469	3167880	0	3677	102	363	
1575	8348	309196	0	8348784	3167880	0	3765	107	371	
1600	8522	314665	0	8522121	3167880	0	3842	109	375	
1625	8687	320002	0	8687855	3167880	0	3924	109	377	
1650	8836	325237	0	8836434	3167880	0	4005	109	379	
1675	9022	330849	0	9022571	3167880	0	4089	110	383	
1700	9216	336549	0	9216851	3167880	0	4176	111	389	
1725	9398	342073	0	9398596	3167880	0	4263	111	395	
1750	9565	347547	0	9565973	3167880	0	4351	111	399	
1775	9773	353491	0	9773280	3167880	0	4442	113	406	
1800	9977	359147	0	9977978	3167880	0	4533	113	408	
1825	10161	364720	0	10161519	3167880	0	4622	113	416	
1850	10369	370581	0	10369653	3167880	0	4715	114	421	
1875	10591	376695	0	10591532	3167880	0	4811	116	428	
1900	10826	382800	0	10826612	3167880	0	4903	118	436	
1925	11016	388321	0	11016116	3167880	0	4992	118	439	
1950	11267	394713	0	11267000	3167880	0	5088	122	448	
1975	11451	400134	0	11451407	3167880	0	5174	122	450	
2000	11638	405846	0	11638301	3167880	0	5263	123	455	
2025	11830	411469	0	11830703	3167880	0	5346	124	460	
2050	12020	417021	0	12020102	3167880	0	5435	124	464	
2075	12227	422670	0	12227150	3167880	0	5525	124	470	
2100	12460	428840	0	12460572	3167880	0	5620	126	479	
2125	12664	434598	0	12664870	3167880	0	5704	128	485	
2150	12885	440737	0	12885397	3167880	0	5800	130	494	
2175	13083	446374	0	13083050	3167880	0	5891	130	501	
2200	13327	452646	0	13327112	3167880	0	5983	133	510	
2225	13668	459724	0	13668233	3167880	0	6077	141	521	
2250	13844	465091	0	13844068	3167880	0	6159	141	529	
2275	14024	470489	0	14024065	3167880	0	6243	141	531	
2300	14327	477137	0	14327650	3167880	0	6318	151	540	
2325	14462	481914	0	14462210	3167880	0	6383	151	543	
2350	14637	487189	0	14637360	3167880	0	6461	151	547	
2375	14828	492631	0	14828385	3167880	0	6543	151	554	
2400	15045	498295	0	15045221	3167880	0	6609	156	560	
2425	15296	504641	0	15296977	3167880	0	6694	161	573	
2450	15459	509926	0	15459598	3167880	0	6768	162	579	
2475	15685	515938	0	15685138	3167880	0	6853	166	585	
2500	15866	521388	0	15866665	3167880	0	6939	166	589	
2525	16047	526761	0	16047286	3167880	0	7021	166	594	
2550	16245	532403	0	16245864	3167880	0	7105	167	602	
2575	16427	537816	0	16427396	3167880	0	7189	167	607	
2600	16644	543828	0	16644176	3167880	0	7274	170	615	
2625	16890	549841	0	16890870	3167880	0	7363	172	621	
2650	17088	555407	0	17088611	3175975	0	7442	174	626	
2675	17347	561807	0	17347967	3185919	0	7531	178	638	
2700	17535	567278	0	17535398	3195660	0	7618	178	641	
2725	17716	572747	0	17716918	3205392	0	7704	178	647	
2750	17908	578183	0	17908920	3215097	0	7789	178	650	
2775	18130	583863	0	18130980	3224570	0	7873	179	656	
2800	18330	589287	0	18330590	3234181	0	7958	179	660	
2825	18549	595076	0	18549365	3243567	0	8045	181	662	
2850	18784	601038	0	18784264	3252790	0	8130	184	670	
2875	19003	606540	0	19003874	3261792	0	8215	184	676	
2900	19222	612323	0	19222405	3270919	0	8298	186	683	
2925	19432	618147	0	19432779	3279984	0	8384	188	691	
2950	19658	623648	0	19658839	3288941	0	8469	188	695	
2975	19858	629097	0	19858708	3297643	0	8553	188	700	
3000	20076	634766	0	20076296	3306346	0	8638	189	705	
3025	20274	640410	0	20274874	3315147	0	8725	190	707	
3050	20467	645743	0	20467080	3324057	0	8806	190	710	
3075	20689	651581	0	20689114	3332759	0	8891	192	718	
3100	20912	657141	0	20912248	3341254	0	8980	192	720	
3125	21183	663293	0	21183858	3349744	0	9067	196	729	
3150	21424	669150	0	21424270	3358132	0	9155	198	734	
3175	21662	674995	0	21662151	3366529	0	9239	200	740	
3200	21857	680613	0	21857968	3374659	0	9331	200	745	
3225	22050	685999	0	22050928	3382841	0	9414	200	746	
3250	22234	691415	0	22234959	3391008	0	9500	200	749	
3275	22443	697110	0	22443356	3399077	0	9586	201	757	
3300	22761	703730	0	22761153	3407001	0	9674	207	768	
3325	22960	709061	0	22960247	3414715	0	9754	207	771	
3350	23148	714480	0	23148548	3422611	0	9839	207	774	
3375	23425	720834	0	23425052	3430391	0	9926	211	786	
3400	23638	726631	0	23638289	3438087	0	10015	213	790	
3425	23876	732463	0	23876128	3445755	0	10099	215	795	
3450	24077	737987	0	24077164	3453475	0	10187	215	800	
3475	24296	743703	0	24296681	3461086	0	10273	216	805	
3500	24510	749223	0	24510254	3468467	0	10358	216	811	
3525	24722	754911	0	24722386	3476029	0	10446	217	815	
3550	24909	760346	0	24909868	3483497	0	10532	217	818	
3575	25101	765746	0	25101549	3490931	0	10616	217	819	
3600	25336	771485	0	25336224	3498289	0	10703	218	823	
3625	25530	777062	0	25530152	3505590	0	10794	218	827	
3650	25787	782979	0	25787136	3512791	0	10884	219	834	
3675	26009	788658	0	26009928	3520007	0	10977	219	836	
3700	26227	794495	0	26227015	3527207	0	11067	221	840	
3725	26440	800281	0	26440722	3534429	0	11157	222	846	
3750	26661	805899	0	26661666	3541567	0	11248	222	851	
3775	26893	811499	0	26893870	3548532	0	11336	222	853	
3800	27175	817731	0	27175420	3555347	0	11432	224	861	
3825	27419	823678	0	27419882	3562189	0	11523	226	865	
3850	27649	829468	0	27649652	3568932	0	11612	227	871	
3875	27877	835280	0	27877635	3575791	0	11702	228	878	
3900	28065	840729	0	28065090	3582504	0	11787	228	883	
3925	28325	846765	0	28325247	3589296	0	11877	230	890	
3950	28587	852713	0	28587767	3595911	0	11970	231	898	
3975	28858	858947	0	28858781	3602566	0	12063	234	908	
4000	29092	864603	0	29092345	3609125	0	12153	234	912	
4025	29308	870316	0	29308713	3615641	0	12246	234	919	
4050	29521	876048	0	29521945	3622091	0	12333	235	926	
4075	29730	881754	0	29730238	3628720	0	12419	236	934	
4100	29994	888028	0	29994748	3635235	0	12506	241	942	
4125	30251	893910	0	30251332	3641591	0	12596	242	949	
4150	30491	899511	0	30491989	3647914	0	12683	242	951	
4175	30687	904965	0	30687646	3654114	0	12769	242	954	
4200	30917	910708	0	30917963	3660395	0	12858	243	956	
4225	31156	916499	0	31156003	3666573	0	12945	244	963	
4250	31470	923133	0	31470796	3672773	0	13038	250	974	
4275	31642	928153	0	31642855	3678926	0	13109	250	977	
4300	31830	933672	0	31830579	3685125	0	13197	250	984	
4325	32064	939443	0	32064691	3691180	0	13285	251	988	
4350	32286	945169	0	32286710	3697230	0	13372	252	995	
4375	32489	950731	0	32489203	3703104	0	13456	253	998	
4400	32736	956677	0	32736008	3709145	0	13548	254	1009	
4425	32954	962338	0	32954777	3715129	0	13640	254	1017	
4450	33222	968364	0	33222388	3721044	0	13729	256	1024	
4475	33470	974271	0	33470501	3726990	0	13820	257	1032	
4500	33760	980418	0	33760442	3732740	0	13908	260	1041	
4525	33996	986076	0	33996371	3738622	0	13998	260	1046	
4550	34188	991509	0	34188855	3744437	0	14083	260	1050	
4575	34370	996955	0	34370729	3750184	0	14169	260	1056	
4600	34626	1003168	0	34626756	3755966	0	14256	264	1065	
4625	34850	1008798	0	34850600	3761753	0	14345	264	1070	
4650	35108	1014698	0	35108925	3767351	0	14430	266	1077	
4675	35359	1020660	0	35359035	3773005	0	14518	268	1084	
4700	35605	1026489	0	35605364	3778632	0	14607	269	1091	
4725	35813	1031790	0	35813529	3784116	0	14686	269	1094	
4750	36153	1038668	0	36153597	3789635	0	14770	277	1108	
4775	36320	1043536	0	36320967	3795038	0	14836	277	1109	
4800	36558	1049523	0	36558688	3800591	0	14925	279	1118	
4825	36815	1055686	0	36815108	3806110	0	15013	282	1128	
4850	37043	1061395	0	37043190	3811375	0	15099	283	1137	
4875	37262	1066875	0	37262884	3816715	0	15174	285	1140	
4900	37474	1072392	0	37474066	3822037	0	15262	285	1141	
4925	37690	1077904	0	37690244	3827362	0	15348	285	1145	
4950	37921	1083452	0	37921897	3832600	0	15435	285	1151	
4975	38154	1089226	0	38154794	3837855	0	15529	285	1159	
5000	38382	1094713	0	38382209	3843195	0	15613	285	1165	
5025	38646	1100740	0	38646012	3848373	0	15698	288	1172	
5050	38942	1107305	0	38942546	3853635	0	15793	292	1185	
5075	39188	1113028	0	39188074	3858780	0	15885	292	1191	
5100	39415	1118627	0	39415124	3863894	0	15968	293	1196	
5125	39649	1124387	0	39649832	3868976	0	16058	294	1199	
