#input	time	ios	pfs	timems	pbo	dbo	ibo	pbu	ndo	ars	
64	1	2047	0	1085	0	0	0	0	0	0	
128	3	4095	0	3174	0	0	0	0	0	0	
192	4	6143	0	4400	0	0	0	0	0	0	
256	5	8191	0	5823	0	0	0	0	0	0	
320	7	10239	0	7814	0	0	0	0	0	0	
384	8	12287	0	8896	0	0	0	0	0	0	
448	10	14335	0	10440	0	0	0	0	0	0	
512	11	16383	0	11785	0	0	0	0	0	0	
576	13	18431	0	13084	0	0	0	0	0	0	
640	14	20479	0	14199	0	0	0	0	0	0	
704	15	22527	0	15388	0	0	0	0	0	0	
768	16	24575	0	16733	0	0	0	0	0	0	
832	17	26623	0	17861	0	0	0	0	0	0	
896	18	28671	0	18985	0	0	0	0	0	0	
960	20	30719	0	20223	0	0	0	0	0	0	
1024	21	32767	0	21568	0	0	0	0	0	0	
1088	23	34815	0	23217	0	0	0	0	0	0	
1152	24	36863	0	24325	0	0	0	0	0	0	
1216	26	38911	0	26396	0	0	0	0	0	0	
1280	27	40959	0	27558	0	0	0	0	0	0	
1344	29	43007	0	29526	0	0	0	0	0	0	
1408	31	45055	0	31216	0	0	0	0	0	0	
1472	33	47103	0	33025	0	0	0	0	0	0	
1536	34	49151	0	34142	0	0	0	0	0	0	
1600	36	51199	0	36246	0	0	0	0	0	0	
1664	37	53247	0	37578	0	0	0	0	0	0	
1728	39	55295	0	39981	0	0	0	0	0	0	
1792	41	57343	0	41171	0	0	0	0	0	0	
1856	42	59391	0	42839	0	0	0	0	0	0	
1920	43	61439	0	43998	0	0	0	0	0	0	
1984	46	63487	0	46098	0	0	0	0	0	0	
2048	47	65535	0	47468	0	0	0	0	0	0	
2112	48	67583	0	48833	0	0	0	0	0	0	
2176	50	69631	0	50471	0	0	0	0	0	0	
2240	51	71679	0	51858	0	0	0	0	0	0	
2304	52	73727	0	52985	0	0	0	0	0	0	
2368	54	75775	0	54397	0	0	0	0	0	0	
2432	56	77823	0	56027	0	0	0	0	0	0	
2496	57	79871	0	57590	0	0	0	0	0	0	
2560	58	81919	0	58702	0	0	0	0	0	0	
2624	59	83967	0	59821	0	0	0	0	0	0	
2688	61	86015	0	61214	0	0	0	0	0	0	
2752	63	88063	0	63063	0	0	0	0	0	0	
2816	64	90111	0	64181	0	0	0	0	0	0	
2880	66	92159	0	66264	0	0	0	0	0	0	
2944	67	94207	0	67989	0	0	0	0	0	0	
3008	69	96255	0	69127	0	0	0	0	0	0	
3072	71	98303	0	71196	0	0	0	0	0	0	
3136	72	100351	0	72873	0	0	0	0	0	0	
3200	73	102399	0	73986	0	0	0	0	0	0	
3264	75	104447	0	75280	0	0	0	0	0	0	
3328	76	106495	0	76400	0	0	0	0	0	0	
3392	77	108543	0	77540	0	0	0	0	0	0	
3456	78	110591	0	78663	0	0	0	0	0	0	
3520	79	112639	0	79812	0	0	0	0	0	0	
3584	81	114687	0	81071	0	0	0	0	0	0	
3648	83	116735	0	83002	0	0	0	0	0	0	
3712	84	118783	0	84218	0	0	0	0	0	0	
3776	86	120831	0	86432	0	0	0	0	0	0	
3840	87	122879	0	87767	0	0	0	0	0	0	
3904	90	124927	0	90013	0	0	0	0	0	0	
3968	91	126975	0	91846	0	0	0	0	0	0	
4032	93	129023	0	93200	0	0	0	0	0	0	
4096	94	131071	0	94570	0	0	0	0	0	0	
4160	96	133119	0	96957	0	0	0	0	0	0	
4224	98	135167	0	98673	0	0	0	0	0	0	
4288	99	137215	0	99946	0	0	0	0	0	0	
4352	101	139263	0	101284	0	0	0	0	0	0	
4416	102	141311	0	102886	0	0	0	0	0	0	
4480	104	143359	0	104013	0	0	0	0	0	0	
4544	105	145407	0	105775	0	0	0	0	0	0	
4608	107	147455	0	107063	0	0	0	0	0	0	
4672	108	149503	0	108712	0	0	0	0	0	0	
4736	112	151551	0	112038	0	0	0	0	0	0	
4800	113	153599	0	113411	0	0	0	0	0	0	
4864	114	155647	0	114536	0	0	0	0	0	0	
4928	116	157695	0	116583	0	0	0	0	0	0	
4992	117	159743	0	117910	0	0	0	0	0	0	
5056	119	161791	0	119074	0	0	0	0	0	0	
5120	120	163839	0	120398	0	0	0	0	0	0	
