#input	time	ios	pfs	timems	pbo	dbo	ibo	pbu	ndo	ars	
64	1	0	0	1880	0	0	0	0	0	0	
128	4	0	0	4550	0	0	0	0	0	0	
192	6	0	0	6706	0	0	0	0	0	0	
256	8	0	0	8592	0	0	0	0	0	0	
320	10	0	0	10684	0	0	0	0	0	0	
384	12	0	0	12574	0	0	0	0	0	0	
448	14	0	0	14458	0	0	0	0	0	0	
512	16	0	0	16419	0	0	0	0	0	0	
576	18	0	0	18747	0	0	0	0	0	0	
640	20	0	0	20792	0	0	0	0	0	0	
704	22	0	0	22719	0	0	0	0	0	0	
768	24	0	0	24628	0	0	0	0	0	0	
832	26	0	0	26737	0	0	0	0	0	0	
896	28	0	0	28654	0	0	0	0	0	0	
960	30	0	0	30883	0	0	0	0	0	0	
1024	32	0	0	32813	0	0	0	0	0	0	
1088	34	0	0	34723	0	0	0	0	0	0	
1152	36	0	0	36821	0	0	0	0	0	0	
1216	39	0	0	39047	0	0	0	0	0	0	
1280	41	0	0	41223	0	0	0	0	0	0	
1344	43	0	0	43162	0	0	0	0	0	0	
1408	45	0	0	45190	0	0	0	0	0	0	
1472	47	0	0	47315	0	0	0	0	0	0	
1536	49	0	0	49242	0	0	0	0	0	0	
1600	51	0	0	51221	0	0	0	0	0	0	
1664	53	0	0	53135	0	0	0	0	0	0	
1728	55	0	0	55225	0	0	0	0	0	0	
1792	57	0	0	57236	0	0	0	0	0	0	
1856	59	0	0	59167	0	0	0	0	0	0	
1920	61	0	0	61155	0	0	0	0	0	0	
1984	63	0	0	63073	0	0	0	0	0	0	
2048	65	0	0	65256	0	0	0	0	0	0	
2112	67	0	0	67169	0	0	0	0	0	0	
2176	69	0	0	69084	0	0	0	0	0	0	
2240	71	0	0	71779	0	0	0	0	0	0	
2304	73	0	0	73705	0	0	0	0	0	0	
2368	76	0	0	76272	0	0	0	0	0	0	
2432	78	0	0	78196	0	0	0	0	0	0	
2496	81	0	0	81000	0	0	0	0	0	0	
2560	82	0	0	82904	0	0	0	0	0	0	
2624	84	0	0	84829	0	0	0	0	0	0	
2688	86	0	0	86768	0	0	0	0	0	0	
2752	88	0	0	88694	0	0	0	0	0	0	
2816	90	0	0	90629	0	0	0	0	0	0	
2880	92	0	0	92541	0	0	0	0	0	0	
2944	94	0	0	94461	0	0	0	0	0	0	
3008	96	0	0	96906	0	0	0	0	0	0	
3072	98	0	0	98835	0	0	0	0	0	0	
3136	100	0	0	100786	0	0	0	0	0	0	
3200	102	0	0	102706	0	0	0	0	0	0	
3264	104	0	0	104634	0	0	0	0	0	0	
3328	106	0	0	106860	0	0	0	0	0	0	
3392	108	0	0	108782	0	0	0	0	0	0	
3456	110	0	0	110850	0	0	0	0	0	0	
3520	113	0	0	113401	0	0	0	0	0	0	
3584	115	0	0	115391	0	0	0	0	0	0	
3648	117	0	0	117318	0	0	0	0	0	0	
3712	119	0	0	119241	0	0	0	0	0	0	
3776	121	0	0	121279	0	0	0	0	0	0	
3840	123	0	0	123194	0	0	0	0	0	0	
3904	125	0	0	125325	0	0	0	0	0	0	
3968	127	0	0	127264	0	0	0	0	0	0	
4032	129	0	0	129181	0	0	0	0	0	0	
4096	131	0	0	131115	0	0	0	0	0	0	
4160	133	0	0	133326	0	0	0	0	0	0	
4224	135	0	0	135489	0	0	0	0	0	0	
4288	137	0	0	137575	0	0	0	0	0	0	
4352	139	0	0	139497	0	0	0	0	0	0	
4416	141	0	0	141567	0	0	0	0	0	0	
4480	143	0	0	143492	0	0	0	0	0	0	
4544	145	0	0	145683	0	0	0	0	0	0	
4608	147	0	0	147700	0	0	0	0	0	0	
4672	149	0	0	149617	0	0	0	0	0	0	
4736	151	0	0	151782	0	0	0	0	0	0	
4800	153	0	0	153720	0	0	0	0	0	0	
4864	155	0	0	155648	0	0	0	0	0	0	
4928	157	0	0	157585	0	0	0	0	0	0	
4992	159	0	0	159509	0	0	0	0	0	0	
5056	161	0	0	161455	0	0	0	0	0	0	
5120	163	0	0	163715	0	0	0	0	0	0	
