#input	time	ios	pfs	timems	pbo	dbo	ibo	pbu	ndo	ars	
64	1	0	2047	1133	0	0	0	0	0	0	
128	2	0	4095	2963	0	0	0	0	0	0	
192	4	0	6143	4288	0	0	0	0	0	0	
256	6	0	8191	6020	0	0	0	0	0	0	
320	7	0	10239	7441	0	0	0	0	0	0	
384	8	0	12287	8717	0	0	0	0	0	0	
448	10	0	14335	10937	0	0	0	0	0	0	
512	12	0	16383	12464	0	0	0	0	0	0	
576	13	0	18431	13610	0	0	0	0	0	0	
640	15	0	20479	15207	0	0	0	0	0	0	
704	16	0	22527	16369	0	0	0	0	0	0	
768	17	0	24575	17360	0	0	0	0	0	0	
832	19	0	26623	19103	0	0	0	0	0	0	
896	20	0	28671	20275	0	0	0	0	0	0	
960	21	0	29355	21381	0	0	0	0	0	0	
1024	22	0	30038	22382	0	0	0	0	0	0	
1088	24	0	30721	24004	0	0	0	0	0	0	
1152	25	0	31403	25131	0	0	0	0	0	0	
1216	26	0	32086	26217	0	0	0	0	0	0	
1280	27	0	32769	27227	0	0	0	0	0	0	
1344	28	0	33452	28571	0	0	0	0	0	0	
1408	29	0	34134	29731	0	0	0	0	0	0	
1472	31	0	34817	31371	0	0	0	0	0	0	
1536	32	0	35500	32384	0	0	0	0	0	0	
1600	33	0	36183	33665	0	0	0	0	0	0	
1664	34	0	36865	34673	0	0	0	0	0	0	
1728	36	0	37548	36050	0	0	0	0	0	0	
1792	37	0	38231	37069	0	0	0	0	0	0	
1856	38	0	38914	38345	0	0	0	0	0	0	
1920	39	0	39596	39370	0	0	0	0	0	0	
1984	40	0	40108	40819	0	0	0	0	0	0	
2048	41	0	40620	41845	0	0	0	0	0	0	
2112	43	0	41132	43190	0	0	0	0	0	0	
2176	44	0	41644	44222	0	0	0	0	0	0	
2240	45	0	42156	45955	0	0	0	0	0	0	
2304	46	0	42668	46982	0	0	0	0	0	0	
2368	48	0	43180	48192	0	0	0	0	0	0	
2432	49	0	43692	49247	0	0	0	0	0	0	
2496	50	0	44204	50274	0	0	0	0	0	0	
2560	51	0	44716	51759	0	0	0	0	0	0	
2624	52	0	45228	52809	0	0	0	0	0	0	
2688	54	0	45740	54195	0	0	0	0	0	0	
2752	55	0	46252	55221	0	0	0	0	0	0	
2816	56	0	46764	56510	0	0	0	0	0	0	
2880	57	0	47276	57675	0	0	0	0	0	0	
2944	58	0	47788	58709	0	0	0	0	0	0	
3008	60	0	48198	60118	0	0	0	0	0	0	
3072	61	0	48608	61332	0	0	0	0	0	0	
3136	62	0	49018	62428	0	0	0	0	0	0	
3200	63	0	49427	63467	0	0	0	0	0	0	
3264	64	0	49837	64800	0	0	0	0	0	0	
3328	66	0	50247	66051	0	0	0	0	0	0	
3392	67	0	50657	67108	0	0	0	0	0	0	
3456	68	0	51066	68393	0	0	0	0	0	0	
3520	69	0	51476	69485	0	0	0	0	0	0	
3584	71	0	51886	71207	0	0	0	0	0	0	
3648	72	0	52296	72446	0	0	0	0	0	0	
3712	73	0	52705	73488	0	0	0	0	0	0	
3776	74	0	53115	74795	0	0	0	0	0	0	
3840	75	0	53525	75988	0	0	0	0	0	0	
3904	77	0	53935	77099	0	0	0	0	0	0	
3968	78	0	54344	78349	0	0	0	0	0	0	
4032	79	0	54347	79490	0	0	0	0	0	0	
4096	80	0	54347	80613	0	0	0	0	0	0	
4160	81	0	54350	81841	0	0	0	0	0	0	
4224	83	0	54350	83099	0	0	0	0	0	0	
4288	84	0	54353	84220	0	0	0	0	0	0	
4352	85	0	54353	85340	0	0	0	0	0	0	
4416	86	0	54356	86575	0	0	0	0	0	0	
4480	87	0	54356	87748	0	0	0	0	0	0	
4544	88	0	54358	88804	0	0	0	0	0	0	
4608	90	0	54358	90293	0	0	0	0	0	0	
4672	91	0	54361	91491	0	0	0	0	0	0	
4736	92	0	54361	92547	0	0	0	0	0	0	
4800	93	0	54364	93724	0	0	0	0	0	0	
4864	95	0	54364	95066	0	0	0	0	0	0	
4928	96	0	54367	96238	0	0	0	0	0	0	
4992	97	0	54367	97568	0	0	0	0	0	0	
5056	98	0	54623	98623	0	0	0	0	0	0	
5120	99	0	54879	99755	0	0	0	0	0	0	
