#input	time	ios	pfs	timems	pbo	dbo	ibo	pbu	ndo	ars	
64	0	0	0	839	0	0	0	0	0	0	
128	2	0	1	2073	0	0	0	0	0	0	
192	4	0	1	4033	0	0	0	0	0	0	
256	4	0	1	4946	0	0	0	0	0	0	
320	6	0	1	6743	0	0	0	0	0	0	
384	7	0	1	7852	0	0	0	0	0	0	
448	9	0	1	9677	0	0	0	0	0	0	
512	10	0	1	10918	0	0	0	0	0	0	
576	12	0	1	12657	0	0	0	0	0	0	
640	14	0	1	14332	0	0	0	0	0	0	
704	16	0	1	16031	0	0	0	0	0	0	
768	17	0	1	17118	0	0	0	0	0	0	
832	19	0	1	19571	0	0	0	0	0	0	
896	21	0	1	21348	0	0	0	0	0	0	
960	22	0	1	22569	0	0	0	0	0	0	
1024	24	0	1	24367	0	0	0	0	0	0	
1088	26	0	1	26760	0	0	0	0	0	0	
1152	28	0	1	28009	0	0	0	0	0	0	
1216	29	0	1	29906	0	0	0	0	0	0	
1280	31	0	1	31782	0	0	0	0	0	0	
1344	34	0	1	34568	0	0	0	0	0	0	
1408	36	0	1	36430	0	0	0	0	0	0	
1472	37	0	1	37823	0	0	0	0	0	0	
1536	39	0	1	39471	0	0	0	0	0	0	
1600	41	0	1	41500	0	0	0	0	0	0	
1664	43	0	1	43072	0	0	0	0	0	0	
1728	44	0	1	44225	0	0	0	0	0	0	
1792	46	0	1	46463	0	0	0	0	0	0	
1856	48	0	1	48040	0	0	0	0	0	0	
1920	48	0	1	48995	0	0	0	0	0	0	
1984	51	0	1	51619	0	0	0	0	0	0	
2048	52	0	1	52697	0	0	0	0	0	0	
2112	53	0	1	53988	0	0	0	0	0	0	
2176	56	0	1	56979	0	0	0	0	0	0	
2240	58	0	1	58144	0	0	0	0	0	0	
2304	59	0	1	59401	0	0	0	0	0	0	
2368	61	0	1	61523	0	0	0	0	0	0	
2432	62	0	1	62823	0	0	0	0	0	0	
2496	63	0	1	63979	0	0	0	0	0	0	
2560	66	0	1	66172	0	0	0	0	0	0	
2624	67	0	1	67279	0	0	0	0	0	0	
2688	68	0	1	68547	0	0	0	0	0	0	
2752	70	0	1	70498	0	0	0	0	0	0	
2816	71	0	1	71956	0	0	0	0	0	0	
2880	73	0	1	73976	0	0	0	0	0	0	
2944	75	0	1	75530	0	0	0	0	0	0	
3008	77	0	1	77740	0	0	0	0	0	0	
3072	79	0	1	79353	0	0	0	0	0	0	
3136	81	0	1	81547	0	0	0	0	0	0	
3200	82	0	1	82865	0	0	0	0	0	0	
3264	85	0	1	85140	0	0	0	0	0	0	
3328	86	0	1	86442	0	0	0	0	0	0	
3392	89	0	1	89218	0	0	0	0	0	0	
3456	90	0	1	90507	0	0	0	0	0	0	
3520	93	0	1	93608	0	0	0	0	0	0	
3584	94	0	1	94625	0	0	0	0	0	0	
3648	96	0	1	96099	0	0	0	0	0	0	
3712	98	0	1	98705	0	0	0	0	0	0	
3776	99	0	1	99843	0	0	0	0	0	0	
3840	100	0	1	100947	0	0	0	0	0	0	
3904	102	0	1	102782	0	0	0	0	0	0	
3968	104	0	1	104269	0	0	0	0	0	0	
4032	106	0	1	106264	0	0	0	0	0	0	
4096	107	0	1	107335	0	0	0	0	0	0	
4160	109	0	1	109151	0	0	0	0	0	0	
4224	110	0	1	110858	0	0	0	0	0	0	
4288	112	0	1	112983	0	0	0	0	0	0	
4352	114	0	1	114555	0	0	0	0	0	0	
4416	116	0	1	116437	0	0	0	0	0	0	
4480	117	0	1	117545	0	0	0	0	0	0	
4544	119	0	1	119621	0	0	0	0	0	0	
4608	120	0	1	120958	0	0	0	0	0	0	
4672	122	0	1	122826	0	0	0	0	0	0	
4736	125	0	1	125251	0	0	0	0	0	0	
4800	126	0	1	126213	0	0	0	0	0	0	
4864	128	0	1	128633	0	0	0	0	0	0	
4928	130	0	1	130081	0	0	0	0	0	0	
4992	131	0	1	131622	0	0	0	0	0	0	
5056	133	0	1	133684	0	0	0	0	0	0	
5120	135	0	1	135642	0	0	0	0	0	0	
