#input	time	ios	pfs	timems	pbo	dbo	ibo	pbu	ndo	ars	
64	1	0	0	1874	0	0	0	0	0	0	
128	4	0	1	4708	0	0	0	0	0	0	
192	6	0	1	6608	0	0	0	0	0	0	
256	8	0	1	8480	0	0	0	0	0	0	
320	10	0	1	10539	0	0	0	0	0	0	
384	12	0	1	12518	0	0	0	0	0	0	
448	14	0	1	14385	0	0	0	0	0	0	
512	16	0	1	16286	0	0	0	0	0	0	
576	18	0	1	18701	0	0	0	0	0	0	
640	20	0	1	20675	0	0	0	0	0	0	
704	22	0	1	22825	0	0	0	0	0	0	
768	24	0	1	24715	0	0	0	0	0	0	
832	26	0	1	26915	0	0	0	0	0	0	
896	28	0	1	28816	0	0	0	0	0	0	
960	30	0	1	30815	0	0	0	0	0	0	
1024	32	0	1	32719	0	0	0	0	0	0	
1088	35	0	1	35314	0	0	0	0	0	0	
1152	37	0	1	37222	0	0	0	0	0	0	
1216	39	0	1	39240	0	0	0	0	0	0	
1280	41	0	1	41262	0	0	0	0	0	0	
1344	43	0	1	43171	0	0	0	0	0	0	
1408	45	0	1	45085	0	0	0	0	0	0	
1472	47	0	1	47236	0	0	0	0	0	0	
1536	49	0	1	49143	0	0	0	0	0	0	
1600	51	0	1	51143	0	0	0	0	0	0	
1664	53	0	1	53045	0	0	0	0	0	0	
1728	56	0	1	56069	0	0	0	0	0	0	
1792	57	0	1	57972	0	0	0	0	0	0	
1856	59	0	1	59896	0	0	0	0	0	0	
1920	62	0	1	62648	0	0	0	0	0	0	
1984	64	0	1	64679	0	0	0	0	0	0	
2048	66	0	1	66652	0	0	0	0	0	0	
2112	68	0	1	68559	0	0	0	0	0	0	
2176	71	0	1	71149	0	0	0	0	0	0	
2240	73	0	1	73042	0	0	0	0	0	0	
2304	75	0	1	75139	0	0	0	0	0	0	
2368	77	0	1	77686	0	0	0	0	0	0	
2432	79	0	1	79593	0	0	0	0	0	0	
2496	82	0	1	82081	0	0	0	0	0	0	
2560	83	0	1	83984	0	0	0	0	0	0	
2624	86	0	1	86253	0	0	0	0	0	0	
2688	88	0	1	88161	0	0	0	0	0	0	
2752	90	0	1	90301	0	0	0	0	0	0	
2816	92	0	1	92211	0	0	0	0	0	0	
2880	94	0	1	94120	0	0	0	0	0	0	
2944	96	0	1	96260	0	0	0	0	0	0	
3008	99	0	1	99477	0	0	0	0	0	0	
3072	101	0	1	101620	0	0	0	0	0	0	
3136	103	0	1	103517	0	0	0	0	0	0	
3200	105	0	1	105696	0	0	0	0	0	0	
3264	108	0	1	108008	0	0	0	0	0	0	
3328	110	0	1	110040	0	0	0	0	0	0	
3392	112	0	1	112206	0	0	0	0	0	0	
3456	114	0	1	114107	0	0	0	0	0	0	
3520	116	0	1	116311	0	0	0	0	0	0	
3584	118	0	1	118220	0	0	0	0	0	0	
3648	120	0	1	120484	0	0	0	0	0	0	
3712	122	0	1	122735	0	0	0	0	0	0	
3776	124	0	1	124632	0	0	0	0	0	0	
3840	126	0	1	126878	0	0	0	0	0	0	
3904	129	0	1	129122	0	0	0	0	0	0	
3968	131	0	1	131123	0	0	0	0	0	0	
4032	133	0	1	133040	0	0	0	0	0	0	
4096	135	0	1	135169	0	0	0	0	0	0	
4160	137	0	1	137078	0	0	0	0	0	0	
4224	138	0	1	138993	0	0	0	0	0	0	
4288	141	0	1	141251	0	0	0	0	0	0	
4352	143	0	1	143399	0	0	0	0	0	0	
4416	145	0	1	145337	0	0	0	0	0	0	
4480	147	0	1	147255	0	0	0	0	0	0	
4544	149	0	1	149175	0	0	0	0	0	0	
4608	151	0	1	151085	0	0	0	0	0	0	
4672	153	0	1	153001	0	0	0	0	0	0	
4736	155	0	1	155185	0	0	0	0	0	0	
4800	157	0	1	157100	0	0	0	0	0	0	
4864	159	0	1	159023	0	0	0	0	0	0	
4928	160	0	1	160928	0	0	0	0	0	0	
4992	162	0	1	162840	0	0	0	0	0	0	
5056	164	0	1	164760	0	0	0	0	0	0	
5120	166	0	1	166804	0	0	0	0	0	0	
