#input	time	ios	pfs	timems	pbo	dbo	ibo	pbu	ndo	ars	
64	0	0	4095	994	0	0	0	0	0	0	
128	2	0	8191	2324	0	0	0	0	0	0	
192	3	0	12287	3609	0	0	0	0	0	0	
256	4	0	14336	4622	0	0	0	0	0	0	
320	6	0	16384	6406	0	0	0	0	0	0	
384	7	0	18432	7422	0	0	0	0	0	0	
448	9	0	20480	9069	0	0	0	0	0	0	
512	10	0	20483	10420	0	0	0	0	0	0	
576	12	0	20483	12370	0	0	0	0	0	0	
640	13	0	20483	13443	0	0	0	0	0	0	
704	14	0	20483	14501	0	0	0	0	0	0	
768	16	0	20483	16165	0	0	0	0	0	0	
832	18	0	20483	18112	0	0	0	0	0	0	
896	19	0	20483	19208	0	0	0	0	0	0	
960	20	0	20483	20883	0	0	0	0	0	0	
1024	22	0	20483	22238	0	0	0	0	0	0	
1088	23	0	20483	23315	0	0	0	0	0	0	
1152	25	0	20483	25018	0	0	0	0	0	0	
1216	26	0	20483	26356	0	0	0	0	0	0	
1280	27	0	20483	27858	0	0	0	0	0	0	
1344	28	0	20483	28931	0	0	0	0	0	0	
1408	30	0	20483	30680	0	0	0	0	0	0	
1472	31	0	20483	31934	0	0	0	0	0	0	
1536	33	0	20483	33000	0	0	0	0	0	0	
1600	34	0	20483	34454	0	0	0	0	0	0	
1664	35	0	20483	35916	0	0	0	0	0	0	
1728	37	0	20483	37380	0	0	0	0	0	0	
1792	38	0	20483	38456	0	0	0	0	0	0	
1856	39	0	20483	39899	0	0	0	0	0	0	
1920	41	0	20483	41360	0	0	0	0	0	0	
1984	42	0	20483	42793	0	0	0	0	0	0	
2048	44	0	20483	44014	0	0	0	0	0	0	
2112	45	0	20483	45860	0	0	0	0	0	0	
2176	47	0	20484	47146	0	0	0	0	0	0	
2240	48	0	20485	48219	0	0	0	0	0	0	
2304	49	0	20487	49860	0	0	0	0	0	0	
2368	51	0	20490	51249	0	0	0	0	0	0	
2432	52	0	20492	52533	0	0	0	0	0	0	
2496	54	0	20494	54365	0	0	0	0	0	0	
2560	55	0	20766	55728	0	0	0	0	0	0	
2624	57	0	21040	57132	0	0	0	0	0	0	
2688	58	0	21313	58220	0	0	0	0	0	0	
2752	59	0	21586	59808	0	0	0	0	0	0	
2816	61	0	21842	61099	0	0	0	0	0	0	
2880	62	0	22098	62496	0	0	0	0	0	0	
2944	63	0	22354	63562	0	0	0	0	0	0	
3008	65	0	22610	65594	0	0	0	0	0	0	
3072	66	0	22892	66888	0	0	0	0	0	0	
3136	68	0	23175	68087	0	0	0	0	0	0	
3200	69	0	23457	69169	0	0	0	0	0	0	
3264	71	0	23740	71006	0	0	0	0	0	0	
3328	72	0	24013	72261	0	0	0	0	0	0	
3392	73	0	24286	73402	0	0	0	0	0	0	
3456	74	0	24558	74505	0	0	0	0	0	0	
3520	76	0	24832	76507	0	0	0	0	0	0	
3584	77	0	25011	77594	0	0	0	0	0	0	
3648	79	0	25189	79018	0	0	0	0	0	0	
3712	80	0	25368	80105	0	0	0	0	0	0	
3776	81	0	25547	81787	0	0	0	0	0	0	
3840	82	0	25549	82881	0	0	0	0	0	0	
3904	84	0	25550	84430	0	0	0	0	0	0	
3968	85	0	25551	85519	0	0	0	0	0	0	
4032	87	0	25552	87313	0	0	0	0	0	0	
4096	88	0	25553	88401	0	0	0	0	0	0	
4160	89	0	25554	89885	0	0	0	0	0	0	
4224	90	0	25555	90970	0	0	0	0	0	0	
4288	92	0	25556	92657	0	0	0	0	0	0	
4352	93	0	25557	93747	0	0	0	0	0	0	
4416	95	0	25558	95365	0	0	0	0	0	0	
4480	96	0	25559	96814	0	0	0	0	0	0	
4544	98	0	25560	98153	0	0	0	0	0	0	
4608	99	0	25561	99250	0	0	0	0	0	0	
4672	100	0	25562	100901	0	0	0	0	0	0	
4736	102	0	25563	102225	0	0	0	0	0	0	
4800	103	0	25564	103676	0	0	0	0	0	0	
4864	104	0	25565	104769	0	0	0	0	0	0	
4928	106	0	25566	106425	0	0	0	0	0	0	
4992	107	0	25567	107513	0	0	0	0	0	0	
5056	109	0	25568	109039	0	0	0	0	0	0	
5120	110	0	25569	110128	0	0	0	0	0	0	
