#input	time	ios	pfs	timems	pbo	dbo	ibo	pbu	ndo	ars	
8	0	511	0	139	0	0	0	0	0	0	
16	0	1024	0	571	0	0	0	0	0	0	
24	0	1537	0	718	0	0	0	0	0	0	
32	0	2050	0	864	0	0	0	0	0	0	
40	1	2563	0	1010	0	0	0	0	0	0	
48	1	3076	0	1158	0	0	0	0	0	0	
56	1	3589	0	1304	0	0	0	0	0	0	
64	1	4102	0	1451	0	0	0	0	0	0	
72	1	4615	0	1598	0	0	0	0	0	0	
80	1	5128	0	1747	0	0	0	0	0	0	
88	1	5641	0	1893	0	0	0	0	0	0	
96	2	6154	0	2041	0	0	0	0	0	0	
104	2	6667	0	2188	0	0	0	0	0	0	
112	2	7180	0	2335	0	0	0	0	0	0	
120	2	7693	0	2481	0	0	0	0	0	0	
128	2	8206	0	2628	0	0	0	0	0	0	
136	2	8719	0	2775	0	0	0	0	0	0	
144	2	9232	0	2921	0	0	0	0	0	0	
152	3	9745	0	3068	0	0	0	0	0	0	
160	3	10258	0	3216	0	0	0	0	0	0	
168	3	10771	0	3362	0	0	0	0	0	0	
176	3	11284	0	3509	0	0	0	0	0	0	
184	3	11797	0	3657	0	0	0	0	0	0	
192	3	12310	0	3804	0	0	0	0	0	0	
200	3	12823	0	3951	0	0	0	0	0	0	
208	4	13336	0	4098	0	0	0	0	0	0	
216	4	13849	0	4244	0	0	0	0	0	0	
224	4	14362	0	4391	0	0	0	0	0	0	
232	4	14875	0	4537	0	0	0	0	0	0	
240	4	15388	0	4684	0	0	0	0	0	0	
248	4	15901	0	4831	0	0	0	0	0	0	
256	4	16414	0	4979	0	0	0	0	0	0	
264	5	16927	0	5126	0	0	0	0	0	0	
272	5	17440	0	5273	0	0	0	0	0	0	
280	5	17953	0	5419	0	0	0	0	0	0	
288	5	18466	0	5566	0	0	0	0	0	0	
296	5	18979	0	5715	0	0	0	0	0	0	
304	5	19492	0	5862	0	0	0	0	0	0	
312	6	20005	0	6009	0	0	0	0	0	0	
320	6	20518	0	6156	0	0	0	0	0	0	
328	6	21031	0	6302	0	0	0	0	0	0	
336	6	21544	0	6449	0	0	0	0	0	0	
344	6	22057	0	6596	0	0	0	0	0	0	
352	6	22570	0	6743	0	0	0	0	0	0	
360	6	23083	0	6890	0	0	0	0	0	0	
368	7	23596	0	7037	0	0	0	0	0	0	
376	7	24109	0	7183	0	0	0	0	0	0	
384	7	24622	0	7330	0	0	0	0	0	0	
392	7	25135	0	7477	0	0	0	0	0	0	
400	7	25648	0	7625	0	0	0	0	0	0	
408	7	26161	0	7773	0	0	0	0	0	0	
416	7	26674	0	7921	0	0	0	0	0	0	
424	8	27187	0	8068	0	0	0	0	0	0	
432	8	27700	0	8215	0	0	0	0	0	0	
440	8	28213	0	8362	0	0	0	0	0	0	
448	8	28726	0	8509	0	0	0	0	0	0	
456	8	29239	0	8657	0	0	0	0	0	0	
464	8	29752	0	8806	0	0	0	0	0	0	
472	8	30265	0	8954	0	0	0	0	0	0	
480	9	30778	0	9101	0	0	0	0	0	0	
488	9	31291	0	9249	0	0	0	0	0	0	
496	9	31804	0	9397	0	0	0	0	0	0	
504	9	32317	0	9545	0	0	0	0	0	0	
512	9	32830	0	9694	0	0	0	0	0	0	
520	9	33343	0	9842	0	0	0	0	0	0	
528	9	33856	0	9990	0	0	0	0	0	0	
536	10	34369	0	10138	0	0	0	0	0	0	
544	10	34882	0	10285	0	0	0	0	0	0	
552	10	35395	0	10434	0	0	0	0	0	0	
560	10	35908	0	10581	0	0	0	0	0	0	
568	10	36421	0	10729	0	0	0	0	0	0	
576	10	36934	0	10876	0	0	0	0	0	0	
584	11	37447	0	11024	0	0	0	0	0	0	
592	11	37960	0	11171	0	0	0	0	0	0	
600	11	38473	0	11319	0	0	0	0	0	0	
608	11	38986	0	11466	0	0	0	0	0	0	
616	11	39499	0	11614	0	0	0	0	0	0	
624	11	40012	0	11763	0	0	0	0	0	0	
632	11	40525	0	11911	0	0	0	0	0	0	
640	12	41038	0	12058	0	0	0	0	0	0	
648	12	41551	0	12206	0	0	0	0	0	0	
656	12	42064	0	12353	0	0	0	0	0	0	
664	12	42577	0	12501	0	0	0	0	0	0	
672	12	43090	0	12649	0	0	0	0	0	0	
680	12	43603	0	12796	0	0	0	0	0	0	
688	12	44116	0	12944	0	0	0	0	0	0	
696	13	44629	0	13091	0	0	0	0	0	0	
704	13	45142	0	13239	0	0	0	0	0	0	
712	13	45655	0	13386	0	0	0	0	0	0	
720	13	46168	0	13534	0	0	0	0	0	0	
728	13	46681	0	13683	0	0	0	0	0	0	
736	13	47194	0	13830	0	0	0	0	0	0	
744	13	47707	0	13978	0	0	0	0	0	0	
752	14	48220	0	14126	0	0	0	0	0	0	
760	14	48733	0	14273	0	0	0	0	0	0	
768	14	49246	0	14421	0	0	0	0	0	0	
776	14	49759	0	14569	0	0	0	0	0	0	
784	14	50272	0	14717	0	0	0	0	0	0	
792	14	50785	0	14864	0	0	0	0	0	0	
800	15	51298	0	15013	0	0	0	0	0	0	
808	15	51811	0	15162	0	0	0	0	0	0	
816	15	52324	0	15309	0	0	0	0	0	0	
824	15	52837	0	15457	0	0	0	0	0	0	
832	15	53350	0	15605	0	0	0	0	0	0	
840	15	53863	0	15755	0	0	0	0	0	0	
848	15	54376	0	15902	0	0	0	0	0	0	
856	16	54889	0	16050	0	0	0	0	0	0	
864	16	55402	0	16198	0	0	0	0	0	0	
872	16	55915	0	16345	0	0	0	0	0	0	
880	16	56428	0	16493	0	0	0	0	0	0	
888	16	56941	0	16641	0	0	0	0	0	0	
896	16	57454	0	16789	0	0	0	0	0	0	
904	16	57967	0	16937	0	0	0	0	0	0	
912	17	58480	0	17084	0	0	0	0	0	0	
920	17	58993	0	17232	0	0	0	0	0	0	
928	17	59506	0	17380	0	0	0	0	0	0	
936	17	60019	0	17528	0	0	0	0	0	0	
944	17	60532	0	17677	0	0	0	0	0	0	
952	17	61045	0	17826	0	0	0	0	0	0	
960	17	61558	0	17973	0	0	0	0	0	0	
968	18	62071	0	18121	0	0	0	0	0	0	
976	18	62584	0	18269	0	0	0	0	0	0	
984	18	63097	0	18417	0	0	0	0	0	0	
992	18	63610	0	18565	0	0	0	0	0	0	
1000	18	64123	0	18713	0	0	0	0	0	0	
1008	18	64636	0	18861	0	0	0	0	0	0	
1016	19	65149	0	19009	0	0	0	0	0	0	
1024	19	65662	0	19157	0	0	0	0	0	0	
1032	19	66175	0	19304	0	0	0	0	0	0	
1040	19	66688	0	19452	0	0	0	0	0	0	
1048	19	67201	0	19600	0	0	0	0	0	0	
1056	19	67714	0	19751	0	0	0	0	0	0	
1064	19	68227	0	19899	0	0	0	0	0	0	
1072	20	68740	0	20048	0	0	0	0	0	0	
1080	20	69253	0	20196	0	0	0	0	0	0	
1088	20	69766	0	20344	0	0	0	0	0	0	
1096	20	70279	0	20492	0	0	0	0	0	0	
1104	20	70792	0	20642	0	0	0	0	0	0	
1112	20	71305	0	20790	0	0	0	0	0	0	
1120	20	71818	0	20938	0	0	0	0	0	0	
1128	21	72331	0	21086	0	0	0	0	0	0	
1136	21	72844	0	21235	0	0	0	0	0	0	
1144	21	73357	0	21383	0	0	0	0	0	0	
1152	21	73870	0	21531	0	0	0	0	0	0	
1160	21	74383	0	21681	0	0	0	0	0	0	
1168	21	74896	0	21829	0	0	0	0	0	0	
1176	21	75409	0	21977	0	0	0	0	0	0	
1184	22	75922	0	22125	0	0	0	0	0	0	
1192	22	76435	0	22274	0	0	0	0	0	0	
1200	22	76948	0	22422	0	0	0	0	0	0	
1208	22	77461	0	22571	0	0	0	0	0	0	
1216	22	77974	0	22719	0	0	0	0	0	0	
1224	22	78487	0	22867	0	0	0	0	0	0	
1232	23	79000	0	23015	0	0	0	0	0	0	
1240	23	79513	0	23163	0	0	0	0	0	0	
1248	23	80026	0	23311	0	0	0	0	0	0	
1256	23	80539	0	23459	0	0	0	0	0	0	
1264	23	81052	0	23608	0	0	0	0	0	0	
1272	23	81565	0	23757	0	0	0	0	0	0	
1280	23	82078	0	23906	0	0	0	0	0	0	
1288	24	82591	0	24054	0	0	0	0	0	0	
1296	24	83104	0	24203	0	0	0	0	0	0	
1304	24	83617	0	24351	0	0	0	0	0	0	
1312	24	84130	0	24499	0	0	0	0	0	0	
1320	24	84643	0	24648	0	0	0	0	0	0	
1328	24	85156	0	24796	0	0	0	0	0	0	
1336	24	85669	0	24945	0	0	0	0	0	0	
1344	25	86182	0	25094	0	0	0	0	0	0	
1352	25	86695	0	25243	0	0	0	0	0	0	
1360	25	87208	0	25391	0	0	0	0	0	0	
1368	25	87721	0	25540	0	0	0	0	0	0	
1376	25	88234	0	25689	0	0	0	0	0	0	
1384	25	88747	0	25838	0	0	0	0	0	0	
1392	25	89260	0	25986	0	0	0	0	0	0	
1400	26	89773	0	26135	0	0	0	0	0	0	
1408	26	90286	0	26283	0	0	0	0	0	0	
1416	26	90799	0	26432	0	0	0	0	0	0	
1424	26	91312	0	26580	0	0	0	0	0	0	
1432	26	91825	0	26728	0	0	0	0	0	0	
1440	26	92338	0	26876	0	0	0	0	0	0	
1448	27	92851	0	27025	0	0	0	0	0	0	
1456	27	93364	0	27173	0	0	0	0	0	0	
1464	27	93877	0	27322	0	0	0	0	0	0	
1472	27	94390	0	27470	0	0	0	0	0	0	
1480	27	94903	0	27619	0	0	0	0	0	0	
1488	27	95416	0	27769	0	0	0	0	0	0	
1496	27	95929	0	27917	0	0	0	0	0	0	
1504	28	96442	0	28066	0	0	0	0	0	0	
1512	28	96955	0	28214	0	0	0	0	0	0	
1520	28	97468	0	28362	0	0	0	0	0	0	
1528	28	97981	0	28511	0	0	0	0	0	0	
1536	28	98494	0	28660	0	0	0	0	0	0	
1544	28	99007	0	28808	0	0	0	0	0	0	
1552	28	99520	0	28957	0	0	0	0	0	0	
1560	29	100033	0	29105	0	0	0	0	0	0	
1568	29	100546	0	29254	0	0	0	0	0	0	
1576	29	101059	0	29402	0	0	0	0	0	0	
1584	29	101572	0	29551	0	0	0	0	0	0	
1592	29	102085	0	29701	0	0	0	0	0	0	
1600	29	102598	0	29850	0	0	0	0	0	0	
1608	30	103111	0	30000	0	0	0	0	0	0	
1616	30	103624	0	30148	0	0	0	0	0	0	
1624	30	104137	0	30297	0	0	0	0	0	0	
1632	30	104650	0	30445	0	0	0	0	0	0	
1640	30	105163	0	30596	0	0	0	0	0	0	
1648	30	105676	0	30744	0	0	0	0	0	0	
1656	30	106189	0	30893	0	0	0	0	0	0	
1664	31	106702	0	31042	0	0	0	0	0	0	
1672	31	107215	0	31191	0	0	0	0	0	0	
1680	31	107728	0	31340	0	0	0	0	0	0	
1688	31	108241	0	31488	0	0	0	0	0	0	
1696	31	108754	0	31638	0	0	0	0	0	0	
1704	31	109267	0	31789	0	0	0	0	0	0	
1712	31	109780	0	31937	0	0	0	0	0	0	
1720	32	110293	0	32086	0	0	0	0	0	0	
1728	32	110806	0	32235	0	0	0	0	0	0	
1736	32	111319	0	32383	0	0	0	0	0	0	
1744	32	111832	0	32532	0	0	0	0	0	0	
1752	32	112345	0	32681	0	0	0	0	0	0	
1760	32	112858	0	32830	0	0	0	0	0	0	
1768	32	113371	0	32979	0	0	0	0	0	0	
1776	33	113884	0	33127	0	0	0	0	0	0	
1784	33	114397	0	33276	0	0	0	0	0	0	
1792	33	114910	0	33425	0	0	0	0	0	0	
1800	33	115423	0	33574	0	0	0	0	0	0	
1808	33	115936	0	33725	0	0	0	0	0	0	
1816	33	116449	0	33874	0	0	0	0	0	0	
1824	34	116962	0	34022	0	0	0	0	0	0	
1832	34	117475	0	34171	0	0	0	0	0	0	
1840	34	117988	0	34320	0	0	0	0	0	0	
1848	34	118501	0	34469	0	0	0	0	0	0	
1856	34	119014	0	34619	0	0	0	0	0	0	
1864	34	119527	0	34768	0	0	0	0	0	0	
1872	34	120040	0	34918	0	0	0	0	0	0	
1880	35	120553	0	35068	0	0	0	0	0	0	
1888	35	121066	0	35217	0	0	0	0	0	0	
1896	35	121579	0	35366	0	0	0	0	0	0	
1904	35	122092	0	35516	0	0	0	0	0	0	
1912	35	122605	0	35666	0	0	0	0	0	0	
1920	35	123118	0	35816	0	0	0	0	0	0	
1928	35	123631	0	35965	0	0	0	0	0	0	
1936	36	124144	0	36114	0	0	0	0	0	0	
1944	36	124657	0	36264	0	0	0	0	0	0	
1952	36	125170	0	36413	0	0	0	0	0	0	
1960	36	125683	0	36562	0	0	0	0	0	0	
1968	36	126196	0	36712	0	0	0	0	0	0	
1976	36	126709	0	36861	0	0	0	0	0	0	
1984	37	127222	0	37010	0	0	0	0	0	0	
1992	37	127735	0	37159	0	0	0	0	0	0	
2000	37	128248	0	37308	0	0	0	0	0	0	
2008	37	128761	0	37458	0	0	0	0	0	0	
2016	37	129274	0	37607	0	0	0	0	0	0	
2024	37	129787	0	37758	0	0	0	0	0	0	
2032	37	130300	0	37907	0	0	0	0	0	0	
2040	38	130813	0	38056	0	0	0	0	0	0	
2048	38	131326	0	38205	0	0	0	0	0	0	
2056	38	131839	0	38355	0	0	0	0	0	0	
2064	38	132352	0	38504	0	0	0	0	0	0	
2072	38	132865	0	38654	0	0	0	0	0	0	
2080	38	133378	0	38803	0	0	0	0	0	0	
2088	38	133891	0	38952	0	0	0	0	0	0	
2096	39	134404	0	39101	0	0	0	0	0	0	
2104	39	134917	0	39251	0	0	0	0	0	0	
2112	39	135430	0	39400	0	0	0	0	0	0	
2120	39	135943	0	39549	0	0	0	0	0	0	
2128	39	136456	0	39698	0	0	0	0	0	0	
2136	39	136969	0	39849	0	0	0	0	0	0	
2144	39	137482	0	39999	0	0	0	0	0	0	
2152	40	137995	0	40149	0	0	0	0	0	0	
2160	40	138508	0	40298	0	0	0	0	0	0	
2168	40	139021	0	40448	0	0	0	0	0	0	
2176	40	139534	0	40597	0	0	0	0	0	0	
2184	40	140047	0	40746	0	0	0	0	0	0	
2192	40	140560	0	40895	0	0	0	0	0	0	
2200	41	141073	0	41044	0	0	0	0	0	0	
2208	41	141586	0	41194	0	0	0	0	0	0	
2216	41	142099	0	41343	0	0	0	0	0	0	
2224	41	142612	0	41492	0	0	0	0	0	0	
2232	41	143125	0	41642	0	0	0	0	0	0	
2240	41	143638	0	41793	0	0	0	0	0	0	
2248	41	144151	0	41942	0	0	0	0	0	0	
2256	42	144664	0	42092	0	0	0	0	0	0	
2264	42	145177	0	42242	0	0	0	0	0	0	
2272	42	145690	0	42390	0	0	0	0	0	0	
2280	42	146203	0	42540	0	0	0	0	0	0	
2288	42	146716	0	42690	0	0	0	0	0	0	
2296	42	147229	0	42839	0	0	0	0	0	0	
2304	42	147742	0	42989	0	0	0	0	0	0	
2312	43	148255	0	43139	0	0	0	0	0	0	
2320	43	148768	0	43288	0	0	0	0	0	0	
2328	43	149281	0	43437	0	0	0	0	0	0	
2336	43	149794	0	43588	0	0	0	0	0	0	
2344	43	150307	0	43738	0	0	0	0	0	0	
2352	43	150820	0	43889	0	0	0	0	0	0	
2360	44	151333	0	44038	0	0	0	0	0	0	
2368	44	151846	0	44187	0	0	0	0	0	0	
2376	44	152359	0	44337	0	0	0	0	0	0	
2384	44	152872	0	44486	0	0	0	0	0	0	
2392	44	153385	0	44636	0	0	0	0	0	0	
2400	44	153898	0	44786	0	0	0	0	0	0	
2408	44	154411	0	44936	0	0	0	0	0	0	
2416	45	154924	0	45086	0	0	0	0	0	0	
2424	45	155437	0	45236	0	0	0	0	0	0	
2432	45	155950	0	45385	0	0	0	0	0	0	
2440	45	156463	0	45534	0	0	0	0	0	0	
2448	45	156976	0	45684	0	0	0	0	0	0	
2456	45	157489	0	45836	0	0	0	0	0	0	
2464	45	158002	0	45985	0	0	0	0	0	0	
2472	46	158515	0	46134	0	0	0	0	0	0	
2480	46	159028	0	46284	0	0	0	0	0	0	
2488	46	159541	0	46434	0	0	0	0	0	0	
2496	46	160054	0	46583	0	0	0	0	0	0	
2504	46	160567	0	46734	0	0	0	0	0	0	
2512	46	161080	0	46883	0	0	0	0	0	0	
2520	47	161593	0	47033	0	0	0	0	0	0	
2528	47	162106	0	47183	0	0	0	0	0	0	
2536	47	162619	0	47332	0	0	0	0	0	0	
2544	47	163132	0	47482	0	0	0	0	0	0	
2552	47	163645	0	47632	0	0	0	0	0	0	
2560	47	164158	0	47783	0	0	0	0	0	0	
2568	47	164671	0	47933	0	0	0	0	0	0	
2576	48	165184	0	48082	0	0	0	0	0	0	
2584	48	165697	0	48232	0	0	0	0	0	0	
2592	48	166210	0	48381	0	0	0	0	0	0	
2600	48	166723	0	48532	0	0	0	0	0	0	
2608	48	167236	0	48682	0	0	0	0	0	0	
2616	48	167749	0	48832	0	0	0	0	0	0	
2624	48	168262	0	48982	0	0	0	0	0	0	
2632	49	168775	0	49131	0	0	0	0	0	0	
2640	49	169288	0	49281	0	0	0	0	0	0	
2648	49	169801	0	49431	0	0	0	0	0	0	
2656	49	170314	0	49581	0	0	0	0	0	0	
2664	49	170827	0	49732	0	0	0	0	0	0	
2672	49	171340	0	49882	0	0	0	0	0	0	
2680	50	171853	0	50034	0	0	0	0	0	0	
2688	50	172366	0	50184	0	0	0	0	0	0	
2696	50	172879	0	50334	0	0	0	0	0	0	
2704	50	173392	0	50484	0	0	0	0	0	0	
2712	50	173905	0	50634	0	0	0	0	0	0	
2720	50	174418	0	50784	0	0	0	0	0	0	
2728	50	174931	0	50933	0	0	0	0	0	0	
2736	51	175444	0	51083	0	0	0	0	0	0	
2744	51	175957	0	51232	0	0	0	0	0	0	
2752	51	176470	0	51383	0	0	0	0	0	0	
2760	51	176983	0	51533	0	0	0	0	0	0	
2768	51	177496	0	51683	0	0	0	0	0	0	
2776	51	178009	0	51835	0	0	0	0	0	0	
2784	51	178522	0	51985	0	0	0	0	0	0	
2792	52	179035	0	52135	0	0	0	0	0	0	
2800	52	179548	0	52285	0	0	0	0	0	0	
2808	52	180061	0	52434	0	0	0	0	0	0	
2816	52	180574	0	52585	0	0	0	0	0	0	
2824	52	181087	0	52735	0	0	0	0	0	0	
2832	52	181600	0	52885	0	0	0	0	0	0	
2840	53	182113	0	53035	0	0	0	0	0	0	
2848	53	182626	0	53185	0	0	0	0	0	0	
2856	53	183139	0	53335	0	0	0	0	0	0	
2864	53	183652	0	53485	0	0	0	0	0	0	
2872	53	184165	0	53636	0	0	0	0	0	0	
2880	53	184678	0	53788	0	0	0	0	0	0	
2888	53	185191	0	53938	0	0	0	0	0	0	
2896	54	185704	0	54088	0	0	0	0	0	0	
2904	54	186217	0	54238	0	0	0	0	0	0	
2912	54	186730	0	54388	0	0	0	0	0	0	
2920	54	187243	0	54538	0	0	0	0	0	0	
2928	54	187756	0	54688	0	0	0	0	0	0	
2936	54	188269	0	54838	0	0	0	0	0	0	
2944	54	188782	0	54990	0	0	0	0	0	0	
2952	55	189295	0	55140	0	0	0	0	0	0	
2960	55	189808	0	55290	0	0	0	0	0	0	
2968	55	190321	0	55440	0	0	0	0	0	0	
2976	55	190834	0	55591	0	0	0	0	0	0	
2984	55	191347	0	55741	0	0	0	0	0	0	
2992	55	191860	0	55892	0	0	0	0	0	0	
3000	56	192373	0	56042	0	0	0	0	0	0	
3008	56	192886	0	56192	0	0	0	0	0	0	
3016	56	193399	0	56342	0	0	0	0	0	0	
3024	56	193912	0	56492	0	0	0	0	0	0	
3032	56	194425	0	56643	0	0	0	0	0	0	
3040	56	194938	0	56793	0	0	0	0	0	0	
3048	56	195451	0	56944	0	0	0	0	0	0	
3056	57	195964	0	57094	0	0	0	0	0	0	
3064	57	196477	0	57245	0	0	0	0	0	0	
3072	57	196990	0	57395	0	0	0	0	0	0	
3080	57	197503	0	57546	0	0	0	0	0	0	
3088	57	198016	0	57697	0	0	0	0	0	0	
3096	57	198529	0	57849	0	0	0	0	0	0	
3104	58	199042	0	58000	0	0	0	0	0	0	
3112	58	199555	0	58150	0	0	0	0	0	0	
3120	58	200068	0	58301	0	0	0	0	0	0	
3128	58	200581	0	58451	0	0	0	0	0	0	
3136	58	201094	0	58602	0	0	0	0	0	0	
3144	58	201607	0	58753	0	0	0	0	0	0	
3152	58	202120	0	58903	0	0	0	0	0	0	
3160	59	202633	0	59053	0	0	0	0	0	0	
3168	59	203146	0	59204	0	0	0	0	0	0	
3176	59	203659	0	59354	0	0	0	0	0	0	
3184	59	204172	0	59504	0	0	0	0	0	0	
3192	59	204685	0	59655	0	0	0	0	0	0	
3200	59	205198	0	59807	0	0	0	0	0	0	
3208	59	205711	0	59959	0	0	0	0	0	0	
3216	60	206224	0	60109	0	0	0	0	0	0	
3224	60	206737	0	60259	0	0	0	0	0	0	
3232	60	207250	0	60410	0	0	0	0	0	0	
3240	60	207763	0	60561	0	0	0	0	0	0	
3248	60	208276	0	60712	0	0	0	0	0	0	
3256	60	208789	0	60863	0	0	0	0	0	0	
3264	61	209302	0	61013	0	0	0	0	0	0	
3272	61	209815	0	61163	0	0	0	0	0	0	
3280	61	210328	0	61314	0	0	0	0	0	0	
3288	61	210841	0	61464	0	0	0	0	0	0	
3296	61	211354	0	61615	0	0	0	0	0	0	
3304	61	211867	0	61768	0	0	0	0	0	0	
3312	61	212380	0	61919	0	0	0	0	0	0	
3320	62	212893	0	62069	0	0	0	0	0	0	
3328	62	213406	0	62220	0	0	0	0	0	0	
3336	62	213919	0	62370	0	0	0	0	0	0	
3344	62	214432	0	62521	0	0	0	0	0	0	
3352	62	214945	0	62672	0	0	0	0	0	0	
3360	62	215458	0	62822	0	0	0	0	0	0	
3368	62	215971	0	62973	0	0	0	0	0	0	
3376	63	216484	0	63123	0	0	0	0	0	0	
3384	63	216997	0	63274	0	0	0	0	0	0	
3392	63	217510	0	63424	0	0	0	0	0	0	
3400	63	218023	0	63575	0	0	0	0	0	0	
3408	63	218536	0	63726	0	0	0	0	0	0	
3416	63	219049	0	63879	0	0	0	0	0	0	
3424	64	219562	0	64029	0	0	0	0	0	0	
3432	64	220075	0	64180	0	0	0	0	0	0	
3440	64	220588	0	64330	0	0	0	0	0	0	
3448	64	221101	0	64481	0	0	0	0	0	0	
3456	64	221614	0	64632	0	0	0	0	0	0	
3464	64	222127	0	64782	0	0	0	0	0	0	
3472	64	222640	0	64934	0	0	0	0	0	0	
3480	65	223153	0	65085	0	0	0	0	0	0	
3488	65	223666	0	65236	0	0	0	0	0	0	
3496	65	224179	0	65387	0	0	0	0	0	0	
3504	65	224692	0	65538	0	0	0	0	0	0	
3512	65	225205	0	65689	0	0	0	0	0	0	
3520	65	225718	0	65841	0	0	0	0	0	0	
3528	65	226231	0	65992	0	0	0	0	0	0	
3536	66	226744	0	66143	0	0	0	0	0	0	
3544	66	227257	0	66294	0	0	0	0	0	0	
3552	66	227770	0	66445	0	0	0	0	0	0	
3560	66	228283	0	66597	0	0	0	0	0	0	
3568	66	228796	0	66748	0	0	0	0	0	0	
3576	66	229309	0	66899	0	0	0	0	0	0	
3584	67	229822	0	67050	0	0	0	0	0	0	
3592	67	230335	0	67201	0	0	0	0	0	0	
3600	67	230848	0	67352	0	0	0	0	0	0	
3608	67	231361	0	67503	0	0	0	0	0	0	
3616	67	231874	0	67654	0	0	0	0	0	0	
3624	67	232387	0	67806	0	0	0	0	0	0	
3632	67	232900	0	67957	0	0	0	0	0	0	
3640	68	233413	0	68108	0	0	0	0	0	0	
3648	68	233926	0	68258	0	0	0	0	0	0	
3656	68	234439	0	68410	0	0	0	0	0	0	
3664	68	234952	0	68561	0	0	0	0	0	0	
3672	68	235465	0	68712	0	0	0	0	0	0	
3680	68	235978	0	68863	0	0	0	0	0	0	
3688	69	236491	0	69014	0	0	0	0	0	0	
3696	69	237004	0	69165	0	0	0	0	0	0	
3704	69	237517	0	69316	0	0	0	0	0	0	
3712	69	238030	0	69466	0	0	0	0	0	0	
3720	69	238543	0	69618	0	0	0	0	0	0	
3728	69	239056	0	69769	0	0	0	0	0	0	
3736	69	239569	0	69922	0	0	0	0	0	0	
3744	70	240082	0	70073	0	0	0	0	0	0	
3752	70	240595	0	70225	0	0	0	0	0	0	
3760	70	241108	0	70376	0	0	0	0	0	0	
3768	70	241621	0	70527	0	0	0	0	0	0	
3776	70	242134	0	70678	0	0	0	0	0	0	
3784	70	242647	0	70829	0	0	0	0	0	0	
3792	70	243160	0	70980	0	0	0	0	0	0	
3800	71	243673	0	71131	0	0	0	0	0	0	
3808	71	244186	0	71283	0	0	0	0	0	0	
3816	71	244699	0	71434	0	0	0	0	0	0	
3824	71	245212	0	71586	0	0	0	0	0	0	
3832	71	245725	0	71737	0	0	0	0	0	0	
3840	71	246238	0	71890	0	0	0	0	0	0	
3848	72	246751	0	72041	0	0	0	0	0	0	
3856	72	247264	0	72192	0	0	0	0	0	0	
3864	72	247777	0	72344	0	0	0	0	0	0	
3872	72	248290	0	72495	0	0	0	0	0	0	
3880	72	248803	0	72647	0	0	0	0	0	0	
3888	72	249316	0	72798	0	0	0	0	0	0	
3896	72	249829	0	72949	0	0	0	0	0	0	
3904	73	250342	0	73101	0	0	0	0	0	0	
3912	73	250855	0	73252	0	0	0	0	0	0	
3920	73	251368	0	73404	0	0	0	0	0	0	
3928	73	251881	0	73555	0	0	0	0	0	0	
3936	73	252394	0	73706	0	0	0	0	0	0	
3944	73	252907	0	73860	0	0	0	0	0	0	
3952	74	253420	0	74011	0	0	0	0	0	0	
3960	74	253933	0	74163	0	0	0	0	0	0	
3968	74	254446	0	74314	0	0	0	0	0	0	
3976	74	254959	0	74466	0	0	0	0	0	0	
3984	74	255472	0	74618	0	0	0	0	0	0	
3992	74	255985	0	74769	0	0	0	0	0	0	
4000	74	256498	0	74922	0	0	0	0	0	0	
4008	75	257011	0	75074	0	0	0	0	0	0	
4016	75	257524	0	75226	0	0	0	0	0	0	
4024	75	258037	0	75378	0	0	0	0	0	0	
4032	75	258550	0	75530	0	0	0	0	0	0	
4040	75	259063	0	75682	0	0	0	0	0	0	
4048	75	259576	0	75835	0	0	0	0	0	0	
4056	75	260089	0	75987	0	0	0	0	0	0	
4064	76	260602	0	76139	0	0	0	0	0	0	
4072	76	261115	0	76290	0	0	0	0	0	0	
4080	76	261628	0	76442	0	0	0	0	0	0	
4088	76	262141	0	76593	0	0	0	0	0	0	
4096	76	262654	0	76745	0	0	0	0	0	0	
4104	76	263167	0	76897	0	0	0	0	0	0	
4112	77	263680	0	77049	0	0	0	0	0	0	
4120	77	264193	0	77201	0	0	0	0	0	0	
4128	77	264706	0	77353	0	0	0	0	0	0	
4136	77	265219	0	77504	0	0	0	0	0	0	
4144	77	265732	0	77656	0	0	0	0	0	0	
4152	77	266245	0	77810	0	0	0	0	0	0	
4160	77	266758	0	77962	0	0	0	0	0	0	
4168	78	267271	0	78114	0	0	0	0	0	0	
4176	78	267784	0	78265	0	0	0	0	0	0	
4184	78	268297	0	78417	0	0	0	0	0	0	
4192	78	268810	0	78569	0	0	0	0	0	0	
4200	78	269323	0	78720	0	0	0	0	0	0	
4208	78	269836	0	78873	0	0	0	0	0	0	
4216	79	270349	0	79024	0	0	0	0	0	0	
4224	79	270862	0	79176	0	0	0	0	0	0	
4232	79	271375	0	79328	0	0	0	0	0	0	
4240	79	271888	0	79479	0	0	0	0	0	0	
4248	79	272401	0	79631	0	0	0	0	0	0	
4256	79	272914	0	79784	0	0	0	0	0	0	
4264	79	273427	0	79938	0	0	0	0	0	0	
4272	80	273940	0	80090	0	0	0	0	0	0	
4280	80	274453	0	80241	0	0	0	0	0	0	
4288	80	274966	0	80393	0	0	0	0	0	0	
4296	80	275479	0	80545	0	0	0	0	0	0	
4304	80	275992	0	80697	0	0	0	0	0	0	
4312	80	276505	0	80849	0	0	0	0	0	0	
4320	81	277018	0	81000	0	0	0	0	0	0	
4328	81	277531	0	81153	0	0	0	0	0	0	
4336	81	278044	0	81304	0	0	0	0	0	0	
4344	81	278557	0	81456	0	0	0	0	0	0	
4352	81	279070	0	81608	0	0	0	0	0	0	
4360	81	279583	0	81760	0	0	0	0	0	0	
4368	81	280096	0	81913	0	0	0	0	0	0	
4376	82	280609	0	82065	0	0	0	0	0	0	
4384	82	281122	0	82217	0	0	0	0	0	0	
4392	82	281635	0	82369	0	0	0	0	0	0	
4400	82	282148	0	82521	0	0	0	0	0	0	
4408	82	282661	0	82673	0	0	0	0	0	0	
4416	82	283174	0	82825	0	0	0	0	0	0	
4424	82	283687	0	82977	0	0	0	0	0	0	
4432	83	284200	0	83129	0	0	0	0	0	0	
4440	83	284713	0	83281	0	0	0	0	0	0	
4448	83	285226	0	83432	0	0	0	0	0	0	
4456	83	285739	0	83585	0	0	0	0	0	0	
4464	83	286252	0	83737	0	0	0	0	0	0	
4472	83	286765	0	83890	0	0	0	0	0	0	
4480	84	287278	0	84042	0	0	0	0	0	0	
4488	84	287791	0	84194	0	0	0	0	0	0	
4496	84	288304	0	84346	0	0	0	0	0	0	
4504	84	288817	0	84499	0	0	0	0	0	0	
4512	84	289330	0	84651	0	0	0	0	0	0	
4520	84	289843	0	84803	0	0	0	0	0	0	
4528	84	290356	0	84957	0	0	0	0	0	0	
4536	85	290869	0	85109	0	0	0	0	0	0	
4544	85	291382	0	85261	0	0	0	0	0	0	
4552	85	291895	0	85413	0	0	0	0	0	0	
4560	85	292408	0	85565	0	0	0	0	0	0	
4568	85	292921	0	85718	0	0	0	0	0	0	
4576	85	293434	0	85871	0	0	0	0	0	0	
4584	86	293947	0	86023	0	0	0	0	0	0	
4592	86	294460	0	86175	0	0	0	0	0	0	
4600	86	294973	0	86328	0	0	0	0	0	0	
4608	86	295486	0	86481	0	0	0	0	0	0	
4616	86	295999	0	86633	0	0	0	0	0	0	
4624	86	296512	0	86785	0	0	0	0	0	0	
4632	86	297025	0	86937	0	0	0	0	0	0	
4640	87	297538	0	87089	0	0	0	0	0	0	
4648	87	298051	0	87241	0	0	0	0	0	0	
4656	87	298564	0	87394	0	0	0	0	0	0	
4664	87	299077	0	87546	0	0	0	0	0	0	
4672	87	299590	0	87698	0	0	0	0	0	0	
4680	87	300103	0	87852	0	0	0	0	0	0	
4688	88	300616	0	88004	0	0	0	0	0	0	
4696	88	301129	0	88156	0	0	0	0	0	0	
4704	88	301642	0	88308	0	0	0	0	0	0	
4712	88	302155	0	88461	0	0	0	0	0	0	
4720	88	302668	0	88614	0	0	0	0	0	0	
4728	88	303181	0	88766	0	0	0	0	0	0	
4736	88	303694	0	88919	0	0	0	0	0	0	
4744	89	304207	0	89071	0	0	0	0	0	0	
4752	89	304720	0	89224	0	0	0	0	0	0	
4760	89	305233	0	89377	0	0	0	0	0	0	
4768	89	305746	0	89530	0	0	0	0	0	0	
4776	89	306259	0	89682	0	0	0	0	0	0	
4784	89	306772	0	89836	0	0	0	0	0	0	
4792	89	307285	0	89990	0	0	0	0	0	0	
4800	90	307798	0	90142	0	0	0	0	0	0	
4808	90	308311	0	90295	0	0	0	0	0	0	
4816	90	308824	0	90447	0	0	0	0	0	0	
4824	90	309337	0	90600	0	0	0	0	0	0	
4832	90	309850	0	90752	0	0	0	0	0	0	
4840	90	310363	0	90904	0	0	0	0	0	0	
4848	91	310876	0	91056	0	0	0	0	0	0	
4856	91	311389	0	91209	0	0	0	0	0	0	
4864	91	311902	0	91362	0	0	0	0	0	0	
4872	91	312415	0	91514	0	0	0	0	0	0	
4880	91	312928	0	91667	0	0	0	0	0	0	
4888	91	313441	0	91821	0	0	0	0	0	0	
4896	91	313954	0	91974	0	0	0	0	0	0	
4904	92	314467	0	92127	0	0	0	0	0	0	
4912	92	314980	0	92279	0	0	0	0	0	0	
4920	92	315493	0	92432	0	0	0	0	0	0	
4928	92	316006	0	92584	0	0	0	0	0	0	
4936	92	316519	0	92737	0	0	0	0	0	0	
4944	92	317032	0	92889	0	0	0	0	0	0	
4952	93	317545	0	93042	0	0	0	0	0	0	
4960	93	318058	0	93195	0	0	0	0	0	0	
4968	93	318571	0	93347	0	0	0	0	0	0	
4976	93	319084	0	93499	0	0	0	0	0	0	
4984	93	319597	0	93652	0	0	0	0	0	0	
4992	93	320110	0	93804	0	0	0	0	0	0	
5000	93	320623	0	93958	0	0	0	0	0	0	
5008	94	321136	0	94111	0	0	0	0	0	0	
5016	94	321649	0	94263	0	0	0	0	0	0	
5024	94	322162	0	94415	0	0	0	0	0	0	
5032	94	322675	0	94568	0	0	0	0	0	0	
5040	94	323188	0	94721	0	0	0	0	0	0	
5048	94	323701	0	94874	0	0	0	0	0	0	
5056	95	324214	0	95028	0	0	0	0	0	0	
5064	95	324727	0	95181	0	0	0	0	0	0	
5072	95	325240	0	95333	0	0	0	0	0	0	
5080	95	325753	0	95485	0	0	0	0	0	0	
5088	95	326266	0	95638	0	0	0	0	0	0	
5096	95	326779	0	95791	0	0	0	0	0	0	
5104	95	327292	0	95945	0	0	0	0	0	0	
5112	96	327805	0	96098	0	0	0	0	0	0	
5120	96	328318	0	96250	0	0	0	0	0	0	
