#input	time	ios	pfs	timems	pbo	dbo	ibo	pbu	ndo	ars	
8	0	0	0	230	0	0	0	0	0	0	
16	0	0	0	770	0	0	0	0	0	0	
24	1	0	0	1006	0	0	0	0	0	0	
32	1	0	0	1242	0	0	0	0	0	0	
40	1	0	0	1479	0	0	0	0	0	0	
48	1	0	0	1717	0	0	0	0	0	0	
56	1	0	0	1955	0	0	0	0	0	0	
64	2	0	0	2192	0	0	0	0	0	0	
72	2	0	0	2429	0	0	0	0	0	0	
80	2	0	0	2666	0	0	0	0	0	0	
88	2	0	0	2903	0	0	0	0	0	0	
96	3	0	0	3139	0	0	0	0	0	0	
104	3	0	0	3376	0	0	0	0	0	0	
112	3	0	0	3613	0	0	0	0	0	0	
120	3	0	0	3852	0	0	0	0	0	0	
128	4	0	0	4088	0	0	0	0	0	0	
136	4	0	0	4328	0	0	0	0	0	0	
144	4	0	0	4566	0	0	0	0	0	0	
152	4	0	0	4806	0	0	0	0	0	0	
160	5	0	0	5045	0	0	0	0	0	0	
168	5	0	0	5284	0	0	0	0	0	0	
176	5	0	0	5520	0	0	0	0	0	0	
184	5	0	0	5761	0	0	0	0	0	0	
192	5	0	0	5999	0	0	0	0	0	0	
200	6	0	0	6238	0	0	0	0	0	0	
208	6	0	0	6477	0	0	0	0	0	0	
216	6	0	0	6716	0	0	0	0	0	0	
224	6	0	0	6952	0	0	0	0	0	0	
232	7	0	0	7190	0	0	0	0	0	0	
240	7	0	0	7428	0	0	0	0	0	0	
248	7	0	0	7666	0	0	0	0	0	0	
256	7	0	0	7904	0	0	0	0	0	0	
264	8	0	0	8144	0	0	0	0	0	0	
272	8	0	0	8383	0	0	0	0	0	0	
280	8	0	0	8622	0	0	0	0	0	0	
288	8	0	0	8859	0	0	0	0	0	0	
296	9	0	0	9096	0	0	0	0	0	0	
304	9	0	0	9334	0	0	0	0	0	0	
312	9	0	0	9573	0	0	0	0	0	0	
320	9	0	0	9813	0	0	0	0	0	0	
328	10	0	0	10052	0	0	0	0	0	0	
336	10	0	0	10289	0	0	0	0	0	0	
344	10	0	0	10528	0	0	0	0	0	0	
352	10	0	0	10765	0	0	0	0	0	0	
360	11	0	0	11004	0	0	0	0	0	0	
368	11	0	0	11241	0	0	0	0	0	0	
376	11	0	0	11478	0	0	0	0	0	0	
384	11	0	0	11717	0	0	0	0	0	0	
392	11	0	0	11955	0	0	0	0	0	0	
400	12	0	0	12194	0	0	0	0	0	0	
408	12	0	0	12434	0	0	0	0	0	0	
416	12	0	0	12673	0	0	0	0	0	0	
424	12	0	0	12912	0	0	0	0	0	0	
432	13	0	0	13150	0	0	0	0	0	0	
440	13	0	0	13391	0	0	0	0	0	0	
448	13	0	0	13628	0	0	0	0	0	0	
456	13	0	0	13867	0	0	0	0	0	0	
464	14	0	0	14104	0	0	0	0	0	0	
472	14	0	0	14341	0	0	0	0	0	0	
480	14	0	0	14578	0	0	0	0	0	0	
488	14	0	0	14816	0	0	0	0	0	0	
496	15	0	0	15054	0	0	0	0	0	0	
504	15	0	0	15293	0	0	0	0	0	0	
512	15	0	0	15532	0	0	0	0	0	0	
520	15	0	0	15775	0	0	0	0	0	0	
528	16	0	0	16012	0	0	0	0	0	0	
536	16	0	0	16249	0	0	0	0	0	0	
544	16	0	0	16486	0	0	0	0	0	0	
552	16	0	0	16725	0	0	0	0	0	0	
560	16	0	0	16965	0	0	0	0	0	0	
568	17	0	0	17202	0	0	0	0	0	0	
576	17	0	0	17440	0	0	0	0	0	0	
584	17	0	0	17679	0	0	0	0	0	0	
592	17	0	0	17918	0	0	0	0	0	0	
600	18	0	0	18156	0	0	0	0	0	0	
608	18	0	0	18393	0	0	0	0	0	0	
616	18	0	0	18630	0	0	0	0	0	0	
624	18	0	0	18867	0	0	0	0	0	0	
632	19	0	0	19105	0	0	0	0	0	0	
640	19	0	0	19342	0	0	0	0	0	0	
648	19	0	0	19580	0	0	0	0	0	0	
656	19	0	0	19819	0	0	0	0	0	0	
664	20	0	0	20058	0	0	0	0	0	0	
672	20	0	0	20295	0	0	0	0	0	0	
680	20	0	0	20533	0	0	0	0	0	0	
688	20	0	0	20770	0	0	0	0	0	0	
696	21	0	0	21009	0	0	0	0	0	0	
704	21	0	0	21248	0	0	0	0	0	0	
712	21	0	0	21486	0	0	0	0	0	0	
720	21	0	0	21725	0	0	0	0	0	0	
728	21	0	0	21963	0	0	0	0	0	0	
736	22	0	0	22200	0	0	0	0	0	0	
744	22	0	0	22438	0	0	0	0	0	0	
752	22	0	0	22676	0	0	0	0	0	0	
760	22	0	0	22913	0	0	0	0	0	0	
768	23	0	0	23151	0	0	0	0	0	0	
776	23	0	0	23390	0	0	0	0	0	0	
784	23	0	0	23629	0	0	0	0	0	0	
792	23	0	0	23868	0	0	0	0	0	0	
800	24	0	0	24105	0	0	0	0	0	0	
808	24	0	0	24345	0	0	0	0	0	0	
816	24	0	0	24597	0	0	0	0	0	0	
824	24	0	0	24837	0	0	0	0	0	0	
832	25	0	0	25076	0	0	0	0	0	0	
840	25	0	0	25313	0	0	0	0	0	0	
848	25	0	0	25551	0	0	0	0	0	0	
856	25	0	0	25792	0	0	0	0	0	0	
864	26	0	0	26030	0	0	0	0	0	0	
872	26	0	0	26267	0	0	0	0	0	0	
880	26	0	0	26505	0	0	0	0	0	0	
888	26	0	0	26742	0	0	0	0	0	0	
896	26	0	0	26980	0	0	0	0	0	0	
904	27	0	0	27218	0	0	0	0	0	0	
912	27	0	0	27456	0	0	0	0	0	0	
920	27	0	0	27694	0	0	0	0	0	0	
928	27	0	0	27933	0	0	0	0	0	0	
936	28	0	0	28171	0	0	0	0	0	0	
944	28	0	0	28409	0	0	0	0	0	0	
952	28	0	0	28647	0	0	0	0	0	0	
960	28	0	0	28884	0	0	0	0	0	0	
968	29	0	0	29122	0	0	0	0	0	0	
976	29	0	0	29359	0	0	0	0	0	0	
984	29	0	0	29597	0	0	0	0	0	0	
992	29	0	0	29837	0	0	0	0	0	0	
1000	30	0	0	30077	0	0	0	0	0	0	
1008	30	0	0	30315	0	0	0	0	0	0	
1016	30	0	0	30553	0	0	0	0	0	0	
1024	30	0	0	30793	0	0	0	0	0	0	
1032	31	0	0	31031	0	0	0	0	0	0	
1040	31	0	0	31270	0	0	0	0	0	0	
1048	31	0	0	31508	0	0	0	0	0	0	
1056	31	0	0	31748	0	0	0	0	0	0	
1064	31	0	0	31987	0	0	0	0	0	0	
1072	32	0	0	32226	0	0	0	0	0	0	
1080	32	0	0	32464	0	0	0	0	0	0	
1088	32	0	0	32702	0	0	0	0	0	0	
1096	32	0	0	32939	0	0	0	0	0	0	
1104	33	0	0	33178	0	0	0	0	0	0	
1112	33	0	0	33416	0	0	0	0	0	0	
1120	33	0	0	33656	0	0	0	0	0	0	
1128	33	0	0	33895	0	0	0	0	0	0	
1136	34	0	0	34133	0	0	0	0	0	0	
1144	34	0	0	34372	0	0	0	0	0	0	
1152	34	0	0	34610	0	0	0	0	0	0	
1160	34	0	0	34848	0	0	0	0	0	0	
1168	35	0	0	35088	0	0	0	0	0	0	
1176	35	0	0	35328	0	0	0	0	0	0	
1184	35	0	0	35566	0	0	0	0	0	0	
1192	35	0	0	35806	0	0	0	0	0	0	
1200	36	0	0	36045	0	0	0	0	0	0	
1208	36	0	0	36285	0	0	0	0	0	0	
1216	36	0	0	36523	0	0	0	0	0	0	
1224	36	0	0	36761	0	0	0	0	0	0	
1232	36	0	0	36999	0	0	0	0	0	0	
1240	37	0	0	37238	0	0	0	0	0	0	
1248	37	0	0	37476	0	0	0	0	0	0	
1256	37	0	0	37714	0	0	0	0	0	0	
1264	37	0	0	37953	0	0	0	0	0	0	
1272	38	0	0	38191	0	0	0	0	0	0	
1280	38	0	0	38429	0	0	0	0	0	0	
1288	38	0	0	38667	0	0	0	0	0	0	
1296	38	0	0	38905	0	0	0	0	0	0	
1304	39	0	0	39144	0	0	0	0	0	0	
1312	39	0	0	39383	0	0	0	0	0	0	
1320	39	0	0	39621	0	0	0	0	0	0	
1328	39	0	0	39860	0	0	0	0	0	0	
1336	40	0	0	40101	0	0	0	0	0	0	
1344	40	0	0	40341	0	0	0	0	0	0	
1352	40	0	0	40581	0	0	0	0	0	0	
1360	40	0	0	40819	0	0	0	0	0	0	
1368	41	0	0	41057	0	0	0	0	0	0	
1376	41	0	0	41296	0	0	0	0	0	0	
1384	41	0	0	41534	0	0	0	0	0	0	
1392	41	0	0	41774	0	0	0	0	0	0	
1400	42	0	0	42013	0	0	0	0	0	0	
1408	42	0	0	42251	0	0	0	0	0	0	
1416	42	0	0	42490	0	0	0	0	0	0	
1424	42	0	0	42728	0	0	0	0	0	0	
1432	42	0	0	42966	0	0	0	0	0	0	
1440	43	0	0	43204	0	0	0	0	0	0	
1448	43	0	0	43446	0	0	0	0	0	0	
1456	43	0	0	43686	0	0	0	0	0	0	
1464	43	0	0	43928	0	0	0	0	0	0	
1472	44	0	0	44166	0	0	0	0	0	0	
1480	44	0	0	44404	0	0	0	0	0	0	
1488	44	0	0	44642	0	0	0	0	0	0	
1496	44	0	0	44880	0	0	0	0	0	0	
1504	45	0	0	45120	0	0	0	0	0	0	
1512	45	0	0	45359	0	0	0	0	0	0	
1520	45	0	0	45598	0	0	0	0	0	0	
1528	45	0	0	45839	0	0	0	0	0	0	
1536	46	0	0	46079	0	0	0	0	0	0	
1544	46	0	0	46318	0	0	0	0	0	0	
1552	46	0	0	46557	0	0	0	0	0	0	
1560	46	0	0	46795	0	0	0	0	0	0	
1568	47	0	0	47033	0	0	0	0	0	0	
1576	47	0	0	47272	0	0	0	0	0	0	
1584	47	0	0	47510	0	0	0	0	0	0	
1592	47	0	0	47749	0	0	0	0	0	0	
1600	47	0	0	47989	0	0	0	0	0	0	
1608	48	0	0	48228	0	0	0	0	0	0	
1616	48	0	0	48467	0	0	0	0	0	0	
1624	48	0	0	48707	0	0	0	0	0	0	
1632	48	0	0	48957	0	0	0	0	0	0	
1640	49	0	0	49198	0	0	0	0	0	0	
1648	49	0	0	49436	0	0	0	0	0	0	
1656	49	0	0	49675	0	0	0	0	0	0	
1664	49	0	0	49915	0	0	0	0	0	0	
1672	50	0	0	50154	0	0	0	0	0	0	
1680	50	0	0	50393	0	0	0	0	0	0	
1688	50	0	0	50632	0	0	0	0	0	0	
1696	50	0	0	50871	0	0	0	0	0	0	
1704	51	0	0	51110	0	0	0	0	0	0	
1712	51	0	0	51349	0	0	0	0	0	0	
1720	51	0	0	51588	0	0	0	0	0	0	
1728	51	0	0	51828	0	0	0	0	0	0	
1736	52	0	0	52067	0	0	0	0	0	0	
1744	52	0	0	52306	0	0	0	0	0	0	
1752	52	0	0	52545	0	0	0	0	0	0	
1760	52	0	0	52783	0	0	0	0	0	0	
1768	53	0	0	53022	0	0	0	0	0	0	
1776	53	0	0	53261	0	0	0	0	0	0	
1784	53	0	0	53501	0	0	0	0	0	0	
1792	53	0	0	53741	0	0	0	0	0	0	
1800	53	0	0	53983	0	0	0	0	0	0	
1808	54	0	0	54222	0	0	0	0	0	0	
1816	54	0	0	54463	0	0	0	0	0	0	
1824	54	0	0	54704	0	0	0	0	0	0	
1832	54	0	0	54944	0	0	0	0	0	0	
1840	55	0	0	55183	0	0	0	0	0	0	
1848	55	0	0	55422	0	0	0	0	0	0	
1856	55	0	0	55661	0	0	0	0	0	0	
1864	55	0	0	55901	0	0	0	0	0	0	
1872	56	0	0	56140	0	0	0	0	0	0	
1880	56	0	0	56380	0	0	0	0	0	0	
1888	56	0	0	56619	0	0	0	0	0	0	
1896	56	0	0	56858	0	0	0	0	0	0	
1904	57	0	0	57097	0	0	0	0	0	0	
1912	57	0	0	57338	0	0	0	0	0	0	
1920	57	0	0	57576	0	0	0	0	0	0	
1928	57	0	0	57816	0	0	0	0	0	0	
1936	58	0	0	58056	0	0	0	0	0	0	
1944	58	0	0	58295	0	0	0	0	0	0	
1952	58	0	0	58535	0	0	0	0	0	0	
1960	58	0	0	58773	0	0	0	0	0	0	
1968	59	0	0	59013	0	0	0	0	0	0	
1976	59	0	0	59252	0	0	0	0	0	0	
1984	59	0	0	59491	0	0	0	0	0	0	
1992	59	0	0	59730	0	0	0	0	0	0	
2000	59	0	0	59971	0	0	0	0	0	0	
2008	60	0	0	60210	0	0	0	0	0	0	
2016	60	0	0	60449	0	0	0	0	0	0	
2024	60	0	0	60689	0	0	0	0	0	0	
2032	60	0	0	60928	0	0	0	0	0	0	
2040	61	0	0	61167	0	0	0	0	0	0	
2048	61	0	0	61406	0	0	0	0	0	0	
2056	61	0	0	61646	0	0	0	0	0	0	
2064	61	0	0	61886	0	0	0	0	0	0	
2072	62	0	0	62126	0	0	0	0	0	0	
2080	62	0	0	62368	0	0	0	0	0	0	
2088	62	0	0	62607	0	0	0	0	0	0	
2096	62	0	0	62846	0	0	0	0	0	0	
2104	63	0	0	63087	0	0	0	0	0	0	
2112	63	0	0	63328	0	0	0	0	0	0	
2120	63	0	0	63567	0	0	0	0	0	0	
2128	63	0	0	63808	0	0	0	0	0	0	
2136	64	0	0	64049	0	0	0	0	0	0	
2144	64	0	0	64287	0	0	0	0	0	0	
2152	64	0	0	64528	0	0	0	0	0	0	
2160	64	0	0	64770	0	0	0	0	0	0	
2168	65	0	0	65010	0	0	0	0	0	0	
2176	65	0	0	65248	0	0	0	0	0	0	
2184	65	0	0	65487	0	0	0	0	0	0	
2192	65	0	0	65726	0	0	0	0	0	0	
2200	65	0	0	65967	0	0	0	0	0	0	
2208	66	0	0	66207	0	0	0	0	0	0	
2216	66	0	0	66447	0	0	0	0	0	0	
2224	66	0	0	66687	0	0	0	0	0	0	
2232	66	0	0	66926	0	0	0	0	0	0	
2240	67	0	0	67166	0	0	0	0	0	0	
2248	67	0	0	67405	0	0	0	0	0	0	
2256	67	0	0	67644	0	0	0	0	0	0	
2264	67	0	0	67885	0	0	0	0	0	0	
2272	68	0	0	68125	0	0	0	0	0	0	
2280	68	0	0	68366	0	0	0	0	0	0	
2288	68	0	0	68605	0	0	0	0	0	0	
2296	68	0	0	68845	0	0	0	0	0	0	
2304	69	0	0	69085	0	0	0	0	0	0	
2312	69	0	0	69324	0	0	0	0	0	0	
2320	69	0	0	69564	0	0	0	0	0	0	
2328	69	0	0	69806	0	0	0	0	0	0	
2336	70	0	0	70048	0	0	0	0	0	0	
2344	70	0	0	70288	0	0	0	0	0	0	
2352	70	0	0	70528	0	0	0	0	0	0	
2360	70	0	0	70767	0	0	0	0	0	0	
2368	71	0	0	71007	0	0	0	0	0	0	
2376	71	0	0	71247	0	0	0	0	0	0	
2384	71	0	0	71486	0	0	0	0	0	0	
2392	71	0	0	71725	0	0	0	0	0	0	
2400	71	0	0	71967	0	0	0	0	0	0	
2408	72	0	0	72209	0	0	0	0	0	0	
2416	72	0	0	72448	0	0	0	0	0	0	
2424	72	0	0	72687	0	0	0	0	0	0	
2432	72	0	0	72926	0	0	0	0	0	0	
2440	73	0	0	73165	0	0	0	0	0	0	
2448	73	0	0	73406	0	0	0	0	0	0	
2456	73	0	0	73648	0	0	0	0	0	0	
2464	73	0	0	73891	0	0	0	0	0	0	
2472	74	0	0	74131	0	0	0	0	0	0	
2480	74	0	0	74371	0	0	0	0	0	0	
2488	74	0	0	74612	0	0	0	0	0	0	
2496	74	0	0	74853	0	0	0	0	0	0	
2504	75	0	0	75094	0	0	0	0	0	0	
2512	75	0	0	75333	0	0	0	0	0	0	
2520	75	0	0	75573	0	0	0	0	0	0	
2528	75	0	0	75813	0	0	0	0	0	0	
2536	76	0	0	76053	0	0	0	0	0	0	
2544	76	0	0	76292	0	0	0	0	0	0	
2552	76	0	0	76532	0	0	0	0	0	0	
2560	76	0	0	76771	0	0	0	0	0	0	
2568	77	0	0	77011	0	0	0	0	0	0	
2576	77	0	0	77252	0	0	0	0	0	0	
2584	77	0	0	77493	0	0	0	0	0	0	
2592	77	0	0	77735	0	0	0	0	0	0	
2600	77	0	0	77976	0	0	0	0	0	0	
2608	78	0	0	78216	0	0	0	0	0	0	
2616	78	0	0	78457	0	0	0	0	0	0	
2624	78	0	0	78697	0	0	0	0	0	0	
2632	78	0	0	78937	0	0	0	0	0	0	
2640	79	0	0	79177	0	0	0	0	0	0	
2648	79	0	0	79417	0	0	0	0	0	0	
2656	79	0	0	79658	0	0	0	0	0	0	
2664	79	0	0	79899	0	0	0	0	0	0	
2672	80	0	0	80141	0	0	0	0	0	0	
2680	80	0	0	80383	0	0	0	0	0	0	
2688	80	0	0	80623	0	0	0	0	0	0	
2696	80	0	0	80862	0	0	0	0	0	0	
2704	81	0	0	81102	0	0	0	0	0	0	
2712	81	0	0	81341	0	0	0	0	0	0	
2720	81	0	0	81581	0	0	0	0	0	0	
2728	81	0	0	81822	0	0	0	0	0	0	
2736	82	0	0	82065	0	0	0	0	0	0	
2744	82	0	0	82306	0	0	0	0	0	0	
2752	82	0	0	82549	0	0	0	0	0	0	
2760	82	0	0	82789	0	0	0	0	0	0	
2768	83	0	0	83029	0	0	0	0	0	0	
2776	83	0	0	83269	0	0	0	0	0	0	
2784	83	0	0	83508	0	0	0	0	0	0	
2792	83	0	0	83749	0	0	0	0	0	0	
2800	83	0	0	83990	0	0	0	0	0	0	
2808	84	0	0	84231	0	0	0	0	0	0	
2816	84	0	0	84471	0	0	0	0	0	0	
2824	84	0	0	84711	0	0	0	0	0	0	
2832	84	0	0	84954	0	0	0	0	0	0	
2840	85	0	0	85194	0	0	0	0	0	0	
2848	85	0	0	85436	0	0	0	0	0	0	
2856	85	0	0	85676	0	0	0	0	0	0	
2864	85	0	0	85917	0	0	0	0	0	0	
2872	86	0	0	86157	0	0	0	0	0	0	
2880	86	0	0	86396	0	0	0	0	0	0	
2888	86	0	0	86637	0	0	0	0	0	0	
2896	86	0	0	86876	0	0	0	0	0	0	
2904	87	0	0	87116	0	0	0	0	0	0	
2912	87	0	0	87356	0	0	0	0	0	0	
2920	87	0	0	87596	0	0	0	0	0	0	
2928	87	0	0	87836	0	0	0	0	0	0	
2936	88	0	0	88077	0	0	0	0	0	0	
2944	88	0	0	88317	0	0	0	0	0	0	
2952	88	0	0	88558	0	0	0	0	0	0	
2960	88	0	0	88797	0	0	0	0	0	0	
2968	89	0	0	89038	0	0	0	0	0	0	
2976	89	0	0	89277	0	0	0	0	0	0	
2984	89	0	0	89517	0	0	0	0	0	0	
2992	89	0	0	89758	0	0	0	0	0	0	
3000	90	0	0	90000	0	0	0	0	0	0	
3008	90	0	0	90241	0	0	0	0	0	0	
3016	90	0	0	90481	0	0	0	0	0	0	
3024	90	0	0	90721	0	0	0	0	0	0	
3032	90	0	0	90962	0	0	0	0	0	0	
3040	91	0	0	91202	0	0	0	0	0	0	
3048	91	0	0	91442	0	0	0	0	0	0	
3056	91	0	0	91683	0	0	0	0	0	0	
3064	91	0	0	91925	0	0	0	0	0	0	
3072	92	0	0	92164	0	0	0	0	0	0	
3080	92	0	0	92404	0	0	0	0	0	0	
3088	92	0	0	92644	0	0	0	0	0	0	
3096	92	0	0	92884	0	0	0	0	0	0	
3104	93	0	0	93124	0	0	0	0	0	0	
3112	93	0	0	93364	0	0	0	0	0	0	
3120	93	0	0	93615	0	0	0	0	0	0	
3128	93	0	0	93857	0	0	0	0	0	0	
3136	94	0	0	94097	0	0	0	0	0	0	
3144	94	0	0	94338	0	0	0	0	0	0	
3152	94	0	0	94578	0	0	0	0	0	0	
3160	94	0	0	94819	0	0	0	0	0	0	
3168	95	0	0	95060	0	0	0	0	0	0	
3176	95	0	0	95300	0	0	0	0	0	0	
3184	95	0	0	95540	0	0	0	0	0	0	
3192	95	0	0	95780	0	0	0	0	0	0	
3200	96	0	0	96022	0	0	0	0	0	0	
3208	96	0	0	96263	0	0	0	0	0	0	
3216	96	0	0	96504	0	0	0	0	0	0	
3224	96	0	0	96745	0	0	0	0	0	0	
3232	96	0	0	96986	0	0	0	0	0	0	
3240	97	0	0	97227	0	0	0	0	0	0	
3248	97	0	0	97468	0	0	0	0	0	0	
3256	97	0	0	97708	0	0	0	0	0	0	
3264	97	0	0	97951	0	0	0	0	0	0	
3272	98	0	0	98192	0	0	0	0	0	0	
3280	98	0	0	98432	0	0	0	0	0	0	
3288	98	0	0	98673	0	0	0	0	0	0	
3296	98	0	0	98914	0	0	0	0	0	0	
3304	99	0	0	99155	0	0	0	0	0	0	
3312	99	0	0	99395	0	0	0	0	0	0	
3320	99	0	0	99636	0	0	0	0	0	0	
3328	99	0	0	99878	0	0	0	0	0	0	
3336	100	0	0	100119	0	0	0	0	0	0	
3344	100	0	0	100359	0	0	0	0	0	0	
3352	100	0	0	100600	0	0	0	0	0	0	
3360	100	0	0	100841	0	0	0	0	0	0	
3368	101	0	0	101082	0	0	0	0	0	0	
3376	101	0	0	101322	0	0	0	0	0	0	
3384	101	0	0	101564	0	0	0	0	0	0	
3392	101	0	0	101806	0	0	0	0	0	0	
3400	102	0	0	102048	0	0	0	0	0	0	
3408	102	0	0	102288	0	0	0	0	0	0	
3416	102	0	0	102529	0	0	0	0	0	0	
3424	102	0	0	102770	0	0	0	0	0	0	
3432	103	0	0	103011	0	0	0	0	0	0	
3440	103	0	0	103252	0	0	0	0	0	0	
3448	103	0	0	103493	0	0	0	0	0	0	
3456	103	0	0	103735	0	0	0	0	0	0	
3464	103	0	0	103978	0	0	0	0	0	0	
3472	104	0	0	104218	0	0	0	0	0	0	
3480	104	0	0	104460	0	0	0	0	0	0	
3488	104	0	0	104704	0	0	0	0	0	0	
3496	104	0	0	104945	0	0	0	0	0	0	
3504	105	0	0	105186	0	0	0	0	0	0	
3512	105	0	0	105427	0	0	0	0	0	0	
3520	105	0	0	105669	0	0	0	0	0	0	
3528	105	0	0	105911	0	0	0	0	0	0	
3536	106	0	0	106152	0	0	0	0	0	0	
3544	106	0	0	106394	0	0	0	0	0	0	
3552	106	0	0	106635	0	0	0	0	0	0	
3560	106	0	0	106878	0	0	0	0	0	0	
3568	107	0	0	107119	0	0	0	0	0	0	
3576	107	0	0	107360	0	0	0	0	0	0	
3584	107	0	0	107601	0	0	0	0	0	0	
3592	107	0	0	107843	0	0	0	0	0	0	
3600	108	0	0	108086	0	0	0	0	0	0	
3608	108	0	0	108327	0	0	0	0	0	0	
3616	108	0	0	108570	0	0	0	0	0	0	
3624	108	0	0	108812	0	0	0	0	0	0	
3632	109	0	0	109054	0	0	0	0	0	0	
3640	109	0	0	109299	0	0	0	0	0	0	
3648	109	0	0	109542	0	0	0	0	0	0	
3656	109	0	0	109785	0	0	0	0	0	0	
3664	110	0	0	110030	0	0	0	0	0	0	
3672	110	0	0	110272	0	0	0	0	0	0	
3680	110	0	0	110513	0	0	0	0	0	0	
3688	110	0	0	110755	0	0	0	0	0	0	
3696	110	0	0	110997	0	0	0	0	0	0	
3704	111	0	0	111239	0	0	0	0	0	0	
3712	111	0	0	111481	0	0	0	0	0	0	
3720	111	0	0	111724	0	0	0	0	0	0	
3728	111	0	0	111966	0	0	0	0	0	0	
3736	112	0	0	112207	0	0	0	0	0	0	
3744	112	0	0	112448	0	0	0	0	0	0	
3752	112	0	0	112690	0	0	0	0	0	0	
3760	112	0	0	112931	0	0	0	0	0	0	
3768	113	0	0	113173	0	0	0	0	0	0	
3776	113	0	0	113414	0	0	0	0	0	0	
3784	113	0	0	113656	0	0	0	0	0	0	
3792	113	0	0	113899	0	0	0	0	0	0	
3800	114	0	0	114141	0	0	0	0	0	0	
3808	114	0	0	114384	0	0	0	0	0	0	
3816	114	0	0	114627	0	0	0	0	0	0	
3824	114	0	0	114869	0	0	0	0	0	0	
3832	115	0	0	115111	0	0	0	0	0	0	
3840	115	0	0	115352	0	0	0	0	0	0	
3848	115	0	0	115594	0	0	0	0	0	0	
3856	115	0	0	115836	0	0	0	0	0	0	
3864	116	0	0	116078	0	0	0	0	0	0	
3872	116	0	0	116320	0	0	0	0	0	0	
3880	116	0	0	116561	0	0	0	0	0	0	
3888	116	0	0	116803	0	0	0	0	0	0	
3896	117	0	0	117044	0	0	0	0	0	0	
3904	117	0	0	117287	0	0	0	0	0	0	
3912	117	0	0	117529	0	0	0	0	0	0	
3920	117	0	0	117772	0	0	0	0	0	0	
3928	118	0	0	118015	0	0	0	0	0	0	
3936	118	0	0	118257	0	0	0	0	0	0	
3944	118	0	0	118501	0	0	0	0	0	0	
3952	118	0	0	118744	0	0	0	0	0	0	
3960	118	0	0	118985	0	0	0	0	0	0	
3968	119	0	0	119226	0	0	0	0	0	0	
3976	119	0	0	119470	0	0	0	0	0	0	
3984	119	0	0	119711	0	0	0	0	0	0	
3992	119	0	0	119955	0	0	0	0	0	0	
4000	120	0	0	120196	0	0	0	0	0	0	
4008	120	0	0	120438	0	0	0	0	0	0	
4016	120	0	0	120679	0	0	0	0	0	0	
4024	120	0	0	120920	0	0	0	0	0	0	
4032	121	0	0	121162	0	0	0	0	0	0	
4040	121	0	0	121403	0	0	0	0	0	0	
4048	121	0	0	121644	0	0	0	0	0	0	
4056	121	0	0	121886	0	0	0	0	0	0	
4064	122	0	0	122130	0	0	0	0	0	0	
4072	122	0	0	122372	0	0	0	0	0	0	
4080	122	0	0	122613	0	0	0	0	0	0	
4088	122	0	0	122856	0	0	0	0	0	0	
4096	123	0	0	123097	0	0	0	0	0	0	
4104	123	0	0	123340	0	0	0	0	0	0	
4112	123	0	0	123582	0	0	0	0	0	0	
4120	123	0	0	123825	0	0	0	0	0	0	
4128	124	0	0	124067	0	0	0	0	0	0	
4136	124	0	0	124310	0	0	0	0	0	0	
4144	124	0	0	124552	0	0	0	0	0	0	
4152	124	0	0	124793	0	0	0	0	0	0	
4160	125	0	0	125037	0	0	0	0	0	0	
4168	125	0	0	125279	0	0	0	0	0	0	
4176	125	0	0	125520	0	0	0	0	0	0	
4184	125	0	0	125761	0	0	0	0	0	0	
4192	126	0	0	126005	0	0	0	0	0	0	
4200	126	0	0	126246	0	0	0	0	0	0	
4208	126	0	0	126488	0	0	0	0	0	0	
4216	126	0	0	126729	0	0	0	0	0	0	
4224	126	0	0	126971	0	0	0	0	0	0	
4232	127	0	0	127212	0	0	0	0	0	0	
4240	127	0	0	127454	0	0	0	0	0	0	
4248	127	0	0	127696	0	0	0	0	0	0	
4256	127	0	0	127939	0	0	0	0	0	0	
4264	128	0	0	128181	0	0	0	0	0	0	
4272	128	0	0	128424	0	0	0	0	0	0	
4280	128	0	0	128665	0	0	0	0	0	0	
4288	128	0	0	128906	0	0	0	0	0	0	
4296	129	0	0	129147	0	0	0	0	0	0	
4304	129	0	0	129391	0	0	0	0	0	0	
4312	129	0	0	129633	0	0	0	0	0	0	
4320	129	0	0	129874	0	0	0	0	0	0	
4328	130	0	0	130118	0	0	0	0	0	0	
4336	130	0	0	130360	0	0	0	0	0	0	
4344	130	0	0	130602	0	0	0	0	0	0	
4352	130	0	0	130845	0	0	0	0	0	0	
4360	131	0	0	131088	0	0	0	0	0	0	
4368	131	0	0	131329	0	0	0	0	0	0	
4376	131	0	0	131571	0	0	0	0	0	0	
4384	131	0	0	131813	0	0	0	0	0	0	
4392	132	0	0	132056	0	0	0	0	0	0	
4400	132	0	0	132299	0	0	0	0	0	0	
4408	132	0	0	132541	0	0	0	0	0	0	
4416	132	0	0	132783	0	0	0	0	0	0	
4424	133	0	0	133093	0	0	0	0	0	0	
4432	133	0	0	133335	0	0	0	0	0	0	
4440	133	0	0	133576	0	0	0	0	0	0	
4448	133	0	0	133819	0	0	0	0	0	0	
4456	134	0	0	134062	0	0	0	0	0	0	
4464	134	0	0	134306	0	0	0	0	0	0	
4472	134	0	0	134549	0	0	0	0	0	0	
4480	134	0	0	134792	0	0	0	0	0	0	
4488	135	0	0	135035	0	0	0	0	0	0	
4496	135	0	0	135277	0	0	0	0	0	0	
4504	135	0	0	135519	0	0	0	0	0	0	
4512	135	0	0	135760	0	0	0	0	0	0	
4520	136	0	0	136003	0	0	0	0	0	0	
4528	136	0	0	136246	0	0	0	0	0	0	
4536	136	0	0	136488	0	0	0	0	0	0	
4544	136	0	0	136730	0	0	0	0	0	0	
4552	136	0	0	136972	0	0	0	0	0	0	
4560	137	0	0	137214	0	0	0	0	0	0	
4568	137	0	0	137456	0	0	0	0	0	0	
4576	137	0	0	137700	0	0	0	0	0	0	
4584	137	0	0	137943	0	0	0	0	0	0	
4592	138	0	0	138185	0	0	0	0	0	0	
4600	138	0	0	138428	0	0	0	0	0	0	
4608	138	0	0	138672	0	0	0	0	0	0	
4616	138	0	0	138917	0	0	0	0	0	0	
4624	139	0	0	139159	0	0	0	0	0	0	
4632	139	0	0	139400	0	0	0	0	0	0	
4640	139	0	0	139644	0	0	0	0	0	0	
4648	139	0	0	139886	0	0	0	0	0	0	
4656	140	0	0	140130	0	0	0	0	0	0	
4664	140	0	0	140372	0	0	0	0	0	0	
4672	140	0	0	140614	0	0	0	0	0	0	
4680	140	0	0	140857	0	0	0	0	0	0	
4688	141	0	0	141100	0	0	0	0	0	0	
4696	141	0	0	141341	0	0	0	0	0	0	
4704	141	0	0	141586	0	0	0	0	0	0	
4712	141	0	0	141829	0	0	0	0	0	0	
4720	142	0	0	142073	0	0	0	0	0	0	
4728	142	0	0	142315	0	0	0	0	0	0	
4736	142	0	0	142558	0	0	0	0	0	0	
4744	142	0	0	142801	0	0	0	0	0	0	
4752	143	0	0	143043	0	0	0	0	0	0	
4760	143	0	0	143285	0	0	0	0	0	0	
4768	143	0	0	143528	0	0	0	0	0	0	
4776	143	0	0	143770	0	0	0	0	0	0	
4784	144	0	0	144014	0	0	0	0	0	0	
4792	144	0	0	144256	0	0	0	0	0	0	
4800	144	0	0	144499	0	0	0	0	0	0	
4808	144	0	0	144740	0	0	0	0	0	0	
4816	144	0	0	144985	0	0	0	0	0	0	
4824	145	0	0	145229	0	0	0	0	0	0	
4832	145	0	0	145472	0	0	0	0	0	0	
4840	145	0	0	145715	0	0	0	0	0	0	
4848	145	0	0	145958	0	0	0	0	0	0	
4856	146	0	0	146202	0	0	0	0	0	0	
4864	146	0	0	146446	0	0	0	0	0	0	
4872	146	0	0	146691	0	0	0	0	0	0	
4880	146	0	0	146935	0	0	0	0	0	0	
4888	147	0	0	147177	0	0	0	0	0	0	
4896	147	0	0	147420	0	0	0	0	0	0	
4904	147	0	0	147664	0	0	0	0	0	0	
4912	147	0	0	147928	0	0	0	0	0	0	
4920	148	0	0	148173	0	0	0	0	0	0	
4928	148	0	0	148415	0	0	0	0	0	0	
4936	148	0	0	148657	0	0	0	0	0	0	
4944	148	0	0	148899	0	0	0	0	0	0	
4952	149	0	0	149142	0	0	0	0	0	0	
4960	149	0	0	149387	0	0	0	0	0	0	
4968	149	0	0	149629	0	0	0	0	0	0	
4976	149	0	0	149871	0	0	0	0	0	0	
4984	150	0	0	150116	0	0	0	0	0	0	
4992	150	0	0	150358	0	0	0	0	0	0	
5000	150	0	0	150601	0	0	0	0	0	0	
5008	150	0	0	150845	0	0	0	0	0	0	
5016	151	0	0	151089	0	0	0	0	0	0	
5024	151	0	0	151333	0	0	0	0	0	0	
5032	151	0	0	151575	0	0	0	0	0	0	
5040	151	0	0	151817	0	0	0	0	0	0	
5048	152	0	0	152062	0	0	0	0	0	0	
5056	152	0	0	152304	0	0	0	0	0	0	
5064	152	0	0	152549	0	0	0	0	0	0	
5072	152	0	0	152792	0	0	0	0	0	0	
5080	153	0	0	153034	0	0	0	0	0	0	
5088	153	0	0	153277	0	0	0	0	0	0	
5096	153	0	0	153522	0	0	0	0	0	0	
5104	153	0	0	153766	0	0	0	0	0	0	
5112	154	0	0	154010	0	0	0	0	0	0	
5120	154	0	0	154254	0	0	0	0	0	0	
