#input	time	ios	pfs	timems	pbo	dbo	ibo	pbu	ndo	ars	
8	0	0	511	120	0	0	0	0	0	0	
16	0	0	1023	501	0	0	0	0	0	0	
24	0	0	1535	644	0	0	0	0	0	0	
32	0	0	2047	772	0	0	0	0	0	0	
40	0	0	2559	899	0	0	0	0	0	0	
48	1	0	3071	1027	0	0	0	0	0	0	
56	1	0	3583	1155	0	0	0	0	0	0	
64	1	0	4095	1282	0	0	0	0	0	0	
72	1	0	4607	1412	0	0	0	0	0	0	
80	1	0	5119	1540	0	0	0	0	0	0	
88	1	0	5631	1667	0	0	0	0	0	0	
96	1	0	6143	1795	0	0	0	0	0	0	
104	1	0	6655	1922	0	0	0	0	0	0	
112	2	0	7167	2050	0	0	0	0	0	0	
120	2	0	7679	2177	0	0	0	0	0	0	
128	2	0	8191	2305	0	0	0	0	0	0	
136	2	0	8703	2432	0	0	0	0	0	0	
144	2	0	9215	2560	0	0	0	0	0	0	
152	2	0	9727	2688	0	0	0	0	0	0	
160	2	0	10239	2816	0	0	0	0	0	0	
168	2	0	10751	2943	0	0	0	0	0	0	
176	3	0	11263	3071	0	0	0	0	0	0	
184	3	0	11775	3198	0	0	0	0	0	0	
192	3	0	12287	3326	0	0	0	0	0	0	
200	3	0	12799	3456	0	0	0	0	0	0	
208	3	0	13311	3585	0	0	0	0	0	0	
216	3	0	13823	3713	0	0	0	0	0	0	
224	3	0	14335	3840	0	0	0	0	0	0	
232	3	0	14847	3968	0	0	0	0	0	0	
240	4	0	15359	4096	0	0	0	0	0	0	
248	4	0	15871	4224	0	0	0	0	0	0	
256	4	0	16383	4353	0	0	0	0	0	0	
264	4	0	16895	4480	0	0	0	0	0	0	
272	4	0	17407	4608	0	0	0	0	0	0	
280	4	0	17919	4736	0	0	0	0	0	0	
288	4	0	18431	4864	0	0	0	0	0	0	
296	4	0	18943	4993	0	0	0	0	0	0	
304	5	0	19455	5121	0	0	0	0	0	0	
312	5	0	19967	5249	0	0	0	0	0	0	
320	5	0	20479	5378	0	0	0	0	0	0	
328	5	0	20991	5507	0	0	0	0	0	0	
336	5	0	21503	5636	0	0	0	0	0	0	
344	5	0	22015	5763	0	0	0	0	0	0	
352	5	0	22527	5892	0	0	0	0	0	0	
360	6	0	23039	6020	0	0	0	0	0	0	
368	6	0	23551	6148	0	0	0	0	0	0	
376	6	0	24063	6276	0	0	0	0	0	0	
384	6	0	24575	6405	0	0	0	0	0	0	
392	6	0	25087	6533	0	0	0	0	0	0	
400	6	0	25599	6662	0	0	0	0	0	0	
408	6	0	26111	6790	0	0	0	0	0	0	
416	6	0	26623	6918	0	0	0	0	0	0	
424	7	0	27135	7046	0	0	0	0	0	0	
432	7	0	27647	7174	0	0	0	0	0	0	
440	7	0	28159	7302	0	0	0	0	0	0	
448	7	0	28671	7433	0	0	0	0	0	0	
456	7	0	29183	7562	0	0	0	0	0	0	
464	7	0	29695	7690	0	0	0	0	0	0	
472	7	0	30207	7818	0	0	0	0	0	0	
480	7	0	30719	7947	0	0	0	0	0	0	
488	8	0	31231	8075	0	0	0	0	0	0	
496	8	0	31743	8203	0	0	0	0	0	0	
504	8	0	32255	8331	0	0	0	0	0	0	
512	8	0	32767	8459	0	0	0	0	0	0	
520	8	0	33279	8588	0	0	0	0	0	0	
528	8	0	33791	8716	0	0	0	0	0	0	
536	8	0	34303	8844	0	0	0	0	0	0	
544	8	0	34815	8972	0	0	0	0	0	0	
552	9	0	35327	9100	0	0	0	0	0	0	
560	9	0	35839	9229	0	0	0	0	0	0	
568	9	0	36351	9357	0	0	0	0	0	0	
576	9	0	36863	9487	0	0	0	0	0	0	
584	9	0	37375	9615	0	0	0	0	0	0	
592	9	0	37887	9744	0	0	0	0	0	0	
600	9	0	38399	9872	0	0	0	0	0	0	
608	10	0	38911	10001	0	0	0	0	0	0	
616	10	0	39423	10129	0	0	0	0	0	0	
624	10	0	39935	10257	0	0	0	0	0	0	
632	10	0	40447	10386	0	0	0	0	0	0	
640	10	0	40959	10514	0	0	0	0	0	0	
648	10	0	41471	10643	0	0	0	0	0	0	
656	10	0	41983	10772	0	0	0	0	0	0	
664	10	0	42495	10900	0	0	0	0	0	0	
672	11	0	43007	11028	0	0	0	0	0	0	
680	11	0	43519	11156	0	0	0	0	0	0	
688	11	0	44031	11285	0	0	0	0	0	0	
696	11	0	44543	11415	0	0	0	0	0	0	
704	11	0	45055	11544	0	0	0	0	0	0	
712	11	0	45567	11672	0	0	0	0	0	0	
720	11	0	46079	11801	0	0	0	0	0	0	
728	11	0	46591	11929	0	0	0	0	0	0	
736	12	0	47103	12058	0	0	0	0	0	0	
744	12	0	47615	12186	0	0	0	0	0	0	
752	12	0	48127	12315	0	0	0	0	0	0	
760	12	0	48639	12443	0	0	0	0	0	0	
768	12	0	49151	12572	0	0	0	0	0	0	
776	12	0	49663	12700	0	0	0	0	0	0	
784	12	0	50175	12829	0	0	0	0	0	0	
792	12	0	50687	12957	0	0	0	0	0	0	
800	13	0	51199	13086	0	0	0	0	0	0	
808	13	0	51711	13214	0	0	0	0	0	0	
816	13	0	52223	13343	0	0	0	0	0	0	
824	13	0	52735	13473	0	0	0	0	0	0	
832	13	0	53247	13602	0	0	0	0	0	0	
840	13	0	53759	13731	0	0	0	0	0	0	
848	13	0	54271	13859	0	0	0	0	0	0	
856	13	0	54783	13988	0	0	0	0	0	0	
864	14	0	55295	14117	0	0	0	0	0	0	
872	14	0	55807	14245	0	0	0	0	0	0	
880	14	0	56319	14374	0	0	0	0	0	0	
888	14	0	56831	14503	0	0	0	0	0	0	
896	14	0	57343	14631	0	0	0	0	0	0	
904	14	0	57855	14760	0	0	0	0	0	0	
912	14	0	58367	14889	0	0	0	0	0	0	
920	15	0	58879	15018	0	0	0	0	0	0	
928	15	0	59391	15148	0	0	0	0	0	0	
936	15	0	59903	15276	0	0	0	0	0	0	
944	15	0	60415	15407	0	0	0	0	0	0	
952	15	0	60927	15537	0	0	0	0	0	0	
960	15	0	61439	15666	0	0	0	0	0	0	
968	15	0	61951	15795	0	0	0	0	0	0	
976	15	0	62463	15924	0	0	0	0	0	0	
984	16	0	62975	16053	0	0	0	0	0	0	
992	16	0	63487	16182	0	0	0	0	0	0	
1000	16	0	63999	16311	0	0	0	0	0	0	
1008	16	0	64511	16440	0	0	0	0	0	0	
1016	16	0	65023	16569	0	0	0	0	0	0	
1024	16	0	65535	16698	0	0	0	0	0	0	
1032	16	0	66047	16826	0	0	0	0	0	0	
1040	16	0	66559	16956	0	0	0	0	0	0	
1048	17	0	67071	17084	0	0	0	0	0	0	
1056	17	0	67583	17214	0	0	0	0	0	0	
1064	17	0	68095	17342	0	0	0	0	0	0	
1072	17	0	68607	17473	0	0	0	0	0	0	
1080	17	0	69119	17603	0	0	0	0	0	0	
1088	17	0	69631	17732	0	0	0	0	0	0	
1096	17	0	70143	17860	0	0	0	0	0	0	
1104	17	0	70655	17990	0	0	0	0	0	0	
1112	18	0	71167	18118	0	0	0	0	0	0	
1120	18	0	71679	18248	0	0	0	0	0	0	
1128	18	0	72191	18376	0	0	0	0	0	0	
1136	18	0	72703	18506	0	0	0	0	0	0	
1144	18	0	73215	18635	0	0	0	0	0	0	
1152	18	0	73727	18764	0	0	0	0	0	0	
1160	18	0	74239	18893	0	0	0	0	0	0	
1168	19	0	74751	19023	0	0	0	0	0	0	
1176	19	0	75263	19151	0	0	0	0	0	0	
1184	19	0	75775	19281	0	0	0	0	0	0	
1192	19	0	76287	19411	0	0	0	0	0	0	
1200	19	0	76799	19541	0	0	0	0	0	0	
1208	19	0	77311	19670	0	0	0	0	0	0	
1216	19	0	77823	19800	0	0	0	0	0	0	
1224	19	0	78335	19929	0	0	0	0	0	0	
1232	20	0	78847	20058	0	0	0	0	0	0	
1240	20	0	79359	20187	0	0	0	0	0	0	
1248	20	0	79871	20316	0	0	0	0	0	0	
1256	20	0	80383	20446	0	0	0	0	0	0	
1264	20	0	80895	20575	0	0	0	0	0	0	
1272	20	0	81407	20704	0	0	0	0	0	0	
1280	20	0	81919	20834	0	0	0	0	0	0	
1288	20	0	82431	20962	0	0	0	0	0	0	
1296	21	0	82943	21091	0	0	0	0	0	0	
1304	21	0	83455	21221	0	0	0	0	0	0	
1312	21	0	83967	21350	0	0	0	0	0	0	
1320	21	0	84479	21481	0	0	0	0	0	0	
1328	21	0	84991	21610	0	0	0	0	0	0	
1336	21	0	85503	21739	0	0	0	0	0	0	
1344	21	0	86015	21869	0	0	0	0	0	0	
1352	21	0	86527	21999	0	0	0	0	0	0	
1360	22	0	87039	22128	0	0	0	0	0	0	
1368	22	0	87551	22257	0	0	0	0	0	0	
1376	22	0	88063	22386	0	0	0	0	0	0	
1384	22	0	88575	22515	0	0	0	0	0	0	
1392	22	0	89087	22645	0	0	0	0	0	0	
1400	22	0	89599	22774	0	0	0	0	0	0	
1408	22	0	90111	22903	0	0	0	0	0	0	
1416	23	0	90623	23032	0	0	0	0	0	0	
1424	23	0	91135	23162	0	0	0	0	0	0	
1432	23	0	91647	23291	0	0	0	0	0	0	
1440	23	0	92159	23422	0	0	0	0	0	0	
1448	23	0	92671	23552	0	0	0	0	0	0	
1456	23	0	93183	23682	0	0	0	0	0	0	
1464	23	0	93695	23811	0	0	0	0	0	0	
1472	23	0	94207	23940	0	0	0	0	0	0	
1480	24	0	94719	24069	0	0	0	0	0	0	
1488	24	0	95231	24199	0	0	0	0	0	0	
1496	24	0	95743	24328	0	0	0	0	0	0	
1504	24	0	96255	24458	0	0	0	0	0	0	
1512	24	0	96767	24588	0	0	0	0	0	0	
1520	24	0	97279	24717	0	0	0	0	0	0	
1528	24	0	97791	24846	0	0	0	0	0	0	
1536	24	0	98303	24977	0	0	0	0	0	0	
1544	25	0	98815	25106	0	0	0	0	0	0	
1552	25	0	99327	25236	0	0	0	0	0	0	
1560	25	0	99839	25366	0	0	0	0	0	0	
1568	25	0	100351	25498	0	0	0	0	0	0	
1576	25	0	100863	25627	0	0	0	0	0	0	
1584	25	0	101375	25757	0	0	0	0	0	0	
1592	25	0	101887	25886	0	0	0	0	0	0	
1600	26	0	102399	26015	0	0	0	0	0	0	
1608	26	0	102911	26145	0	0	0	0	0	0	
1616	26	0	103423	26274	0	0	0	0	0	0	
1624	26	0	103935	26404	0	0	0	0	0	0	
1632	26	0	104447	26533	0	0	0	0	0	0	
1640	26	0	104959	26663	0	0	0	0	0	0	
1648	26	0	105471	26793	0	0	0	0	0	0	
1656	26	0	105983	26923	0	0	0	0	0	0	
1664	27	0	106495	27053	0	0	0	0	0	0	
1672	27	0	107007	27182	0	0	0	0	0	0	
1680	27	0	107519	27312	0	0	0	0	0	0	
1688	27	0	108031	27444	0	0	0	0	0	0	
1696	27	0	108543	27575	0	0	0	0	0	0	
1704	27	0	109055	27705	0	0	0	0	0	0	
1712	27	0	109567	27835	0	0	0	0	0	0	
1720	27	0	110079	27964	0	0	0	0	0	0	
1728	28	0	110591	28093	0	0	0	0	0	0	
1736	28	0	111103	28223	0	0	0	0	0	0	
1744	28	0	111615	28353	0	0	0	0	0	0	
1752	28	0	112127	28483	0	0	0	0	0	0	
1760	28	0	112639	28613	0	0	0	0	0	0	
1768	28	0	113151	28743	0	0	0	0	0	0	
1776	28	0	113663	28873	0	0	0	0	0	0	
1784	29	0	114175	29002	0	0	0	0	0	0	
1792	29	0	114687	29132	0	0	0	0	0	0	
1800	29	0	115199	29261	0	0	0	0	0	0	
1808	29	0	115711	29391	0	0	0	0	0	0	
1816	29	0	116223	29523	0	0	0	0	0	0	
1824	29	0	116735	29652	0	0	0	0	0	0	
1832	29	0	117247	29782	0	0	0	0	0	0	
1840	29	0	117759	29913	0	0	0	0	0	0	
1848	30	0	118271	30042	0	0	0	0	0	0	
1856	30	0	118783	30173	0	0	0	0	0	0	
1864	30	0	119295	30302	0	0	0	0	0	0	
1872	30	0	119807	30432	0	0	0	0	0	0	
1880	30	0	120319	30562	0	0	0	0	0	0	
1888	30	0	120831	30693	0	0	0	0	0	0	
1896	30	0	121343	30822	0	0	0	0	0	0	
1904	30	0	121855	30953	0	0	0	0	0	0	
1912	31	0	122367	31083	0	0	0	0	0	0	
1920	31	0	122879	31213	0	0	0	0	0	0	
1928	31	0	123391	31342	0	0	0	0	0	0	
1936	31	0	123903	31474	0	0	0	0	0	0	
1944	31	0	124415	31605	0	0	0	0	0	0	
1952	31	0	124927	31735	0	0	0	0	0	0	
1960	31	0	125439	31865	0	0	0	0	0	0	
1968	31	0	125951	31995	0	0	0	0	0	0	
1976	32	0	126463	32124	0	0	0	0	0	0	
1984	32	0	126975	32254	0	0	0	0	0	0	
1992	32	0	127487	32384	0	0	0	0	0	0	
2000	32	0	127999	32515	0	0	0	0	0	0	
2008	32	0	128511	32645	0	0	0	0	0	0	
2016	32	0	129023	32774	0	0	0	0	0	0	
2024	32	0	129535	32904	0	0	0	0	0	0	
2032	33	0	130047	33034	0	0	0	0	0	0	
2040	33	0	130559	33163	0	0	0	0	0	0	
2048	33	0	131071	33293	0	0	0	0	0	0	
2056	33	0	131583	33424	0	0	0	0	0	0	
2064	33	0	132095	33556	0	0	0	0	0	0	
2072	33	0	132607	33686	0	0	0	0	0	0	
2080	33	0	133119	33816	0	0	0	0	0	0	
2088	33	0	133631	33945	0	0	0	0	0	0	
2096	34	0	134143	34075	0	0	0	0	0	0	
2104	34	0	134655	34205	0	0	0	0	0	0	
2112	34	0	135167	34335	0	0	0	0	0	0	
2120	34	0	135679	34465	0	0	0	0	0	0	
2128	34	0	136191	34597	0	0	0	0	0	0	
2136	34	0	136703	34727	0	0	0	0	0	0	
2144	34	0	137215	34857	0	0	0	0	0	0	
2152	34	0	137727	34989	0	0	0	0	0	0	
2160	35	0	138239	35119	0	0	0	0	0	0	
2168	35	0	138751	35249	0	0	0	0	0	0	
2176	35	0	139263	35379	0	0	0	0	0	0	
2184	35	0	139775	35511	0	0	0	0	0	0	
2192	35	0	140287	35641	0	0	0	0	0	0	
2200	35	0	140799	35772	0	0	0	0	0	0	
2208	35	0	141311	35902	0	0	0	0	0	0	
2216	36	0	141823	36033	0	0	0	0	0	0	
2224	36	0	142335	36163	0	0	0	0	0	0	
2232	36	0	142847	36292	0	0	0	0	0	0	
2240	36	0	143359	36423	0	0	0	0	0	0	
2248	36	0	143871	36554	0	0	0	0	0	0	
2256	36	0	144383	36684	0	0	0	0	0	0	
2264	36	0	144895	36815	0	0	0	0	0	0	
2272	36	0	145407	36945	0	0	0	0	0	0	
2280	37	0	145919	37075	0	0	0	0	0	0	
2288	37	0	146431	37205	0	0	0	0	0	0	
2296	37	0	146943	37335	0	0	0	0	0	0	
2304	37	0	147455	37468	0	0	0	0	0	0	
2312	37	0	147967	37599	0	0	0	0	0	0	
2320	37	0	148479	37729	0	0	0	0	0	0	
2328	37	0	148991	37860	0	0	0	0	0	0	
2336	37	0	149503	37990	0	0	0	0	0	0	
2344	38	0	150015	38120	0	0	0	0	0	0	
2352	38	0	150527	38251	0	0	0	0	0	0	
2360	38	0	151039	38381	0	0	0	0	0	0	
2368	38	0	151551	38512	0	0	0	0	0	0	
2376	38	0	152063	38643	0	0	0	0	0	0	
2384	38	0	152575	38774	0	0	0	0	0	0	
2392	38	0	153087	38904	0	0	0	0	0	0	
2400	39	0	153599	39035	0	0	0	0	0	0	
2408	39	0	154111	39166	0	0	0	0	0	0	
2416	39	0	154623	39297	0	0	0	0	0	0	
2424	39	0	155135	39427	0	0	0	0	0	0	
2432	39	0	155647	39560	0	0	0	0	0	0	
2440	39	0	156159	39690	0	0	0	0	0	0	
2448	39	0	156671	39821	0	0	0	0	0	0	
2456	39	0	157183	39953	0	0	0	0	0	0	
2464	40	0	157695	40083	0	0	0	0	0	0	
2472	40	0	158207	40214	0	0	0	0	0	0	
2480	40	0	158719	40345	0	0	0	0	0	0	
2488	40	0	159231	40476	0	0	0	0	0	0	
2496	40	0	159743	40606	0	0	0	0	0	0	
2504	40	0	160255	40737	0	0	0	0	0	0	
2512	40	0	160767	40868	0	0	0	0	0	0	
2520	40	0	161279	40998	0	0	0	0	0	0	
2528	41	0	161791	41129	0	0	0	0	0	0	
2536	41	0	162303	41259	0	0	0	0	0	0	
2544	41	0	162815	41390	0	0	0	0	0	0	
2552	41	0	163327	41524	0	0	0	0	0	0	
2560	41	0	163839	41654	0	0	0	0	0	0	
2568	41	0	164351	41784	0	0	0	0	0	0	
2576	41	0	164863	41915	0	0	0	0	0	0	
2584	42	0	165375	42046	0	0	0	0	0	0	
2592	42	0	165887	42177	0	0	0	0	0	0	
2600	42	0	166399	42307	0	0	0	0	0	0	
2608	42	0	166911	42439	0	0	0	0	0	0	
2616	42	0	167423	42569	0	0	0	0	0	0	
2624	42	0	167935	42700	0	0	0	0	0	0	
2632	42	0	168447	42830	0	0	0	0	0	0	
2640	42	0	168959	42961	0	0	0	0	0	0	
2648	43	0	169471	43092	0	0	0	0	0	0	
2656	43	0	169983	43223	0	0	0	0	0	0	
2664	43	0	170495	43353	0	0	0	0	0	0	
2672	43	0	171007	43486	0	0	0	0	0	0	
2680	43	0	171519	43617	0	0	0	0	0	0	
2688	43	0	172031	43747	0	0	0	0	0	0	
2696	43	0	172543	43878	0	0	0	0	0	0	
2704	44	0	173055	44009	0	0	0	0	0	0	
2712	44	0	173567	44139	0	0	0	0	0	0	
2720	44	0	174079	44270	0	0	0	0	0	0	
2728	44	0	174591	44401	0	0	0	0	0	0	
2736	44	0	175103	44532	0	0	0	0	0	0	
2744	44	0	175615	44662	0	0	0	0	0	0	
2752	44	0	176127	44793	0	0	0	0	0	0	
2760	44	0	176639	44926	0	0	0	0	0	0	
2768	45	0	177151	45056	0	0	0	0	0	0	
2776	45	0	177663	45187	0	0	0	0	0	0	
2784	45	0	178175	45318	0	0	0	0	0	0	
2792	45	0	178687	45449	0	0	0	0	0	0	
2800	45	0	179199	45582	0	0	0	0	0	0	
2808	45	0	179711	45713	0	0	0	0	0	0	
2816	45	0	180223	45844	0	0	0	0	0	0	
2824	45	0	180735	45974	0	0	0	0	0	0	
2832	46	0	181247	46105	0	0	0	0	0	0	
2840	46	0	181759	46236	0	0	0	0	0	0	
2848	46	0	182271	46366	0	0	0	0	0	0	
2856	46	0	182783	46498	0	0	0	0	0	0	
2864	46	0	183295	46629	0	0	0	0	0	0	
2872	46	0	183807	46760	0	0	0	0	0	0	
2880	46	0	184319	46891	0	0	0	0	0	0	
2888	47	0	184831	47022	0	0	0	0	0	0	
2896	47	0	185343	47153	0	0	0	0	0	0	
2904	47	0	185855	47284	0	0	0	0	0	0	
2912	47	0	186367	47415	0	0	0	0	0	0	
2920	47	0	186879	47549	0	0	0	0	0	0	
2928	47	0	187391	47680	0	0	0	0	0	0	
2936	47	0	187903	47811	0	0	0	0	0	0	
2944	47	0	188415	47942	0	0	0	0	0	0	
2952	48	0	188927	48073	0	0	0	0	0	0	
2960	48	0	189439	48204	0	0	0	0	0	0	
2968	48	0	189951	48335	0	0	0	0	0	0	
2976	48	0	190463	48466	0	0	0	0	0	0	
2984	48	0	190975	48597	0	0	0	0	0	0	
2992	48	0	191487	48728	0	0	0	0	0	0	
3000	48	0	191999	48860	0	0	0	0	0	0	
3008	48	0	192511	48991	0	0	0	0	0	0	
3016	49	0	193023	49122	0	0	0	0	0	0	
3024	49	0	193535	49253	0	0	0	0	0	0	
3032	49	0	194047	49384	0	0	0	0	0	0	
3040	49	0	194559	49517	0	0	0	0	0	0	
3048	49	0	195071	49648	0	0	0	0	0	0	
3056	49	0	195583	49780	0	0	0	0	0	0	
3064	49	0	196095	49913	0	0	0	0	0	0	
3072	50	0	196607	50044	0	0	0	0	0	0	
3080	50	0	197119	50175	0	0	0	0	0	0	
3088	50	0	197631	50306	0	0	0	0	0	0	
3096	50	0	198143	50438	0	0	0	0	0	0	
3104	50	0	198655	50570	0	0	0	0	0	0	
3112	50	0	199167	50701	0	0	0	0	0	0	
3120	50	0	199679	50833	0	0	0	0	0	0	
3128	50	0	200191	50965	0	0	0	0	0	0	
3136	51	0	200703	51096	0	0	0	0	0	0	
3144	51	0	201215	51227	0	0	0	0	0	0	
3152	51	0	201727	51359	0	0	0	0	0	0	
3160	51	0	202239	51493	0	0	0	0	0	0	
3168	51	0	202751	51625	0	0	0	0	0	0	
3176	51	0	203263	51756	0	0	0	0	0	0	
3184	51	0	203775	51887	0	0	0	0	0	0	
3192	52	0	204287	52019	0	0	0	0	0	0	
3200	52	0	204799	52150	0	0	0	0	0	0	
3208	52	0	205311	52281	0	0	0	0	0	0	
3216	52	0	205823	52413	0	0	0	0	0	0	
3224	52	0	206335	52544	0	0	0	0	0	0	
3232	52	0	206847	52675	0	0	0	0	0	0	
3240	52	0	207359	52807	0	0	0	0	0	0	
3248	52	0	207871	52938	0	0	0	0	0	0	
3256	53	0	208383	53070	0	0	0	0	0	0	
3264	53	0	208895	53201	0	0	0	0	0	0	
3272	53	0	209407	53332	0	0	0	0	0	0	
3280	53	0	209919	53464	0	0	0	0	0	0	
3288	53	0	210431	53597	0	0	0	0	0	0	
3296	53	0	210943	53728	0	0	0	0	0	0	
3304	53	0	211455	53860	0	0	0	0	0	0	
3312	53	0	211967	53991	0	0	0	0	0	0	
3320	54	0	212479	54122	0	0	0	0	0	0	
3328	54	0	212991	54254	0	0	0	0	0	0	
3336	54	0	213503	54385	0	0	0	0	0	0	
3344	54	0	214015	54517	0	0	0	0	0	0	
3352	54	0	214527	54649	0	0	0	0	0	0	
3360	54	0	215039	54780	0	0	0	0	0	0	
3368	54	0	215551	54912	0	0	0	0	0	0	
3376	55	0	216063	55044	0	0	0	0	0	0	
3384	55	0	216575	55175	0	0	0	0	0	0	
3392	55	0	217087	55306	0	0	0	0	0	0	
3400	55	0	217599	55438	0	0	0	0	0	0	
3408	55	0	218111	55572	0	0	0	0	0	0	
3416	55	0	218623	55703	0	0	0	0	0	0	
3424	55	0	219135	55834	0	0	0	0	0	0	
3432	55	0	219647	55965	0	0	0	0	0	0	
3440	56	0	220159	56097	0	0	0	0	0	0	
3448	56	0	220671	56228	0	0	0	0	0	0	
3456	56	0	221183	56360	0	0	0	0	0	0	
3464	56	0	221695	56492	0	0	0	0	0	0	
3472	56	0	222207	56623	0	0	0	0	0	0	
3480	56	0	222719	56755	0	0	0	0	0	0	
3488	56	0	223231	56886	0	0	0	0	0	0	
3496	57	0	223743	57018	0	0	0	0	0	0	
3504	57	0	224255	57150	0	0	0	0	0	0	
3512	57	0	224767	57281	0	0	0	0	0	0	
3520	57	0	225279	57413	0	0	0	0	0	0	
3528	57	0	225791	57547	0	0	0	0	0	0	
3536	57	0	226303	57679	0	0	0	0	0	0	
3544	57	0	226815	57810	0	0	0	0	0	0	
3552	57	0	227327	57942	0	0	0	0	0	0	
3560	58	0	227839	58074	0	0	0	0	0	0	
3568	58	0	228351	58205	0	0	0	0	0	0	
3576	58	0	228863	58337	0	0	0	0	0	0	
3584	58	0	229375	58469	0	0	0	0	0	0	
3592	58	0	229887	58601	0	0	0	0	0	0	
3600	58	0	230399	58732	0	0	0	0	0	0	
3608	58	0	230911	58864	0	0	0	0	0	0	
3616	58	0	231423	58996	0	0	0	0	0	0	
3624	59	0	231935	59127	0	0	0	0	0	0	
3632	59	0	232447	59259	0	0	0	0	0	0	
3640	59	0	232959	59391	0	0	0	0	0	0	
3648	59	0	233471	59525	0	0	0	0	0	0	
3656	59	0	233983	59657	0	0	0	0	0	0	
3664	59	0	234495	59789	0	0	0	0	0	0	
3672	59	0	235007	59922	0	0	0	0	0	0	
3680	60	0	235519	60054	0	0	0	0	0	0	
3688	60	0	236031	60185	0	0	0	0	0	0	
3696	60	0	236543	60316	0	0	0	0	0	0	
3704	60	0	237055	60449	0	0	0	0	0	0	
3712	60	0	237567	60581	0	0	0	0	0	0	
3720	60	0	238079	60713	0	0	0	0	0	0	
3728	60	0	238591	60845	0	0	0	0	0	0	
3736	60	0	239103	60976	0	0	0	0	0	0	
3744	61	0	239615	61108	0	0	0	0	0	0	
3752	61	0	240127	61241	0	0	0	0	0	0	
3760	61	0	240639	61373	0	0	0	0	0	0	
3768	61	0	241151	61507	0	0	0	0	0	0	
3776	61	0	241663	61639	0	0	0	0	0	0	
3784	61	0	242175	61771	0	0	0	0	0	0	
3792	61	0	242687	61903	0	0	0	0	0	0	
3800	62	0	243199	62035	0	0	0	0	0	0	
3808	62	0	243711	62167	0	0	0	0	0	0	
3816	62	0	244223	62298	0	0	0	0	0	0	
3824	62	0	244735	62430	0	0	0	0	0	0	
3832	62	0	245247	62563	0	0	0	0	0	0	
3840	62	0	245759	62695	0	0	0	0	0	0	
3848	62	0	246271	62826	0	0	0	0	0	0	
3856	62	0	246783	62959	0	0	0	0	0	0	
3864	63	0	247295	63091	0	0	0	0	0	0	
3872	63	0	247807	63222	0	0	0	0	0	0	
3880	63	0	248319	63354	0	0	0	0	0	0	
3888	63	0	248831	63487	0	0	0	0	0	0	
3896	63	0	249343	63621	0	0	0	0	0	0	
3904	63	0	249855	63753	0	0	0	0	0	0	
3912	63	0	250367	63885	0	0	0	0	0	0	
3920	64	0	250879	64018	0	0	0	0	0	0	
3928	64	0	251391	64150	0	0	0	0	0	0	
3936	64	0	251903	64282	0	0	0	0	0	0	
3944	64	0	252415	64414	0	0	0	0	0	0	
3952	64	0	252927	64546	0	0	0	0	0	0	
3960	64	0	253439	64679	0	0	0	0	0	0	
3968	64	0	253951	64811	0	0	0	0	0	0	
3976	64	0	254463	64944	0	0	0	0	0	0	
3984	65	0	254975	65076	0	0	0	0	0	0	
3992	65	0	255487	65208	0	0	0	0	0	0	
4000	65	0	255999	65341	0	0	0	0	0	0	
4008	65	0	256511	65473	0	0	0	0	0	0	
4016	65	0	257023	65607	0	0	0	0	0	0	
4024	65	0	257535	65739	0	0	0	0	0	0	
4032	65	0	258047	65872	0	0	0	0	0	0	
4040	66	0	258559	66004	0	0	0	0	0	0	
4048	66	0	259071	66137	0	0	0	0	0	0	
4056	66	0	259583	66270	0	0	0	0	0	0	
4064	66	0	260095	66403	0	0	0	0	0	0	
4072	66	0	260607	66536	0	0	0	0	0	0	
4080	66	0	261119	66668	0	0	0	0	0	0	
4088	66	0	261631	66801	0	0	0	0	0	0	
4096	66	0	262143	66934	0	0	0	0	0	0	
4104	67	0	262655	67066	0	0	0	0	0	0	
4112	67	0	263167	67198	0	0	0	0	0	0	
4120	67	0	263679	67331	0	0	0	0	0	0	
4128	67	0	264191	67462	0	0	0	0	0	0	
4136	67	0	264703	67598	0	0	0	0	0	0	
4144	67	0	265215	67730	0	0	0	0	0	0	
4152	67	0	265727	67863	0	0	0	0	0	0	
4160	67	0	266239	67996	0	0	0	0	0	0	
4168	68	0	266751	68128	0	0	0	0	0	0	
4176	68	0	267263	68261	0	0	0	0	0	0	
4184	68	0	267775	68393	0	0	0	0	0	0	
4192	68	0	268287	68526	0	0	0	0	0	0	
4200	68	0	268799	68659	0	0	0	0	0	0	
4208	68	0	269311	68791	0	0	0	0	0	0	
4216	68	0	269823	68923	0	0	0	0	0	0	
4224	69	0	270335	69055	0	0	0	0	0	0	
4232	69	0	270847	69187	0	0	0	0	0	0	
4240	69	0	271359	69319	0	0	0	0	0	0	
4248	69	0	271871	69451	0	0	0	0	0	0	
4256	69	0	272383	69587	0	0	0	0	0	0	
4264	69	0	272895	69719	0	0	0	0	0	0	
4272	69	0	273407	69852	0	0	0	0	0	0	
4280	69	0	273919	69985	0	0	0	0	0	0	
4288	70	0	274431	70118	0	0	0	0	0	0	
4296	70	0	274943	70250	0	0	0	0	0	0	
4304	70	0	275455	70383	0	0	0	0	0	0	
4312	70	0	275967	70516	0	0	0	0	0	0	
4320	70	0	276479	70649	0	0	0	0	0	0	
4328	70	0	276991	70781	0	0	0	0	0	0	
4336	70	0	277503	70914	0	0	0	0	0	0	
4344	71	0	278015	71046	0	0	0	0	0	0	
4352	71	0	278527	71180	0	0	0	0	0	0	
4360	71	0	279039	71312	0	0	0	0	0	0	
4368	71	0	279551	71445	0	0	0	0	0	0	
4376	71	0	280063	71580	0	0	0	0	0	0	
4384	71	0	280575	71713	0	0	0	0	0	0	
4392	71	0	281087	71845	0	0	0	0	0	0	
4400	71	0	281599	71978	0	0	0	0	0	0	
4408	72	0	282111	72111	0	0	0	0	0	0	
4416	72	0	282623	72244	0	0	0	0	0	0	
4424	72	0	283135	72377	0	0	0	0	0	0	
4432	72	0	283647	72510	0	0	0	0	0	0	
4440	72	0	284159	72642	0	0	0	0	0	0	
4448	72	0	284671	72775	0	0	0	0	0	0	
4456	72	0	285183	72908	0	0	0	0	0	0	
4464	73	0	285695	73041	0	0	0	0	0	0	
4472	73	0	286207	73174	0	0	0	0	0	0	
4480	73	0	286719	73306	0	0	0	0	0	0	
4488	73	0	287231	73439	0	0	0	0	0	0	
4496	73	0	287743	73574	0	0	0	0	0	0	
4504	73	0	288255	73708	0	0	0	0	0	0	
4512	73	0	288767	73840	0	0	0	0	0	0	
4520	73	0	289279	73973	0	0	0	0	0	0	
4528	74	0	289791	74106	0	0	0	0	0	0	
4536	74	0	290303	74238	0	0	0	0	0	0	
4544	74	0	290815	74372	0	0	0	0	0	0	
4552	74	0	291327	74505	0	0	0	0	0	0	
4560	74	0	291839	74638	0	0	0	0	0	0	
4568	74	0	292351	74771	0	0	0	0	0	0	
4576	74	0	292863	74905	0	0	0	0	0	0	
4584	75	0	293375	75037	0	0	0	0	0	0	
4592	75	0	293887	75170	0	0	0	0	0	0	
4600	75	0	294399	75303	0	0	0	0	0	0	
4608	75	0	294911	75437	0	0	0	0	0	0	
4616	75	0	295423	75572	0	0	0	0	0	0	
4624	75	0	295935	75705	0	0	0	0	0	0	
4632	75	0	296447	75837	0	0	0	0	0	0	
4640	75	0	296959	75970	0	0	0	0	0	0	
4648	76	0	297471	76103	0	0	0	0	0	0	
4656	76	0	297983	76236	0	0	0	0	0	0	
4664	76	0	298495	76369	0	0	0	0	0	0	
4672	76	0	299007	76503	0	0	0	0	0	0	
4680	76	0	299519	76636	0	0	0	0	0	0	
4688	76	0	300031	76769	0	0	0	0	0	0	
4696	76	0	300543	76902	0	0	0	0	0	0	
4704	77	0	301055	77035	0	0	0	0	0	0	
4712	77	0	301567	77168	0	0	0	0	0	0	
4720	77	0	302079	77302	0	0	0	0	0	0	
4728	77	0	302591	77435	0	0	0	0	0	0	
4736	77	0	303103	77571	0	0	0	0	0	0	
4744	77	0	303615	77704	0	0	0	0	0	0	
4752	77	0	304127	77838	0	0	0	0	0	0	
4760	77	0	304639	77972	0	0	0	0	0	0	
4768	78	0	305151	78105	0	0	0	0	0	0	
4776	78	0	305663	78238	0	0	0	0	0	0	
4784	78	0	306175	78371	0	0	0	0	0	0	
4792	78	0	306687	78505	0	0	0	0	0	0	
4800	78	0	307199	78639	0	0	0	0	0	0	
4808	78	0	307711	78773	0	0	0	0	0	0	
4816	78	0	308223	78906	0	0	0	0	0	0	
4824	79	0	308735	79039	0	0	0	0	0	0	
4832	79	0	309247	79172	0	0	0	0	0	0	
4840	79	0	309759	79305	0	0	0	0	0	0	
4848	79	0	310271	79438	0	0	0	0	0	0	
4856	79	0	310783	79574	0	0	0	0	0	0	
4864	79	0	311295	79707	0	0	0	0	0	0	
4872	79	0	311807	79841	0	0	0	0	0	0	
4880	79	0	312319	79975	0	0	0	0	0	0	
4888	80	0	312831	80108	0	0	0	0	0	0	
4896	80	0	313343	80241	0	0	0	0	0	0	
4904	80	0	313855	80375	0	0	0	0	0	0	
4912	80	0	314367	80509	0	0	0	0	0	0	
4920	80	0	314879	80642	0	0	0	0	0	0	
4928	80	0	315391	80775	0	0	0	0	0	0	
4936	80	0	315903	80908	0	0	0	0	0	0	
4944	81	0	316415	81041	0	0	0	0	0	0	
4952	81	0	316927	81175	0	0	0	0	0	0	
4960	81	0	317439	81308	0	0	0	0	0	0	
4968	81	0	317951	81441	0	0	0	0	0	0	
4976	81	0	318463	81577	0	0	0	0	0	0	
4984	81	0	318975	81710	0	0	0	0	0	0	
4992	81	0	319487	81844	0	0	0	0	0	0	
5000	81	0	319999	81977	0	0	0	0	0	0	
5008	82	0	320511	82111	0	0	0	0	0	0	
5016	82	0	321023	82244	0	0	0	0	0	0	
5024	82	0	321535	82378	0	0	0	0	0	0	
5032	82	0	322047	82511	0	0	0	0	0	0	
5040	82	0	322559	82645	0	0	0	0	0	0	
5048	82	0	323071	82778	0	0	0	0	0	0	
5056	82	0	323583	82912	0	0	0	0	0	0	
5064	83	0	324095	83046	0	0	0	0	0	0	
5072	83	0	324607	83179	0	0	0	0	0	0	
5080	83	0	325119	83312	0	0	0	0	0	0	
5088	83	0	325631	83446	0	0	0	0	0	0	
5096	83	0	326143	83581	0	0	0	0	0	0	
5104	83	0	326655	83715	0	0	0	0	0	0	
5112	83	0	327167	83849	0	0	0	0	0	0	
5120	83	0	327679	83982	0	0	0	0	0	0	
