#input	time	ios	pfs	timems	pbo	dbo	ibo	pbu	ndo	ars	
1	368	2154337	0	368378	0	0	0	0	0	1	
2	773	4376983	0	773142	0	0	0	0	0	1	
3	1201	6373531	0	1201689	0	0	0	0	0	1	
4	1631	8821780	0	1631718	0	0	0	0	0	1	
5	2072	10715164	0	2072888	0	0	0	0	0	1	
6	2522	12817009	0	2522790	0	0	0	0	0	1	
7	2944	15181597	0	2944962	0	0	0	0	0	1	
8	3429	17709425	0	3429236	0	0	0	0	0	1	
9	3924	19630635	0	3924450	0	0	0	0	0	1	
10	4422	21501593	0	4422405	0	0	0	0	0	1	
11	5288	23565938	12	5288580	0	0	0	0	0	1	
12	5890	25707447	17	5890647	0	0	0	0	0	1	
13	6395	28026191	17	6395468	0	0	0	0	0	1	
14	7046	30437370	17	7046063	0	0	0	0	0	1	
15	7701	33010401	17	7701465	0	0	0	0	0	1	
16	8256	35470522	17	8256018	0	0	0	0	0	1	
17	8744	37482231	17	8744098	0	0	0	0	0	1	
18	9183	39329958	17	9183774	0	0	0	0	0	1	
19	9604	41172288	17	9604557	0	0	0	0	0	1	
20	10041	43079013	17	10041170	0	0	0	0	0	1	
21	10491	45111796	17	10491945	0	0	0	0	0	1	
22	10947	47201178	17	10947338	0	0	0	0	0	1	
23	11425	49312823	17	11425775	0	0	0	0	0	1	
24	12128	51492957	17	12128681	0	0	0	0	0	1	
25	12847	53778570	17	12847278	0	0	0	0	0	1	
26	13418	56123982	32	13418013	0	0	0	0	0	1	
27	13942	58504386	32	13942472	0	0	0	0	0	1	
28	14470	60955113	32	14470075	0	0	0	0	0	1	
29	15187	64607662	32	15187731	0	0	0	0	0	2	
30	16621	74598111	32	16621050	0	0	0	0	0	2	
31	18131	84741639	32	18131397	0	0	0	0	0	2	
32	19657	94623740	32	19657608	0	0	0	0	0	2	
33	21248	104360865	32	21248023	0	0	0	0	0	2	
34	22895	113878719	32	22895168	0	0	0	0	0	2	
35	24540	123319082	32	24540102	0	0	0	0	0	2	
36	26196	132740047	32	26196480	0	0	0	0	0	2	
37	27857	142188900	32	27857792	0	0	0	0	0	2	
38	29531	151682753	32	29531033	0	0	0	0	0	2	
39	31193	161220468	32	31193553	0	0	0	0	0	2	
40	32910	170864520	32	32910462	0	0	0	0	0	2	
41	34664	180605133	32	34664903	0	0	0	0	0	2	
42	36401	190427196	32	36401566	0	0	0	0	0	2	
43	38174	200312426	32	38174908	0	0	0	0	0	2	
44	39935	210246710	32	39935804	0	0	0	0	0	2	
45	41698	220248402	32	41698308	0	0	0	0	0	2	
46	43464	230277349	32	43464879	0	0	0	0	0	2	
47	45246	240346925	32	45246398	0	0	0	0	0	2	
48	47024	250552797	32	47024261	0	0	0	0	0	2	
49	48822	261014432	32	48822493	0	0	0	0	0	2	
50	50623	271612490	32	50623811	0	0	0	0	0	2	
