#input	time	ios	pfs	timems	
16	0	241066	1	284	
32	0	242093	3	564	
48	0	243120	3	847	
64	1	244148	3	1127	
80	1	245175	3	1410	
96	1	246202	3	1691	
112	1	247230	3	1974	
128	2	248257	3	2338	
144	2	249284	3	2621	
160	2	250312	3	2901	
176	3	251339	4	3184	
192	3	252366	5	3465	
208	3	253394	5	3747	
224	4	254421	5	4053	
240	4	255448	5	4336	
256	4	256476	5	4617	
272	4	257503	5	4900	
288	5	258530	5	5180	
304	5	259558	5	5463	
320	5	260585	5	5744	
336	6	261612	5	6027	
352	6	262640	5	6307	
368	6	263667	5	6590	
384	6	264694	5	6871	
400	7	265722	5	7154	
416	7	266749	5	7518	
432	7	267776	5	7800	
448	8	268803	5	8081	
464	8	269831	5	8364	
480	8	270858	5	8645	
496	8	271885	5	8928	
512	9	272913	5	9207	
528	9	273940	5	9491	
544	9	274967	6	9771	
560	10	275995	6	10054	
576	10	277022	6	10335	
592	10	278049	6	10617	
608	10	279077	6	10898	
624	11	280104	6	11181	
640	11	281131	6	11460	
656	11	282159	6	11750	
672	12	283186	6	12032	
688	12	284213	6	12313	
704	12	285241	6	12705	
720	12	286268	7	12985	
736	13	287295	7	13268	
752	13	288323	7	13548	
768	13	289351	7	13831	
784	14	290379	7	14112	
800	14	291408	7	14396	
816	14	292436	7	14676	
832	14	293464	7	14958	
848	15	294492	7	15239	
864	15	295521	7	15522	
880	15	296549	7	15803	
896	16	297577	7	16086	
912	16	298606	7	16374	
928	16	299634	7	16657	
944	16	300662	7	16938	
960	17	301691	7	17221	
976	17	302719	7	17584	
992	17	303747	7	17865	
1008	18	304776	7	18148	
1024	18	305804	7	18429	
