#input	time	ios	pfs	timems	
16	0	4345	2	384	
32	0	8444	4	733	
48	1	12543	4	1082	
64	1	16643	4	1431	
80	1	20742	4	1779	
96	2	24841	4	2128	
112	2	28941	4	2476	
128	2	33040	4	2824	
144	3	37139	4	3173	
160	3	41239	4	3524	
176	3	45338	4	3872	
192	4	49437	4	4221	
208	4	53537	4	4654	
224	5	57636	4	5003	
240	5	61735	5	5352	
256	5	65835	5	5702	
272	6	69934	5	6050	
288	6	74033	5	6399	
304	6	78133	6	6748	
320	7	82232	6	7098	
336	7	86331	6	7447	
352	7	90431	6	7796	
368	8	94530	6	8145	
384	8	98629	6	8493	
400	8	102729	6	8841	
416	9	106828	6	9191	
432	9	110927	6	9540	
448	10	115026	6	10047	
464	10	119126	6	10396	
480	10	123225	6	10744	
496	11	127324	6	11093	
512	11	131424	6	11443	
528	11	135523	6	11791	
544	12	139622	6	12140	
560	12	143722	6	12489	
576	12	147821	6	12837	
592	13	151920	6	13187	
608	13	156020	6	13538	
624	13	160119	6	13887	
640	14	164218	7	14241	
656	14	168318	7	14629	
672	15	172417	7	15057	
688	15	176516	7	15408	
704	15	180616	7	15756	
720	16	184715	7	16106	
736	16	188814	7	16454	
752	16	192914	7	16803	
768	17	197013	7	17152	
784	17	201113	7	17502	
800	17	205214	7	17851	
816	18	209314	7	18201	
832	18	213414	7	18550	
848	18	217514	7	18898	
864	19	221615	8	19248	
880	19	225715	8	19599	
896	20	229815	8	20019	
912	20	233916	8	20369	
928	20	238016	8	20718	
944	21	242116	8	21067	
960	21	246217	8	21418	
976	21	250317	8	21766	
992	22	254417	8	22115	
1008	22	258518	8	22464	
1024	22	262618	8	22812	
