#input	time	ios	pfs	timems	
16	0	1	386	320	
32	0	4	772	600	
48	0	7	1156	882	
64	1	11	1540	1163	
80	1	14	1924	1446	
96	1	17	2308	1727	
112	2	21	2692	2009	
128	2	24	3076	2290	
144	2	27	3460	2573	
160	2	31	3844	2854	
176	3	34	4228	3137	
192	3	37	4613	3417	
208	3	41	4997	3700	
224	3	44	5382	3981	
240	4	47	5767	4264	
256	4	51	6151	4544	
272	4	54	6536	4827	
288	5	57	6922	5107	
304	5	61	7309	5474	
320	5	64	7694	5755	
336	6	67	8078	6038	
352	6	71	8462	6317	
368	6	74	8846	6601	
384	6	77	9230	6881	
400	7	81	9614	7165	
416	7	84	9998	7444	
432	7	87	10382	7727	
448	8	90	10766	8008	
464	8	94	11151	8291	
480	8	97	11536	8572	
496	8	100	11920	8854	
512	9	104	12305	9135	
528	9	107	12689	9418	
544	9	110	13074	9699	
560	9	114	13458	9982	
576	10	117	13844	10262	
592	10	120	14232	10637	
608	10	124	14617	10917	
624	11	127	15001	11200	
640	11	130	15385	11481	
656	11	134	15769	11769	
672	12	137	16153	12051	
688	12	140	16537	12332	
704	12	144	16922	12615	
720	12	147	17306	12896	
736	13	150	17690	13178	
752	13	154	18074	13459	
768	13	157	18459	13742	
784	14	161	18843	14023	
800	14	166	19227	14306	
816	14	170	19611	14586	
832	14	174	19995	14869	
848	15	178	20379	15149	
864	15	183	20765	15433	
880	15	187	21151	15830	
896	16	191	21538	16112	
912	16	196	21922	16393	
928	16	200	22306	16676	
944	16	204	22690	16957	
960	17	209	23074	17240	
976	17	213	23458	17520	
992	17	217	23842	17809	
1008	18	222	24226	18092	
1024	18	226	24610	18373	
