#input	time	ios	pfs	timems	
64	1	4097	5	1024	
128	2	8197	8	2264	
192	3	12297	8	3901	
256	5	16398	8	5415	
320	6	20498	8	6443	
384	7	24598	8	7963	
448	9	28698	8	9007	
512	10	32799	8	10761	
576	11	36899	8	11832	
640	13	40999	9	13294	
704	14	45100	10	14393	
768	16	49200	10	16866	
832	17	53300	10	17933	
896	19	57400	10	19548	
960	20	61501	10	20618	
1024	22	65601	10	22176	
1088	24	69701	10	24048	
1152	25	73802	10	25706	
1216	27	77902	10	27466	
1280	28	82002	10	28532	
1344	30	86102	10	30815	
1408	32	90203	10	32242	
1472	34	94303	10	34651	
1536	35	98403	11	35716	
1600	37	102504	11	37678	
1664	38	106604	11	38750	
1728	40	110704	11	40934	
1792	42	114804	11	42315	
1856	44	118905	11	44412	
1920	45	123005	11	45480	
1984	47	127105	11	47809	
2048	49	131205	11	49840	
2112	51	135306	11	51227	
2176	52	139406	11	52766	
2240	54	143506	11	54708	
2304	55	147607	11	55776	
2368	57	151707	11	57794	
2432	58	155807	11	58860	
2496	60	159907	12	60405	
2560	62	164008	12	62587	
2624	63	168108	12	63796	
2688	64	172208	12	64872	
2752	66	176309	12	66313	
2816	67	180410	12	67738	
2880	69	184511	12	69793	
2944	71	188612	12	71242	
3008	72	192714	12	72983	
3072	74	196815	12	74362	
3136	75	200916	12	75440	
3200	77	205018	12	77086	
3264	78	209119	12	78373	
3328	79	213220	12	79767	
3392	81	217321	12	81277	
3456	83	221423	12	83135	
3520	84	225524	12	84211	
3584	85	229625	12	85385	
3648	86	233726	13	86467	
3712	88	237828	13	88102	
3776	89	241929	13	89180	
3840	90	246030	13	90830	
3904	92	250132	13	92096	
3968	93	254233	13	93377	
4032	94	258334	13	94456	
4096	95	262435	13	95990	
4160	97	266537	13	97252	
4224	98	270638	13	98599	
4288	99	274739	13	99677	
4352	101	278841	13	101312	
4416	103	282942	13	103047	
4480	104	287043	13	104859	
4544	105	291144	13	105930	
4608	107	295246	13	107992	
4672	109	299347	13	109504	
4736	110	303448	14	110575	
4800	112	307550	14	112991	
4864	114	311651	14	114769	
4928	115	315752	14	115844	
4992	118	319853	14	118280	
5056	119	323955	14	119535	
5120	121	328056	14	121629	
