#input	time	ios	pfs	timems	
64	1	344485	5	1875	
128	3	360873	9	3841	
192	5	377261	9	5846	
256	7	393650	9	7729	
320	9	410038	9	9861	
384	11	426426	9	11744	
448	13	442814	9	13650	
512	15	459203	9	15655	
576	17	475591	9	17570	
640	19	491979	9	19486	
704	21	508368	10	21575	
768	23	524756	10	23486	
832	25	541144	11	25638	
896	27	557532	11	27602	
960	29	573921	11	29532	
1024	31	590309	11	31442	
1088	33	606697	11	33357	
1152	35	623086	11	35429	
1216	37	639474	11	37342	
1280	39	655862	11	39266	
1344	41	672250	11	41430	
1408	43	688639	11	43347	
1472	45	705027	11	45659	
1536	47	721415	11	47574	
1600	49	737804	11	49489	
1664	52	754192	11	52064	
1728	53	770580	11	53986	
1792	56	786968	11	56512	
1856	58	803357	11	58431	
1920	61	819745	11	61316	
1984	63	836133	11	63221	
2048	65	852521	11	65161	
2112	67	868910	11	67070	
2176	68	885298	12	68995	
2240	71	901686	12	71100	
2304	73	918075	12	73015	
2368	74	934463	12	74940	
2432	76	950851	12	76861	
2496	78	967239	12	78777	
2560	80	983628	12	80980	
2624	82	1000016	12	82896	
2688	84	1016404	12	84823	
2752	86	1032794	13	86833	
2816	88	1049183	13	88746	
2880	90	1065572	13	90744	
2944	92	1081961	13	92659	
3008	94	1098351	13	94577	
3072	96	1114740	13	96518	
3136	98	1131129	13	98429	
3200	100	1147519	13	100355	
3264	102	1163908	13	102288	
3328	104	1180297	13	104203	
3392	106	1196686	13	106373	
3456	108	1213076	13	108304	
3520	110	1229465	13	110231	
3584	112	1245854	13	112170	
3648	114	1262243	13	114098	
3712	116	1278633	13	116022	
3776	117	1295022	13	117956	
3840	119	1311411	13	119874	
3904	122	1327801	13	122066	
3968	123	1344190	13	123991	
4032	125	1360579	13	125920	
4096	127	1376968	13	127843	
4160	129	1393358	13	129768	
4224	131	1409747	13	131693	
4288	133	1426136	13	133637	
4352	135	1442526	13	135740	
4416	137	1458915	13	137669	
4480	139	1475304	13	139593	
4544	141	1491693	14	141522	
4608	143	1508083	14	143448	
4672	145	1524472	14	145374	
4736	147	1540861	14	147456	
4800	149	1557251	14	149398	
4864	151	1573640	14	151318	
4928	153	1590029	14	153241	
4992	155	1606418	14	155229	
5056	157	1622808	14	157151	
5120	159	1639197	14	159082	
