#input	time	ios	pfs	timems	
64	0	244158	16385	980	
128	2	248258	32772	2306	
192	3	252358	49156	3730	
256	4	256459	65540	4745	
320	6	260559	81924	6271	
384	8	264659	98308	8236	
448	9	268759	114692	9306	
512	10	272860	131076	10570	
576	11	276960	147461	11908	
640	12	281060	163846	12967	
704	14	285161	180231	14261	
768	15	289261	196615	15524	
832	16	293361	212999	16665	
896	17	297461	229383	17741	
960	19	301562	245767	19234	
1024	20	305662	262151	20573	
1088	21	309762	278535	21947	
1152	23	313863	294919	23027	
1216	24	317963	311303	24445	
1280	25	322063	327687	25832	
1344	27	326163	344071	27013	
1408	28	330264	360455	28088	
1472	29	334364	376839	29436	
1536	30	338464	393223	30656	
1600	32	342565	409607	32108	
1664	33	346665	425991	33197	
1728	34	350765	442375	34431	
1792	35	354865	458759	35803	
1856	36	358966	475143	36983	
1920	38	363066	491527	38078	
1984	39	367166	507911	39574	
2048	40	371266	524295	40827	
2112	42	375367	540679	42111	
2176	43	379467	557063	43205	
2240	44	383567	573447	44830	
2304	45	387668	589831	45973	
2368	47	391769	606216	47509	
2432	48	395870	622600	48602	
2496	49	399971	638984	49750	
2560	51	404073	655368	51248	
2624	52	408174	671752	52672	
2688	53	412275	688137	53761	
2752	55	416377	704521	55486	
2816	56	420478	720905	56569	
2880	57	424579	737289	57729	
2944	58	428680	753673	58816	
3008	60	432782	770057	60979	
3072	62	436883	786441	62072	
3136	63	440984	802825	63597	
3200	64	445086	819209	64691	
3264	66	449187	835593	66449	
3328	67	453288	851977	67541	
3392	68	457389	868361	68980	
3456	70	461491	884745	70064	
3520	71	465592	901129	71368	
3584	72	469693	917513	72893	
3648	74	473794	933897	74255	
3712	75	477896	950281	75682	
3776	76	481997	966665	76857	
3840	77	486098	983049	77957	
3904	79	490200	999433	79643	
3968	80	494301	1015817	80837	
4032	82	498402	1032201	82296	
4096	83	502503	1048585	83390	
4160	84	506605	1064969	84838	
4224	86	510706	1081354	86098	
4288	87	514807	1097738	87445	
4352	88	518909	1114122	88541	
4416	90	523010	1130506	90040	
4480	91	527111	1146890	91802	
4544	93	531212	1163274	93018	
4608	94	535314	1179658	94286	
4672	95	539415	1196042	95371	
4736	96	543516	1212426	96865	
4800	97	547618	1228810	97959	
4864	99	551719	1245194	99556	
4928	100	555820	1261578	100961	
4992	102	559921	1277962	102099	
5056	103	564023	1294346	103200	
5120	104	568124	1310730	104801	
