#input	time	ios	L1	L2	L3	ins ct	pfs	
10	13	0	0	0	0	0	0	
20	27	0	0	0	0	0	0	
30	117	0	0	0	0	0	0	
40	157	0	0	0	0	0	0	
50	215	0	0	0	0	0	0	
60	334	0	0	0	0	0	0	
70	618	0	0	0	0	0	0	
80	650	0	0	0	0	0	0	
90	717	0	0	0	0	0	0	
100	816	0	0	0	0	0	0	
110	981	0	0	0	0	0	0	
120	1124	0	0	0	0	0	0	
130	1321	0	0	0	0	0	0	
140	1450	0	0	0	0	0	0	
150	1579	0	0	0	0	0	0	
160	2003	0	0	0	0	0	0	
170	2625	0	0	0	0	0	0	
180	2658	0	0	0	0	0	0	
190	2727	0	0	0	0	0	0	
200	2804	0	0	0	0	0	0	
210	2870	0	0	0	0	0	0	
220	3106	0	0	0	0	0	0	
230	3210	0	0	0	0	0	0	
240	3366	0	0	0	0	0	0	
250	3612	0	0	0	0	0	0	
260	3929	0	0	0	0	0	0	
270	4219	0	0	0	0	0	0	
280	4400	0	0	0	0	0	0	
290	5100	0	0	0	0	0	0	
300	5222	0	0	0	0	0	0	
310	5454	0	0	0	0	0	0	
320	5772	0	0	0	0	0	0	
330	6054	0	0	0	0	0	0	
340	6223	0	0	0	0	0	0	
350	6359	0	0	0	0	0	0	
360	7702	0	0	0	0	0	0	
370	7892	0	0	0	0	0	0	
380	8047	0	0	0	0	0	0	
390	8568	0	0	0	0	0	0	
400	8837	0	0	0	0	0	0	
410	10055	0	0	0	0	0	0	
420	10183	0	0	0	0	0	0	
430	10280	0	0	0	0	0	0	
440	10401	0	0	0	0	0	0	
450	10788	0	0	0	0	0	0	
460	10958	0	0	0	0	0	0	
470	11216	0	0	0	0	0	0	
480	11319	0	0	0	0	0	0	
490	11459	0	0	0	0	0	0	
500	11632	0	0	0	0	0	0	
