#input	time	ios	L1	L2	L3	ins ct	pfs	
10	14	0	0	0	0	0	0	
20	28	0	0	0	0	0	0	
30	115	0	0	0	0	0	0	
40	205	0	0	0	0	0	0	
50	325	0	0	0	0	0	0	
60	430	0	0	0	0	0	0	
70	568	0	0	0	0	0	0	
80	732	0	0	0	0	0	0	
90	1116	0	0	0	0	0	0	
100	1428	0	0	0	0	0	0	
110	2713	0	0	0	0	0	0	
120	2931	0	0	0	0	0	0	
130	3205	0	0	0	0	0	0	
140	3919	0	0	0	0	0	0	
150	4603	0	0	0	0	0	0	
160	4906	0	0	0	0	0	0	
170	5700	0	0	0	0	0	0	
180	6278	0	0	0	0	0	0	
190	6819	0	0	0	0	0	0	
200	8326	0	0	0	0	0	0	
210	8692	0	0	0	0	0	0	
220	9448	0	0	0	0	0	0	
230	9836	0	0	0	0	0	0	
240	11424	0	0	0	0	0	0	
250	12477	0	0	0	0	0	0	
260	12877	0	0	0	0	0	0	
270	13344	0	0	0	0	0	0	
280	14422	0	0	0	0	0	0	
290	14847	0	0	0	0	0	0	
300	15742	0	0	0	0	0	0	
310	16700	0	0	0	0	0	0	
320	17252	0	0	0	0	0	0	
330	17670	0	0	0	0	0	0	
340	18716	0	0	0	0	0	0	
350	19815	0	0	0	0	0	0	
360	20264	0	0	0	0	0	0	
370	21841	0	0	0	0	0	0	
380	23232	0	0	0	0	0	0	
390	23699	0	0	0	0	0	0	
400	25356	0	0	0	0	0	0	
410	26221	0	0	0	0	0	0	
420	26977	0	0	0	0	0	0	
430	28492	0	0	0	0	0	0	
440	29021	0	0	0	0	0	0	
450	30995	0	0	0	0	0	0	
460	31529	0	0	0	0	0	0	
470	32290	0	0	0	0	0	0	
480	32861	0	0	0	0	0	0	
490	33417	0	0	0	0	0	0	
500	34525	0	0	0	0	0	0	
