#input	time	ios	L1	L2	L3	ins ct	pfs	
10	21	0	0	0	0	0	0	
20	35	0	0	0	0	0	0	
30	89	0	0	0	0	0	0	
40	198	0	0	0	0	0	0	
50	240	0	0	0	0	0	0	
60	306	0	0	0	0	0	0	
70	406	0	0	0	0	0	0	
80	519	0	0	0	0	0	0	
90	768	0	0	0	0	0	0	
100	971	0	0	0	0	0	0	
110	1080	0	0	0	0	0	0	
120	1218	0	0	0	0	0	0	
130	1340	0	0	0	0	0	0	
140	1585	0	0	0	0	0	0	
150	1779	0	0	0	0	0	0	
160	2323	0	0	0	0	0	0	
170	2699	0	0	0	0	0	0	
180	2949	0	0	0	0	0	0	
190	3168	0	0	0	0	0	0	
200	3424	0	0	0	0	0	0	
210	3712	0	0	0	0	0	0	
220	4029	0	0	0	0	0	0	
230	4294	0	0	0	0	0	0	
240	4532	0	0	0	0	0	0	
250	4794	0	0	0	0	0	0	
260	6326	0	0	0	0	0	0	
270	6368	0	0	0	0	0	0	
280	6622	0	0	0	0	0	0	
290	7847	0	0	0	0	0	0	
300	8969	0	0	0	0	0	0	
310	10193	0	0	0	0	0	0	
320	10533	0	0	0	0	0	0	
330	11449	0	0	0	0	0	0	
340	12377	0	0	0	0	0	0	
350	13337	0	0	0	0	0	0	
360	14647	0	0	0	0	0	0	
370	15768	0	0	0	0	0	0	
380	16440	0	0	0	0	0	0	
390	17467	0	0	0	0	0	0	
400	17977	0	0	0	0	0	0	
410	19116	0	0	0	0	0	0	
420	19819	0	0	0	0	0	0	
430	20729	0	0	0	0	0	0	
440	21819	0	0	0	0	0	0	
450	22252	0	0	0	0	0	0	
460	23334	0	0	0	0	0	0	
470	24520	0	0	0	0	0	0	
480	25316	0	0	0	0	0	0	
490	26535	0	0	0	0	0	0	
500	27131	0	0	0	0	0	0	
