#input	time	ios	pfs	timems	
64	1	4097	6	1043	
128	2	8197	8	2326	
192	3	12297	8	3375	
256	5	16398	8	5770	
320	6	20498	8	6844	
384	8	24598	8	8099	
448	10	28698	8	10442	
512	11	32799	8	11616	
576	12	36899	8	12693	
640	14	40999	9	14389	
704	15	45100	10	15812	
768	17	49200	10	17704	
832	18	53300	10	18957	
896	21	57400	10	21028	
960	22	61501	10	22115	
1024	23	65601	10	23777	
1088	26	69701	10	26509	
1152	27	73802	10	27708	
1216	28	77902	10	28786	
1280	30	82002	10	30921	
1344	32	86102	10	32969	
1408	34	90203	10	34062	
1472	36	94303	10	36168	
1536	38	98403	11	38200	
1600	39	102504	11	39677	
1664	42	106604	11	42039	
1728	43	110704	11	43625	
1792	44	114804	11	44878	
1856	46	118905	11	46985	
1920	48	123005	11	48364	
1984	49	127105	11	49438	
2048	51	131205	11	51389	
2112	52	135306	11	52460	
2176	54	139406	11	54393	
2240	55	143506	11	55626	
2304	57	147607	11	57660	
2368	59	151707	11	59412	
2432	60	155807	11	60698	
2496	62	159907	12	62985	
2560	64	164008	12	64930	
2624	66	168108	12	66020	
2688	67	172208	12	67901	
2752	69	176309	12	69638	
2816	70	180410	12	70754	
2880	73	184511	12	73058	
2944	74	188612	12	74824	
3008	76	192714	12	76387	
3072	78	196815	12	78475	
3136	79	200916	12	79574	
3200	81	205018	12	81844	
3264	84	209119	12	84133	
3328	85	213220	12	85214	
3392	86	217321	12	86795	
3456	88	221423	12	88971	
3520	90	225524	12	90585	
3584	91	229625	12	91660	
3648	93	233726	13	93309	
3712	95	237828	13	95078	
3776	96	241929	13	96162	
3840	98	246030	13	98436	
3904	99	250132	13	99852	
3968	100	254233	13	100931	
4032	103	258334	13	103513	
4096	104	262435	13	104769	
4160	105	266537	13	105832	
4224	107	270638	13	107757	
4288	108	274739	13	108831	
4352	110	278841	13	110755	
4416	111	282942	13	111835	
4480	113	287043	13	113656	
4544	115	291144	13	115375	
4608	116	295246	13	116817	
4672	118	299347	13	118742	
4736	120	303448	14	120494	
4800	121	307550	14	121864	
4864	123	311651	14	123941	
4928	125	315752	14	125468	
4992	126	319853	14	126544	
5056	128	323955	14	128873	
5120	130	328056	14	130313	
