#input	time	ios	pfs	timems	
64	1	344485	4	1872	
128	3	360873	7	3940	
192	5	377261	7	5820	
256	7	393650	7	7698	
320	9	410038	7	9576	
384	11	426426	7	11577	
448	13	442814	7	13474	
512	15	459203	7	15401	
576	17	475591	7	17349	
640	19	491979	7	19264	
704	21	508368	8	21280	
768	23	524756	8	23187	
832	25	541144	8	25754	
896	27	557532	9	27664	
960	29	573921	9	29628	
1024	31	590309	9	31741	
1088	33	606697	9	33656	
1152	35	623086	9	35704	
1216	37	639474	9	37794	
1280	39	655862	9	39706	
1344	42	672250	9	42159	
1408	44	688639	9	44078	
1472	46	705027	9	46838	
1536	48	721415	9	48774	
1600	51	737804	9	51608	
1664	53	754192	9	53517	
1728	56	770580	9	56163	
1792	58	786968	9	58073	
1856	61	803357	9	61312	
1920	63	819745	9	63202	
1984	65	836133	9	65309	
2048	67	852521	9	67203	
2112	69	868910	9	69115	
2176	71	885298	10	71219	
2240	73	901686	10	73136	
2304	75	918075	10	75320	
2368	77	934463	10	77237	
2432	79	950851	10	79153	
2496	81	967239	10	81178	
2560	83	983628	10	83088	
2624	85	1000016	10	85106	
2688	87	1016404	10	87029	
2752	88	1032793	10	88944	
2816	91	1049182	11	91254	
2880	93	1065571	11	93164	
2944	95	1081960	11	95088	
3008	97	1098350	11	97288	
3072	99	1114739	11	99213	
3136	101	1131128	11	101448	
3200	103	1147518	11	103359	
3264	105	1163907	11	105381	
3328	107	1180296	11	107372	
3392	109	1196685	11	109288	
3456	111	1213075	11	111596	
3520	113	1229464	11	113518	
3584	115	1245853	11	115667	
3648	117	1262242	11	117666	
3712	119	1278632	11	119579	
3776	121	1295021	11	121664	
3840	123	1311410	11	123580	
3904	125	1327800	11	125749	
3968	127	1344189	11	127677	
4032	129	1360578	11	129587	
4096	131	1376967	11	131506	
4160	133	1393357	11	133428	
4224	135	1409746	11	135529	
4288	137	1426135	11	137678	
4352	139	1442525	11	139599	
4416	141	1458914	11	141688	
4480	143	1475303	11	143615	
4544	145	1491692	11	145528	
4608	147	1508082	12	147478	
4672	150	1524471	12	150004	
4736	151	1540860	12	151924	
4800	153	1557250	12	153864	
4864	155	1573639	12	155869	
4928	157	1590028	12	157794	
4992	159	1606417	12	159715	
5056	161	1622807	12	161818	
5120	163	1639196	12	163750	
