#input	time	ios	pfs	timems	
64	0	244158	16385	993	
128	2	248258	32771	2328	
192	3	252358	49155	3658	
256	4	256459	65539	4678	
320	6	260559	81923	6729	
384	7	264659	98307	7762	
448	9	268759	114691	9994	
512	11	272860	131075	11454	
576	12	276960	147460	12935	
640	14	281060	163844	14001	
704	15	285161	180229	15880	
768	17	289261	196613	17152	
832	18	293361	212997	18239	
896	20	297461	229381	20542	
960	21	301562	245765	21618	
1024	23	305662	262149	23179	
1088	24	309762	278533	24254	
1152	26	313863	294917	26180	
1216	27	317963	311301	27464	
1280	28	322063	327685	28550	
1344	30	326163	344069	30814	
1408	31	330264	360453	31905	
1472	32	334364	376837	32992	
1536	34	338464	393221	34691	
1600	36	342565	409605	36305	
1664	37	346665	425989	37563	
1728	38	350765	442373	38659	
1792	40	354865	458757	40753	
1856	41	358966	475141	41852	
1920	42	363066	491525	42950	
1984	44	367166	507909	44688	
2048	46	371266	524293	46301	
2112	47	375367	540677	47603	
2176	48	379467	557061	48700	
2240	50	383567	573445	50875	
2304	52	387668	589829	52065	
2368	53	391769	606214	53337	
2432	54	395870	622598	54970	
2496	56	399971	638982	56386	
2560	57	404073	655366	57904	
2624	58	408174	671750	58998	
2688	60	412275	688135	60890	
2752	62	416377	704519	62096	
2816	63	420478	720903	63198	
2880	64	424579	737287	64962	
2944	66	428680	753671	66625	
3008	68	432782	770055	68012	
3072	69	436883	786439	69106	
3136	71	440984	802823	71432	
3200	72	445086	819207	72525	
3264	73	449187	835591	73626	
3328	76	453288	851975	76198	
3392	77	457389	868359	77277	
3456	78	461491	884743	78374	
3520	79	465592	901127	79991	
3584	82	469693	917511	82181	
3648	83	473794	933895	83445	
3712	84	477896	950279	84550	
3776	86	481997	966663	86348	
3840	87	486098	983047	87726	
3904	88	490200	999431	88828	
3968	90	494301	1015815	90827	
4032	91	498402	1032199	91914	
4096	93	502503	1048583	93711	
4160	94	506605	1064967	94805	
4224	96	510706	1081352	96375	
4288	97	514807	1097736	97480	
4352	99	518909	1114120	99219	
4416	100	523010	1130504	100323	
4480	102	527111	1146888	102134	
4544	103	531212	1163272	103702	
4608	104	535314	1179656	104807	
4672	106	539415	1196040	106904	
4736	108	543516	1212424	108002	
4800	109	547618	1228808	109567	
4864	110	551719	1245192	110673	
4928	112	555820	1261577	112481	
4992	113	559921	1277961	113588	
5056	115	564023	1294345	115382	
5120	117	568124	1310730	117170	
