#input	time	ios	pfs	timems	pbo	dbo	ibo	pbu	ndo	
25	110	1853690	27911542	110798	0	0	0	0	0	
50	159	3003580	25692901	159963	0	0	0	0	0	
75	224	4418540	22728780	224978	0	0	0	0	0	
100	271	5248950	30238245	271519	0	0	0	0	0	
125	373	6918181	29605508	373384	1	0	1	0	0	
150	379	7461310	22649505	379155	0	0	0	0	0	
175	392	7675500	21911993	392412	0	0	0	0	0	
200	448	8530206	21283552	448339	3	0	2	1	1	
225	463	9989120	10161537	463119	0	0	0	0	0	
250	513	9850240	8097159	513723	0	0	0	0	0	
275	528	10416690	7655558	528254	0	0	0	0	0	
300	532	9995950	4769641	532957	0	0	0	0	0	
325	578	10766570	6923598	578906	0	0	0	0	0	
350	630	11417170	7281460	630549	2	0	1	0	0	
375	647	11872200	7672028	647427	0	0	0	0	0	
400	711	12592904	9488019	711000	1	0	2	1	1	
425	734	13874600	4087679	734973	0	0	0	0	0	
450	727	13601396	4978093	727958	0	0	0	0	0	
475	805	13583340	3789519	805194	0	0	0	0	0	
500	796	13962810	3246892	796363	0	0	0	0	0	
525	811	14210430	2512739	811754	0	0	0	0	0	
550	899	14961615	3298103	899528	0	0	0	0	0	
575	940	15370770	2997357	940016	0	0	0	0	0	
600	932	15873790	3404399	932872	0	0	0	0	0	
625	1038	17158360	3032562	1038441	0	0	0	0	0	
650	1146	18686023	4162703	1146430	4	0	3	17	5	
675	1070	18672890	3601573	1070127	0	0	0	0	0	
700	1029	18551110	3820051	1029010	0	0	0	0	0	
725	1148	19160447	2562410	1148985	1	0	2	15	5	
750	1082	19096710	3338639	1082480	0	0	0	0	0	
775	1083	20072737	6927402	1083769	0	0	0	0	0	
800	1204	22039470	3338564	1204268	0	0	0	0	0	
825	1255	22441360	3353092	1255652	0	0	0	0	0	
850	1319	23011490	3497675	1319645	0	0	0	0	0	
875	1291	23171610	3513663	1291259	0	0	0	0	0	
900	1308	23730840	3566914	1308143	0	0	0	0	0	
925	1310	24328450	3642018	1310044	0	0	0	0	0	
950	1441	24940800	3745724	1441453	0	0	0	0	0	
975	1496	25265680	3844065	1496947	0	0	0	0	0	
1000	1464	25342530	3845723	1464905	0	0	0	0	0	
