#input	time	ios	pfs	timems	pbo	dbo	ibo	pbu	ndo	ars	
64	1	4095	0	1098	0	0	0	0	0	0	
128	3	8191	0	3285	0	0	0	0	0	0	
192	5	12287	0	5588	0	0	0	0	0	0	
256	7	16383	0	7073	0	0	0	0	0	0	
320	9	20479	0	9087	0	0	0	0	0	0	
384	11	24575	0	11709	0	0	0	0	0	0	
448	13	28671	0	13321	0	0	0	0	0	0	
512	15	32767	0	15894	0	0	0	0	0	0	
576	18	36863	0	18106	0	0	0	0	0	0	
640	21	40959	0	21089	0	0	0	0	0	0	
704	23	45055	0	23182	0	0	0	0	0	0	
768	26	49151	0	26043	0	0	0	0	0	0	
832	27	53247	0	27693	0	0	0	0	0	0	
896	29	57343	0	29766	0	0	0	0	0	0	
960	31	61439	0	31865	0	0	0	0	0	0	
1024	34	65535	0	34554	0	0	0	0	0	0	
1088	36	69631	0	36302	0	0	0	0	0	0	
1152	38	73727	0	38729	0	0	0	0	0	0	
1216	41	77823	0	41648	0	0	0	0	0	0	
1280	43	81919	0	43616	0	0	0	0	0	0	
1344	46	86015	0	46363	0	0	0	0	0	0	
1408	48	90111	0	48386	0	0	0	0	0	0	
1472	51	94207	0	51342	0	0	0	0	0	0	
1536	53	98303	0	53342	0	0	0	0	0	0	
1600	56	102399	0	56288	0	0	0	0	0	0	
1664	57	106495	0	57733	0	0	0	0	0	0	
1728	59	110591	0	59807	0	0	0	0	0	0	
1792	62	114687	0	62836	0	0	0	0	0	0	
1856	64	118783	0	64332	0	0	0	0	0	0	
1920	66	122879	0	66922	0	0	0	0	0	0	
1984	69	126975	0	69196	0	0	0	0	0	0	
2048	70	131071	0	70692	0	0	0	0	0	0	
2112	73	135167	0	73009	0	0	0	0	0	0	
2176	74	139263	0	74956	0	0	0	0	0	0	
2240	77	143359	0	77938	0	0	0	0	0	0	
2304	80	147455	0	80065	0	0	0	0	0	0	
2368	81	151551	0	81644	0	0	0	0	0	0	
2432	84	155647	0	84275	0	0	0	0	0	0	
2496	86	159743	0	86060	0	0	0	0	0	0	
2560	89	163839	0	89191	0	0	0	0	0	0	
2624	90	167935	0	90851	0	0	0	0	0	0	
2688	93	172031	0	93717	0	0	0	0	0	0	
2752	95	176127	0	95821	0	0	0	0	0	0	
2816	98	180223	0	98803	0	0	0	0	0	0	
2880	100	184319	0	100134	0	0	0	0	0	0	
2944	101	188415	0	101906	0	0	0	0	0	0	
3008	104	192511	0	104379	0	0	0	0	0	0	
3072	106	196607	0	106385	0	0	0	0	0	0	
3136	109	200703	0	109377	0	0	0	0	0	0	
3200	111	204799	0	111515	0	0	0	0	0	0	
3264	114	208895	0	114310	0	0	0	0	0	0	
3328	116	212991	0	116006	0	0	0	0	0	0	
3392	117	217087	0	117776	0	0	0	0	0	0	
3456	120	221183	0	120163	0	0	0	0	0	0	
3520	122	225279	0	122011	0	0	0	0	0	0	
3584	125	229375	0	125219	0	0	0	0	0	0	
3648	126	233471	0	126907	0	0	0	0	0	0	
3712	128	237567	0	128927	0	0	0	0	0	0	
3776	131	241663	0	131261	0	0	0	0	0	0	
3840	133	245759	0	133987	0	0	0	0	0	0	
3904	136	249855	0	136272	0	0	0	0	0	0	
3968	139	253951	0	139087	0	0	0	0	0	0	
4032	141	258047	0	141508	0	0	0	0	0	0	
4096	144	262143	0	144985	0	0	0	0	0	0	
4160	146	266239	0	146554	0	0	0	0	0	0	
4224	148	270335	0	148537	0	0	0	0	0	0	
4288	150	274431	0	150864	0	0	0	0	0	0	
4352	153	278527	0	153625	0	0	0	0	0	0	
4416	155	282623	0	155823	0	0	0	0	0	0	
4480	157	286719	0	157718	0	0	0	0	0	0	
4544	159	290815	0	159372	0	0	0	0	0	0	
4608	161	294911	0	161717	0	0	0	0	0	0	
4672	163	299007	0	163490	0	0	0	0	0	0	
4736	166	303103	0	166431	0	0	0	0	0	0	
4800	168	307199	0	168803	0	0	0	0	0	0	
4864	171	311295	0	171439	0	0	0	0	0	0	
4928	173	315391	0	173404	0	0	0	0	0	0	
4992	175	319487	0	175342	0	0	0	0	0	0	
5056	177	323583	0	177772	0	0	0	0	0	0	
5120	180	327679	0	180052	0	0	0	0	0	0	
