#input	time	ios	pfs	timems	pbo	dbo	ibo	pbu	ndo	ars	
64	1	0	0	1864	0	0	0	0	0	0	
128	4	0	1	4058	0	0	0	0	0	0	
192	6	0	1	6694	0	0	0	0	0	0	
256	8	0	1	8561	0	0	0	0	0	0	
320	11	0	1	11482	0	0	0	0	0	0	
384	13	0	1	13343	0	0	0	0	0	0	
448	16	0	1	16486	0	0	0	0	0	0	
512	18	0	1	18375	0	0	0	0	0	0	
576	20	0	1	20972	0	0	0	0	0	0	
640	23	0	1	23540	0	0	0	0	0	0	
704	26	0	1	26890	0	0	0	0	0	0	
768	29	0	1	29485	0	0	0	0	0	0	
832	32	0	1	32796	0	0	0	0	0	0	
896	35	0	1	35492	0	0	0	0	0	0	
960	38	0	1	38367	0	0	0	0	0	0	
1024	40	0	1	40267	0	0	0	0	0	0	
1088	43	0	1	43821	0	0	0	0	0	0	
1152	45	0	1	45728	0	0	0	0	0	0	
1216	49	0	1	49129	0	0	0	0	0	0	
1280	51	0	1	51028	0	0	0	0	0	0	
1344	54	0	1	54247	0	0	0	0	0	0	
1408	56	0	1	56161	0	0	0	0	0	0	
1472	58	0	1	58924	0	0	0	0	0	0	
1536	60	0	1	60829	0	0	0	0	0	0	
1600	63	0	1	63849	0	0	0	0	0	0	
1664	65	0	1	65761	0	0	0	0	0	0	
1728	68	0	1	68918	0	0	0	0	0	0	
1792	70	0	1	70838	0	0	0	0	0	0	
1856	73	0	1	73931	0	0	0	0	0	0	
1920	75	0	1	75836	0	0	0	0	0	0	
1984	79	0	1	79507	0	0	0	0	0	0	
2048	81	0	1	81416	0	0	0	0	0	0	
2112	84	0	1	84082	0	0	0	0	0	0	
2176	86	0	1	86339	0	0	0	0	0	0	
2240	89	0	1	89916	0	0	0	0	0	0	
2304	91	0	1	91823	0	0	0	0	0	0	
2368	94	0	1	94722	0	0	0	0	0	0	
2432	96	0	1	96631	0	0	0	0	0	0	
2496	99	0	1	99922	0	0	0	0	0	0	
2560	101	0	1	101830	0	0	0	0	0	0	
2624	105	0	1	105258	0	0	0	0	0	0	
2688	107	0	1	107174	0	0	0	0	0	0	
2752	110	0	1	110671	0	0	0	0	0	0	
2816	112	0	1	112574	0	0	0	0	0	0	
2880	116	0	1	116402	0	0	0	0	0	0	
2944	118	0	1	118302	0	0	0	0	0	0	
3008	121	0	1	121870	0	0	0	0	0	0	
3072	123	0	1	123763	0	0	0	0	0	0	
3136	127	0	1	127064	0	0	0	0	0	0	
3200	128	0	1	128959	0	0	0	0	0	0	
3264	132	0	1	132258	0	0	0	0	0	0	
3328	134	0	1	134158	0	0	0	0	0	0	
3392	137	0	1	137513	0	0	0	0	0	0	
3456	139	0	1	139410	0	0	0	0	0	0	
3520	142	0	1	142639	0	0	0	0	0	0	
3584	144	0	1	144537	0	0	0	0	0	0	
3648	147	0	1	147714	0	0	0	0	0	0	
3712	149	0	1	149616	0	0	0	0	0	0	
3776	153	0	1	153235	0	0	0	0	0	0	
3840	155	0	1	155136	0	0	0	0	0	0	
3904	158	0	1	158305	0	0	0	0	0	0	
3968	160	0	1	160216	0	0	0	0	0	0	
4032	163	0	1	163851	0	0	0	0	0	0	
4096	165	0	1	165755	0	0	0	0	0	0	
4160	168	0	1	168915	0	0	0	0	0	0	
4224	170	0	1	170819	0	0	0	0	0	0	
4288	174	0	1	174186	0	0	0	0	0	0	
4352	176	0	1	176091	0	0	0	0	0	0	
4416	179	0	1	179113	0	0	0	0	0	0	
4480	181	0	1	181013	0	0	0	0	0	0	
4544	184	0	1	184417	0	0	0	0	0	0	
4608	186	0	1	186315	0	0	0	0	0	0	
4672	189	0	1	189720	0	0	0	0	0	0	
4736	191	0	1	191623	0	0	0	0	0	0	
4800	195	0	1	195979	0	0	0	0	0	0	
4864	198	0	1	198909	0	0	0	0	0	0	
4928	202	0	1	202204	0	0	0	0	0	0	
4992	204	0	1	204840	0	0	0	0	0	0	
5056	208	0	1	208418	0	0	0	0	0	0	
5120	211	0	1	211409	0	0	0	0	0	0	
