#input	time	ios	pfs	timems	pbo	dbo	ibo	pbu	ndo	ars	
64	0	0	4095	991	0	0	0	0	0	0	
128	2	0	8191	2792	0	0	0	0	0	0	
192	5	0	12287	5638	0	0	0	0	0	0	
256	6	0	14336	6964	0	0	0	0	0	0	
320	9	0	16384	9110	0	0	0	0	0	0	
384	11	0	18432	11554	0	0	0	0	0	0	
448	13	0	20480	13305	0	0	0	0	0	0	
512	16	0	20483	16624	0	0	0	0	0	0	
576	18	0	20483	18193	0	0	0	0	0	0	
640	20	0	20483	20666	0	0	0	0	0	0	
704	22	0	20483	22319	0	0	0	0	0	0	
768	24	0	20483	24088	0	0	0	0	0	0	
832	26	0	20483	26539	0	0	0	0	0	0	
896	28	0	20483	28282	0	0	0	0	0	0	
960	31	0	20483	31339	0	0	0	0	0	0	
1024	32	0	20483	32912	0	0	0	0	0	0	
1088	34	0	20483	34864	0	0	0	0	0	0	
1152	37	0	20483	37082	0	0	0	0	0	0	
1216	39	0	20483	39039	0	0	0	0	0	0	
1280	42	0	20483	42072	0	0	0	0	0	0	
1344	43	0	20483	43416	0	0	0	0	0	0	
1408	45	0	20483	45569	0	0	0	0	0	0	
1472	47	0	20483	47728	0	0	0	0	0	0	
1536	49	0	20483	49887	0	0	0	0	0	0	
1600	52	0	20483	52448	0	0	0	0	0	0	
1664	53	0	20483	53928	0	0	0	0	0	0	
1728	56	0	20483	56979	0	0	0	0	0	0	
1792	58	0	20483	58345	0	0	0	0	0	0	
1856	60	0	20483	60112	0	0	0	0	0	0	
1920	62	0	20483	62577	0	0	0	0	0	0	
1984	65	0	20483	65685	0	0	0	0	0	0	
2048	67	0	20483	67709	0	0	0	0	0	0	
2112	69	0	20483	69306	0	0	0	0	0	0	
2176	72	0	20484	72562	0	0	0	0	0	0	
2240	73	0	20485	73856	0	0	0	0	0	0	
2304	75	0	20487	75589	0	0	0	0	0	0	
2368	78	0	20490	78031	0	0	0	0	0	0	
2432	79	0	20492	79812	0	0	0	0	0	0	
2496	82	0	20494	82957	0	0	0	0	0	0	
2560	85	0	20766	85542	0	0	0	0	0	0	
2624	88	0	21040	88225	0	0	0	0	0	0	
2688	89	0	21313	89301	0	0	0	0	0	0	
2752	91	0	21586	91039	0	0	0	0	0	0	
2816	93	0	21842	93409	0	0	0	0	0	0	
2880	95	0	22098	95809	0	0	0	0	0	0	
2944	98	0	22354	98622	0	0	0	0	0	0	
3008	100	0	22610	100115	0	0	0	0	0	0	
3072	101	0	22892	101884	0	0	0	0	0	0	
3136	104	0	23175	104526	0	0	0	0	0	0	
3200	106	0	23457	106296	0	0	0	0	0	0	
3264	109	0	23740	109492	0	0	0	0	0	0	
3328	111	0	24013	111148	0	0	0	0	0	0	
3392	112	0	24286	112962	0	0	0	0	0	0	
3456	115	0	24558	115598	0	0	0	0	0	0	
3520	117	0	24832	117392	0	0	0	0	0	0	
3584	120	0	25011	120584	0	0	0	0	0	0	
3648	123	0	25189	123328	0	0	0	0	0	0	
3712	126	0	25368	126141	0	0	0	0	0	0	
3776	127	0	25547	127278	0	0	0	0	0	0	
3840	129	0	25549	129357	0	0	0	0	0	0	
3904	131	0	25550	131671	0	0	0	0	0	0	
3968	133	0	25551	133506	0	0	0	0	0	0	
4032	136	0	25552	136109	0	0	0	0	0	0	
4096	139	0	25553	139352	0	0	0	0	0	0	
4160	141	0	25554	141477	0	0	0	0	0	0	
4224	143	0	25555	143014	0	0	0	0	0	0	
4288	145	0	25556	145837	0	0	0	0	0	0	
4352	147	0	25557	147828	0	0	0	0	0	0	
4416	149	0	25558	149799	0	0	0	0	0	0	
4480	152	0	25559	152373	0	0	0	0	0	0	
4544	154	0	25560	154098	0	0	0	0	0	0	
4608	157	0	25561	157260	0	0	0	0	0	0	
4672	159	0	25562	159984	0	0	0	0	0	0	
4736	162	0	25563	162524	0	0	0	0	0	0	
4800	163	0	25564	163798	0	0	0	0	0	0	
4864	167	0	25565	167374	0	0	0	0	0	0	
4928	168	0	25566	168508	0	0	0	0	0	0	
4992	170	0	25567	170366	0	0	0	0	0	0	
5056	172	0	25568	172895	0	0	0	0	0	0	
5120	174	0	25569	174741	0	0	0	0	0	0	
