#input	time	ios	pfs	timems	pbo	dbo	ibo	pbu	ndo	ars	
64	1	4095	0	1248	0	0	0	0	0	0	
128	2	8191	0	2512	0	0	0	0	0	0	
192	3	12287	0	3697	0	0	0	0	0	0	
256	4	16383	0	4882	0	0	0	0	0	0	
320	6	20479	0	6159	0	0	0	0	0	0	
384	7	24575	0	7344	0	0	0	0	0	0	
448	8	28671	0	8530	0	0	0	0	0	0	
512	9	32767	0	9718	0	0	0	0	0	0	
576	10	36863	0	10904	0	0	0	0	0	0	
640	12	40959	0	12134	0	0	0	0	0	0	
704	13	45055	0	13368	0	0	0	0	0	0	
768	14	49151	0	14554	0	0	0	0	0	0	
832	15	53247	0	15750	0	0	0	0	0	0	
896	16	57343	0	16936	0	0	0	0	0	0	
960	18	61439	0	18212	0	0	0	0	0	0	
1024	19	65535	0	19397	0	0	0	0	0	0	
1088	20	69631	0	20586	0	0	0	0	0	0	
1152	21	73727	0	21771	0	0	0	0	0	0	
1216	22	77823	0	22957	0	0	0	0	0	0	
1280	24	81919	0	24236	0	0	0	0	0	0	
1344	25	86015	0	25422	0	0	0	0	0	0	
1408	26	90111	0	26609	0	0	0	0	0	0	
1472	27	94207	0	27794	0	0	0	0	0	0	
1536	28	98303	0	28980	0	0	0	0	0	0	
1600	30	102399	0	30274	0	0	0	0	0	0	
1664	31	106495	0	31460	0	0	0	0	0	0	
1728	32	110591	0	32644	0	0	0	0	0	0	
1792	33	114687	0	33833	0	0	0	0	0	0	
1856	35	118783	0	35018	0	0	0	0	0	0	
1920	36	122879	0	36562	0	0	0	0	0	0	
1984	37	126975	0	37750	0	0	0	0	0	0	
2048	38	131071	0	38935	0	0	0	0	0	0	
2112	40	135167	0	40123	0	0	0	0	0	0	
2176	41	139263	0	41308	0	0	0	0	0	0	
2240	42	143359	0	42561	0	0	0	0	0	0	
2304	43	147455	0	43746	0	0	0	0	0	0	
2368	44	151551	0	44939	0	0	0	0	0	0	
2432	46	155647	0	46123	0	0	0	0	0	0	
2496	47	159743	0	47312	0	0	0	0	0	0	
2560	48	163839	0	48588	0	0	0	0	0	0	
2624	49	167935	0	49774	0	0	0	0	0	0	
2688	50	172031	0	50962	0	0	0	0	0	0	
2752	52	176127	0	52147	0	0	0	0	0	0	
2816	53	180223	0	53333	0	0	0	0	0	0	
2880	54	184319	0	54612	0	0	0	0	0	0	
2944	55	188415	0	55798	0	0	0	0	0	0	
3008	56	192511	0	56983	0	0	0	0	0	0	
3072	58	196607	0	58171	0	0	0	0	0	0	
3136	59	200703	0	59356	0	0	0	0	0	0	
3200	60	204799	0	60650	0	0	0	0	0	0	
3264	61	208895	0	61838	0	0	0	0	0	0	
3328	63	212991	0	63023	0	0	0	0	0	0	
3392	64	217087	0	64209	0	0	0	0	0	0	
3456	65	221183	0	65394	0	0	0	0	0	0	
3520	66	225279	0	66681	0	0	0	0	0	0	
3584	67	229375	0	67869	0	0	0	0	0	0	
3648	69	233471	0	69054	0	0	0	0	0	0	
3712	70	237567	0	70239	0	0	0	0	0	0	
3776	71	241663	0	71427	0	0	0	0	0	0	
3840	72	245759	0	72705	0	0	0	0	0	0	
3904	73	249855	0	73890	0	0	0	0	0	0	
3968	75	253951	0	75078	0	0	0	0	0	0	
4032	76	258047	0	76263	0	0	0	0	0	0	
4096	77	262143	0	77449	0	0	0	0	0	0	
4160	78	266239	0	78743	0	0	0	0	0	0	
4224	79	270335	0	79929	0	0	0	0	0	0	
4288	81	274431	0	81117	0	0	0	0	0	0	
4352	82	278527	0	82302	0	0	0	0	0	0	
4416	83	282623	0	83491	0	0	0	0	0	0	
4480	84	286719	0	84760	0	0	0	0	0	0	
4544	85	290815	0	85945	0	0	0	0	0	0	
4608	87	294911	0	87134	0	0	0	0	0	0	
4672	88	299007	0	88319	0	0	0	0	0	0	
4736	89	303103	0	89505	0	0	0	0	0	0	
4800	90	307199	0	90782	0	0	0	0	0	0	
4864	91	311295	0	91969	0	0	0	0	0	0	
4928	93	315391	0	93155	0	0	0	0	0	0	
4992	94	319487	0	94342	0	0	0	0	0	0	
5056	95	323583	0	95528	0	0	0	0	0	0	
5120	96	327679	0	96805	0	0	0	0	0	0	
