#input	time	ios	pfs	timems	pbo	dbo	ibo	pbu	ndo	ars	
64	2	0	0	2137	0	0	0	0	0	0	
128	4	0	1	4134	0	0	0	0	0	0	
192	6	0	1	6114	0	0	0	0	0	0	
256	7	0	1	7986	0	0	0	0	0	0	
320	9	0	1	9857	0	0	0	0	0	0	
384	11	0	1	11808	0	0	0	0	0	0	
448	13	0	1	13682	0	0	0	0	0	0	
512	15	0	1	15571	0	0	0	0	0	0	
576	17	0	1	17790	0	0	0	0	0	0	
640	19	0	1	19676	0	0	0	0	0	0	
704	21	0	1	21563	0	0	0	0	0	0	
768	23	0	1	23530	0	0	0	0	0	0	
832	25	0	1	25456	0	0	0	0	0	0	
896	27	0	1	27344	0	0	0	0	0	0	
960	29	0	1	29232	0	0	0	0	0	0	
1024	31	0	1	31196	0	0	0	0	0	0	
1088	33	0	1	33083	0	0	0	0	0	0	
1152	35	0	1	35062	0	0	0	0	0	0	
1216	36	0	1	36949	0	0	0	0	0	0	
1280	38	0	1	38835	0	0	0	0	0	0	
1344	40	0	1	40912	0	0	0	0	0	0	
1408	42	0	1	42801	0	0	0	0	0	0	
1472	44	0	1	44740	0	0	0	0	0	0	
1536	46	0	1	46709	0	0	0	0	0	0	
1600	48	0	1	48598	0	0	0	0	0	0	
1664	50	0	1	50486	0	0	0	0	0	0	
1728	52	0	1	52441	0	0	0	0	0	0	
1792	54	0	1	54331	0	0	0	0	0	0	
1856	56	0	1	56220	0	0	0	0	0	0	
1920	58	0	1	58109	0	0	0	0	0	0	
1984	60	0	1	60075	0	0	0	0	0	0	
2048	61	0	1	61962	0	0	0	0	0	0	
2112	63	0	1	63924	0	0	0	0	0	0	
2176	65	0	1	65812	0	0	0	0	0	0	
2240	67	0	1	67703	0	0	0	0	0	0	
2304	69	0	1	69666	0	0	0	0	0	0	
2368	71	0	1	71597	0	0	0	0	0	0	
2432	73	0	1	73487	0	0	0	0	0	0	
2496	75	0	1	75454	0	0	0	0	0	0	
2560	77	0	1	77345	0	0	0	0	0	0	
2624	79	0	1	79235	0	0	0	0	0	0	
2688	81	0	1	81126	0	0	0	0	0	0	
2752	83	0	1	83139	0	0	0	0	0	0	
2816	85	0	1	85028	0	0	0	0	0	0	
2880	86	0	1	86990	0	0	0	0	0	0	
2944	88	0	1	88878	0	0	0	0	0	0	
3008	90	0	1	90769	0	0	0	0	0	0	
3072	92	0	1	92768	0	0	0	0	0	0	
3136	94	0	1	94659	0	0	0	0	0	0	
3200	96	0	1	96548	0	0	0	0	0	0	
3264	98	0	1	98510	0	0	0	0	0	0	
3328	100	0	1	100400	0	0	0	0	0	0	
3392	102	0	1	102289	0	0	0	0	0	0	
3456	104	0	1	104179	0	0	0	0	0	0	
3520	106	0	1	106137	0	0	0	0	0	0	
3584	108	0	1	108027	0	0	0	0	0	0	
3648	109	0	1	109992	0	0	0	0	0	0	
3712	111	0	1	111883	0	0	0	0	0	0	
3776	113	0	1	113775	0	0	0	0	0	0	
3840	115	0	1	115745	0	0	0	0	0	0	
3904	117	0	1	117636	0	0	0	0	0	0	
3968	119	0	1	119528	0	0	0	0	0	0	
4032	121	0	1	121492	0	0	0	0	0	0	
4096	123	0	1	123384	0	0	0	0	0	0	
4160	125	0	1	125275	0	0	0	0	0	0	
4224	127	0	1	127166	0	0	0	0	0	0	
4288	129	0	1	129136	0	0	0	0	0	0	
4352	131	0	1	131026	0	0	0	0	0	0	
4416	132	0	1	132998	0	0	0	0	0	0	
4480	134	0	1	134889	0	0	0	0	0	0	
4544	136	0	1	136780	0	0	0	0	0	0	
4608	138	0	1	138743	0	0	0	0	0	0	
4672	140	0	1	140680	0	0	0	0	0	0	
4736	142	0	1	142571	0	0	0	0	0	0	
4800	144	0	1	144560	0	0	0	0	0	0	
4864	146	0	1	146452	0	0	0	0	0	0	
4928	148	0	1	148343	0	0	0	0	0	0	
4992	150	0	1	150234	0	0	0	0	0	0	
5056	152	0	1	152187	0	0	0	0	0	0	
5120	154	0	1	154078	0	0	0	0	0	0	
