#input	time	ios	pfs	timems	pbo	dbo	ibo	pbu	ndo	ars	
64	1	0	0	1198	0	0	0	0	0	0	
128	2	0	0	2453	0	0	0	0	0	0	
192	3	0	0	3639	0	0	0	0	0	0	
256	4	0	0	4824	0	0	0	0	0	0	
320	6	0	0	6092	0	0	0	0	0	0	
384	7	0	0	7278	0	0	0	0	0	0	
448	8	0	0	8463	0	0	0	0	0	0	
512	9	0	0	9651	0	0	0	0	0	0	
576	10	0	0	10836	0	0	0	0	0	0	
640	12	0	0	12106	0	0	0	0	0	0	
704	13	0	0	13293	0	0	0	0	0	0	
768	14	0	0	14478	0	0	0	0	0	0	
832	15	0	0	15666	0	0	0	0	0	0	
896	16	0	0	16893	0	0	0	0	0	0	
960	18	0	0	18171	0	0	0	0	0	0	
1024	19	0	0	19356	0	0	0	0	0	0	
1088	20	0	0	20543	0	0	0	0	0	0	
1152	21	0	0	21729	0	0	0	0	0	0	
1216	22	0	0	22914	0	0	0	0	0	0	
1280	24	0	0	24295	0	0	0	0	0	0	
1344	25	0	0	25480	0	0	0	0	0	0	
1408	26	0	0	26668	0	0	0	0	0	0	
1472	27	0	0	27853	0	0	0	0	0	0	
1536	29	0	0	29038	0	0	0	0	0	0	
1600	30	0	0	30316	0	0	0	0	0	0	
1664	31	0	0	31501	0	0	0	0	0	0	
1728	32	0	0	32687	0	0	0	0	0	0	
1792	33	0	0	33874	0	0	0	0	0	0	
1856	35	0	0	35060	0	0	0	0	0	0	
1920	36	0	0	36320	0	0	0	0	0	0	
1984	37	0	0	37507	0	0	0	0	0	0	
2048	38	0	0	38693	0	0	0	0	0	0	
2112	39	0	0	39878	0	0	0	0	0	0	
2176	41	0	10	41209	0	0	0	0	0	0	
2240	42	0	10	42477	0	0	0	0	0	0	
2304	43	0	10	43663	0	0	0	0	0	0	
2368	44	0	10	44855	0	0	0	0	0	0	
2432	46	0	10	46040	0	0	0	0	0	0	
2496	47	0	10	47228	0	0	0	0	0	0	
2560	48	0	10	48497	0	0	0	0	0	0	
2624	49	0	10	49682	0	0	0	0	0	0	
2688	50	0	10	50870	0	0	0	0	0	0	
2752	52	0	10	52055	0	0	0	0	0	0	
2816	53	0	10	53240	0	0	0	0	0	0	
2880	54	0	10	54521	0	0	0	0	0	0	
2944	55	0	10	55706	0	0	0	0	0	0	
3008	57	0	10	57167	0	0	0	0	0	0	
3072	58	0	10	58354	0	0	0	0	0	0	
3136	59	0	10	59540	0	0	0	0	0	0	
3200	60	0	10	60817	0	0	0	0	0	0	
3264	62	0	10	62004	0	0	0	0	0	0	
3328	63	0	10	63190	0	0	0	0	0	0	
3392	64	0	10	64375	0	0	0	0	0	0	
3456	65	0	10	65753	0	0	0	0	0	0	
3520	66	0	10	66939	0	0	0	0	0	0	
3584	68	0	10	68128	0	0	0	0	0	0	
3648	69	0	10	69313	0	0	0	0	0	0	
3712	70	0	10	70498	0	0	0	0	0	0	
3776	71	0	10	71770	0	0	0	0	0	0	
3840	72	0	10	72954	0	0	0	0	0	0	
3904	74	0	10	74140	0	0	0	0	0	0	
3968	75	0	10	75328	0	0	0	0	0	0	
4032	76	0	10	76514	0	0	0	0	0	0	
4096	77	0	10	77775	0	0	0	0	0	0	
4160	78	0	10	78960	0	0	0	0	0	0	
4224	80	0	10	80146	0	0	0	0	0	0	
4288	81	0	10	81333	0	0	0	0	0	0	
4352	82	0	10	82519	0	0	0	0	0	0	
4416	83	0	10	83789	0	0	0	0	0	0	
4480	84	0	10	84978	0	0	0	0	0	0	
4544	86	0	10	86163	0	0	0	0	0	0	
4608	87	0	10	87350	0	0	0	0	0	0	
4672	88	0	10	88536	0	0	0	0	0	0	
4736	89	0	10	89805	0	0	0	0	0	0	
4800	90	0	10	90991	0	0	0	0	0	0	
4864	92	0	10	92178	0	0	0	0	0	0	
4928	93	0	10	93363	0	0	0	0	0	0	
4992	94	0	10	94551	0	0	0	0	0	0	
5056	95	0	10	95820	0	0	0	0	0	0	
5120	97	0	10	97006	0	0	0	0	0	0	
