#input	time	ios	pfs	timems	pbo	dbo	ibo	pbu	ndo	ars	
25	27	21866	0	27636	0	0	0	0	0	0	
50	39	26383	0	39787	0	0	0	0	0	0	
75	61	42710	1	61442	0	0	0	0	0	0	
100	74	49407	2	74691	0	0	0	0	0	0	
125	79	50465	2	79758	0	0	0	0	0	0	
150	89	53763	2	89267	0	0	0	0	0	0	
175	113	62584	2	113677	1	0	1	0	0	0	
200	100	61298	0	100921	0	0	0	0	0	0	
225	126	67060	4	126439	1	0	1	0	0	0	
250	120	67499	3	120991	0	0	0	0	0	0	
275	141	89562	2	141778	0	0	0	0	0	0	
300	140	86461	2	140910	0	0	0	0	0	0	
325	134	79244	2	134281	0	0	0	0	0	0	
350	146	88038	2	146442	0	0	0	0	0	0	
375	163	96431	1	163292	1	0	1	0	0	0	
400	165	99488	2	165312	0	0	0	0	0	0	
425	163	94720	2	163333	0	0	0	0	0	0	
450	164	98159	1	164653	0	0	0	0	0	0	
475	174	96584	4	174295	0	0	0	0	0	0	
500	154	94122	1	154893	0	0	0	0	0	0	
525	160	95479	3	160412	0	0	0	0	0	0	
550	163	101384	2	163542	0	0	0	0	0	0	
575	158	94996	2	158375	0	0	0	0	0	0	
600	165	101391	5	165513	0	0	0	0	0	0	
625	219	113021	7	219493	1	0	1	1	1	0	
650	175	104342	3	175734	0	0	0	0	0	0	
675	186	108142	40	186609	0	0	0	0	0	0	
700	184	109728	2	184639	0	0	0	0	0	0	
725	178	103170	5	178589	0	0	0	0	0	0	
750	185	109920	4	185916	0	0	0	0	0	0	
775	186	120658	1398	186325	0	0	0	0	0	0	
800	190	116644	4	190699	0	0	0	0	0	0	
825	185	111969	3	185657	0	0	0	0	0	0	
850	185	114505	2	185674	0	0	0	0	0	0	
875	195	120074	3	195266	0	0	0	0	0	0	
900	192	120288	6	192870	0	0	0	0	0	0	
925	244	127143	603	244062	1	0	1	1	1	0	
950	191	120220	3	191518	0	0	0	0	0	0	
975	196	123693	4	196042	0	0	0	0	0	0	
1000	204	125709	4	204499	0	0	0	0	0	0	
