#input	time	ios	pfs	timems	
64	0	284159	3	920	
128	1	288259	5	1940	
192	2	292359	7	2916	
256	3	296460	7	3802	
320	4	300560	7	4687	
384	5	304660	7	5673	
448	6	308760	7	6560	
512	7	312861	7	7446	
576	8	316961	7	8331	
640	9	321061	7	9217	
704	10	325162	7	10104	
768	10	329262	7	10990	
832	11	333362	7	11973	
896	12	337462	7	12859	
960	13	341563	7	13955	
1024	14	345663	7	14842	
1088	15	349763	7	15728	
1152	16	353864	7	16691	
1216	17	357964	7	17577	
1280	18	362064	7	18465	
1344	19	366164	7	19350	
1408	20	370265	7	20236	
1472	21	374365	7	21121	
1536	22	378465	8	22009	
1600	23	382566	8	23027	
1664	23	386666	8	23913	
1728	24	390766	8	24800	
1792	25	394866	8	25686	
1856	26	398967	8	26583	
1920	27	403067	8	27469	
1984	28	407167	8	28443	
2048	29	411267	8	29329	
2112	30	415368	8	30216	
2176	31	419468	8	31102	
2240	31	423568	8	31987	
2304	32	427669	8	32873	
2368	33	431769	8	33871	
2432	34	435869	8	34757	
2496	35	439969	8	35643	
2560	36	444070	8	36530	
2624	37	448170	8	37416	
2688	38	452270	8	38301	
2752	39	456371	8	39274	
2816	40	460471	8	40160	
2880	41	464572	8	41045	
2944	41	468673	8	41933	
3008	42	472775	8	42818	
3072	43	476876	8	43781	
3136	44	480977	8	44669	
3200	45	485079	8	45554	
3264	46	489180	8	46440	
3328	47	493281	9	47326	
3392	48	497382	9	48213	
3456	49	501484	9	49099	
3520	50	505585	9	50062	
3584	50	509686	9	50947	
3648	51	513787	9	51835	
3712	52	517889	9	52721	
3776	53	521990	9	53606	
3840	54	526091	9	54571	
3904	55	530193	9	55457	
3968	56	534294	9	56342	
4032	57	538395	9	57228	
4096	58	542496	10	58115	
4160	59	546598	11	59001	
4224	59	550699	11	59886	
4288	60	554800	11	60850	
4352	61	558902	11	61737	
4416	62	563003	11	62623	
4480	63	567104	11	63508	
4544	64	571205	11	64394	
4608	65	575307	11	65281	
4672	66	579408	11	66260	
4736	67	583509	11	67146	
4800	68	587611	11	68031	
4864	68	591712	12	68919	
4928	69	595813	12	69804	
4992	70	599914	12	70768	
5056	71	604016	12	71655	
5120	72	608117	13	72540	
