#input	time	ios	pfs	timems	
64	2	16809	4	2585	
128	3	33197	6	3527	
192	4	49585	6	4414	
256	5	65974	6	5388	
320	6	82362	6	6274	
384	7	98750	6	7159	
448	8	115138	7	8047	
512	8	131527	8	8932	
576	9	147915	8	9818	
640	10	164303	8	10704	
704	11	180692	8	11691	
768	13	197080	8	13564	
832	16	213468	8	16511	
896	17	229856	8	17452	
960	18	246245	8	18337	
1024	19	262633	8	19225	
1088	20	279021	8	20110	
1152	20	295410	9	20996	
1216	21	311798	9	21881	
1280	22	328186	9	22924	
1344	23	344574	9	23810	
1408	24	360963	9	24696	
1472	25	377351	9	25581	
1536	26	393739	9	26513	
1600	27	410128	9	27532	
1664	28	426516	9	28417	
1728	29	442904	9	29305	
1792	30	459292	10	30190	
1856	31	475681	10	31088	
1920	31	492069	10	31973	
1984	32	508457	10	32859	
2048	33	524845	10	33877	
2112	34	541234	10	34765	
2176	35	557622	10	35650	
2240	36	574010	10	36536	
2304	37	590399	10	37422	
2368	38	606787	10	38387	
2432	39	623175	10	39272	
2496	40	639563	11	40158	
2560	41	655952	11	41045	
2624	41	672340	11	41931	
2688	42	688728	11	42817	
2752	43	705117	11	43712	
2816	44	721506	11	44664	
2880	45	737895	11	45550	
2944	46	754284	11	46437	
3008	47	770674	11	47322	
3072	48	787063	12	48208	
3136	49	803452	12	49184	
3200	50	819842	12	50070	
3264	50	836231	12	50955	
3328	51	852620	12	51841	
3392	52	869009	12	52728	
3456	53	885399	12	53614	
3520	54	901788	12	54500	
3584	55	918177	12	55474	
3648	56	934566	12	56361	
3712	57	950956	12	57247	
3776	58	967345	12	58133	
3840	59	983734	12	59164	
3904	60	1000124	12	60128	
3968	61	1016513	12	61013	
4032	61	1032902	12	61899	
4096	62	1049291	12	62786	
4160	63	1065681	12	63672	
4224	64	1082070	12	64557	
4288	65	1098459	12	65443	
4352	66	1114849	12	66419	
4416	67	1131238	12	67304	
4480	68	1147627	12	68190	
4544	69	1164016	12	69075	
4608	69	1180406	12	69963	
4672	70	1196795	12	70853	
4736	71	1213184	13	71817	
4800	72	1229574	14	72703	
4864	73	1245963	14	73590	
4928	74	1262352	14	74475	
4992	75	1278741	14	75361	
5056	76	1295131	14	76326	
5120	77	1311520	14	77211	
