#input	time	ios	pfs	timems	
64	0	2	4100	927	
128	1	6	8199	1858	
192	2	10	12295	2766	
256	3	15	16393	3653	
320	4	19	20489	4638	
384	5	23	24585	5635	
448	6	27	28681	6521	
512	7	32	32777	7408	
576	8	36	36873	8293	
640	9	40	40969	9179	
704	10	45	45065	10066	
768	11	49	49161	11041	
832	11	53	53257	11935	
896	12	57	57354	12821	
960	13	62	61450	13707	
1024	14	66	65546	14592	
1088	15	70	69642	15479	
1152	16	75	73738	16465	
1216	17	79	77834	17351	
1280	18	83	81930	18238	
1344	19	87	86026	19124	
1408	20	92	90122	20009	
1472	21	96	94218	21039	
1536	21	100	98316	21927	
1600	22	105	102412	22812	
1664	23	109	106508	23698	
1728	24	113	110604	24583	
1792	25	117	114700	25471	
1856	26	122	118796	26544	
1920	27	126	122892	27498	
1984	28	130	126988	28383	
2048	29	134	131084	29269	
2112	30	139	135180	30156	
2176	31	143	139276	31042	
2240	32	147	143372	32005	
2304	32	152	147469	32891	
2368	33	156	151565	33778	
2432	34	160	155661	34664	
2496	35	164	159757	35549	
2560	36	169	163853	36435	
2624	37	173	167949	37322	
2688	38	177	172045	38319	
2752	39	183	176142	39214	
2816	40	188	180238	40100	
2880	40	193	184334	40985	
2944	41	198	188430	41873	
3008	42	204	192526	42836	
3072	43	209	196622	43721	
3136	44	214	200718	44607	
3200	45	220	204814	45494	
3264	46	225	208910	46380	
3328	47	230	213006	47266	
3392	48	235	217102	48153	
3456	49	241	221198	49116	
3520	50	246	225295	50002	
3584	50	251	229391	50887	
3648	51	256	233487	51775	
3712	52	262	237583	52661	
3776	53	267	241679	53546	
3840	54	272	245775	54498	
3904	55	278	249871	55386	
3968	56	283	253967	56271	
4032	57	288	258063	57157	
4096	58	293	262159	58043	
4160	59	299	266255	59019	
4224	59	304	270351	59904	
4288	60	309	274449	60790	
4352	61	315	278545	61677	
4416	62	320	282641	62563	
4480	63	325	286737	63448	
4544	64	330	290833	64334	
4608	65	336	294929	65299	
4672	66	341	299027	66189	
4736	67	346	303123	67075	
4800	67	352	307219	67960	
4864	68	357	311315	68848	
4928	69	362	315411	69800	
4992	70	367	319507	70685	
5056	71	373	323603	71571	
5120	72	378	327699	72458	
