#input	time	ios	pfs	timems	pbo	dbo	ibo	pbu	ndo	ars	
1	1	32	4	1465	0	0	0	0	0	0	
2	1	64	0	1675	0	0	0	0	0	0	
3	1	96	0	1890	0	0	0	0	0	0	
4	2	128	0	2446	0	0	0	0	0	0	
5	4	160	0	4042	0	0	0	0	0	0	
6	14	192	0	14345	0	0	0	0	0	0	
7	5	224	0	5304	0	0	0	0	0	0	
8	3	256	0	3560	0	0	0	0	0	0	
9	3	288	0	3905	0	0	0	0	0	0	
10	4	320	0	4206	0	0	0	0	0	0	
11	4	352	0	4271	0	0	0	0	0	0	
12	4	384	0	4526	0	0	0	0	0	0	
13	5	416	0	5119	0	0	0	0	0	0	
14	4	448	0	4921	0	0	0	0	0	0	
15	5	480	0	5538	0	0	0	0	0	0	
16	5	512	0	5731	0	0	0	0	0	0	
17	6	544	0	6036	0	0	0	0	0	0	
18	6	576	0	6259	0	0	0	0	0	0	
19	6	608	0	6678	0	0	0	0	0	0	
20	6	640	0	6659	0	0	0	0	0	0	
21	7	672	0	7182	0	0	0	0	0	0	
22	7	704	0	7309	0	0	0	0	0	0	
23	7	736	0	7692	0	0	0	0	0	0	
24	8	768	0	8272	0	0	0	0	0	0	
25	8	800	0	8214	0	0	0	0	0	0	
26	8	832	0	8774	0	0	0	0	0	0	
27	8	864	0	8937	0	0	0	0	0	0	
28	8	896	0	8991	0	0	0	0	0	0	
29	9	928	0	9504	0	0	0	0	0	0	
30	9	960	0	9850	0	0	0	0	0	0	
31	10	992	0	10130	0	0	0	0	0	0	
32	10	1024	0	10265	0	0	0	0	0	0	
33	10	1056	0	10530	0	0	0	0	0	0	
34	11	1088	0	11035	0	0	0	0	0	0	
35	11	1120	0	11537	0	0	0	0	0	0	
36	11	1152	0	11928	0	0	0	0	0	0	
37	12	1184	0	12097	0	0	0	0	0	0	
38	14	1216	0	14474	0	0	0	0	0	0	
39	21	1248	0	21593	0	0	0	0	0	0	
40	28	1280	0	28554	0	0	0	0	0	0	
41	41	1312	0	41049	0	0	0	0	0	0	
42	55	1344	0	55438	0	0	0	0	0	0	
43	74	1376	1	74561	0	0	0	0	0	0	
44	81	1408	1	81475	0	0	0	0	0	0	
45	83	1440	10	83958	0	0	0	0	0	0	
46	85	1472	2	85206	0	0	0	0	0	0	
47	86	1504	0	86694	0	0	0	0	0	0	
48	88	1536	10	88650	0	0	0	0	0	0	
49	90	1568	2	90682	0	0	0	0	0	0	
50	91	1600	0	91971	0	0	0	0	0	0	
