#input	time	ios	L1	L2	L3	ins ct	pfs	
10	13	0	0	0	0	0	0	
20	26	0	0	0	0	0	0	
30	130	0	0	0	0	0	0	
40	188	0	0	0	0	0	0	
50	409	0	0	0	0	0	0	
60	432	0	0	0	0	0	0	
70	519	0	0	0	0	0	0	
80	619	0	0	0	0	0	0	
90	693	0	0	0	0	0	0	
100	763	0	0	0	0	0	0	
110	1138	0	0	0	0	0	0	
120	1163	0	0	0	0	0	0	
130	1300	0	0	0	0	0	0	
140	1858	0	0	0	0	0	0	
150	1892	0	0	0	0	0	0	
160	1955	0	0	0	0	0	0	
170	2227	0	0	0	0	0	0	
180	2306	0	0	0	0	0	0	
190	2358	0	0	0	0	0	0	
200	2612	0	0	0	0	0	0	
210	2798	0	0	0	0	0	0	
220	2879	0	0	0	0	0	0	
230	3021	0	0	0	0	0	0	
240	3927	0	0	0	0	0	0	
250	3963	0	0	0	0	0	0	
260	4114	0	0	0	0	0	0	
270	4612	0	0	0	0	0	0	
280	4699	0	0	0	0	0	0	
290	4781	0	0	0	0	0	0	
300	5681	0	0	0	0	0	0	
310	5708	0	0	0	0	0	0	
320	5800	0	0	0	0	0	0	
330	5965	0	0	0	0	0	0	
340	6056	0	0	0	0	0	0	
350	6146	0	0	0	0	0	0	
360	6724	0	0	0	0	0	0	
370	6886	0	0	0	0	0	0	
380	7266	0	0	0	0	0	0	
390	7388	0	0	0	0	0	0	
400	7659	0	0	0	0	0	0	
410	7725	0	0	0	0	0	0	
420	8188	0	0	0	0	0	0	
430	8327	0	0	0	0	0	0	
440	9324	0	0	0	0	0	0	
450	9351	0	0	0	0	0	0	
460	9502	0	0	0	0	0	0	
470	9701	0	0	0	0	0	0	
480	9869	0	0	0	0	0	0	
490	10013	0	0	0	0	0	0	
500	10072	0	0	0	0	0	0	
