#input	time	ios	L1	L2	L3	ins ct	pfs	
10	13	0	0	0	0	0	0	
20	27	0	0	0	0	0	0	
30	114	0	0	0	0	0	0	
40	147	0	0	0	0	0	0	
50	200	0	0	0	0	0	0	
60	282	0	0	0	0	0	0	
70	428	0	0	0	0	0	0	
80	526	0	0	0	0	0	0	
90	600	0	0	0	0	0	0	
100	903	0	0	0	0	0	0	
110	956	0	0	0	0	0	0	
120	1205	0	0	0	0	0	0	
130	1684	0	0	0	0	0	0	
140	1745	0	0	0	0	0	0	
150	1797	0	0	0	0	0	0	
160	1923	0	0	0	0	0	0	
170	2035	0	0	0	0	0	0	
180	2160	0	0	0	0	0	0	
190	2313	0	0	0	0	0	0	
200	2537	0	0	0	0	0	0	
210	2723	0	0	0	0	0	0	
220	3007	0	0	0	0	0	0	
230	3170	0	0	0	0	0	0	
240	3383	0	0	0	0	0	0	
250	3634	0	0	0	0	0	0	
260	3830	0	0	0	0	0	0	
270	4019	0	0	0	0	0	0	
280	4887	0	0	0	0	0	0	
290	6194	0	0	0	0	0	0	
300	6243	0	0	0	0	0	0	
310	6608	0	0	0	0	0	0	
320	6748	0	0	0	0	0	0	
330	6855	0	0	0	0	0	0	
340	7266	0	0	0	0	0	0	
350	7451	0	0	0	0	0	0	
360	7575	0	0	0	0	0	0	
370	8518	0	0	0	0	0	0	
380	8977	0	0	0	0	0	0	
390	9226	0	0	0	0	0	0	
400	9522	0	0	0	0	0	0	
410	9796	0	0	0	0	0	0	
420	10212	0	0	0	0	0	0	
430	10455	0	0	0	0	0	0	
440	11412	0	0	0	0	0	0	
450	11692	0	0	0	0	0	0	
460	12284	0	0	0	0	0	0	
470	12600	0	0	0	0	0	0	
480	13116	0	0	0	0	0	0	
490	14313	0	0	0	0	0	0	
500	14635	0	0	0	0	0	0	
