#input	time	ios	L1	L2	L3	ins ct	pfs	
10	14	0	0	0	0	0	0	
20	27	0	0	0	0	0	0	
30	95	0	0	0	0	0	0	
40	167	0	0	0	0	0	0	
50	315	0	0	0	0	0	0	
60	872	0	0	0	0	0	0	
70	907	0	0	0	0	0	0	
80	1031	0	0	0	0	0	0	
90	1216	0	0	0	0	0	0	
100	1357	0	0	0	0	0	0	
110	1647	0	0	0	0	0	0	
120	2246	0	0	0	0	0	0	
130	2472	0	0	0	0	0	0	
140	2633	0	0	0	0	0	0	
150	3413	0	0	0	0	0	0	
160	3574	0	0	0	0	0	0	
170	3730	0	0	0	0	0	0	
180	3979	0	0	0	0	0	0	
190	4170	0	0	0	0	0	0	
200	5041	0	0	0	0	0	0	
210	5424	0	0	0	0	0	0	
220	5733	0	0	0	0	0	0	
230	6093	0	0	0	0	0	0	
240	6488	0	0	0	0	0	0	
250	7279	0	0	0	0	0	0	
260	8265	0	0	0	0	0	0	
270	8501	0	0	0	0	0	0	
280	9275	0	0	0	0	0	0	
290	9581	0	0	0	0	0	0	
300	10007	0	0	0	0	0	0	
310	10332	0	0	0	0	0	0	
320	10648	0	0	0	0	0	0	
330	10990	0	0	0	0	0	0	
340	12024	0	0	0	0	0	0	
350	12375	0	0	0	0	0	0	
360	12716	0	0	0	0	0	0	
370	13143	0	0	0	0	0	0	
380	13556	0	0	0	0	0	0	
390	13954	0	0	0	0	0	0	
400	14975	0	0	0	0	0	0	
410	15827	0	0	0	0	0	0	
420	16211	0	0	0	0	0	0	
430	16628	0	0	0	0	0	0	
440	17039	0	0	0	0	0	0	
450	17643	0	0	0	0	0	0	
460	18678	0	0	0	0	0	0	
470	19970	0	0	0	0	0	0	
480	20989	0	0	0	0	0	0	
490	21432	0	0	0	0	0	0	
500	21999	0	0	0	0	0	0	
