#input	time	ios	pfs	timems	pbo	dbo	ibo	pbu	ndo	ars	
64	1	1023	0	1084	0	0	0	0	0	0	
128	2	2047	0	2377	0	0	0	0	0	0	
192	3	3071	0	3937	0	0	0	0	0	0	
256	5	4095	0	5582	0	0	0	0	0	0	
320	7	5119	0	7293	0	0	0	0	0	0	
384	8	6143	0	8384	0	0	0	0	0	0	
448	9	7167	0	9993	0	0	0	0	0	0	
512	11	8191	0	11128	0	0	0	0	0	0	
576	12	9215	0	12359	0	0	0	0	0	0	
640	13	10239	0	13640	0	0	0	0	0	0	
704	15	11263	0	15278	0	0	0	0	0	0	
768	16	12287	0	16405	0	0	0	0	0	0	
832	17	13311	0	17637	0	0	0	0	0	0	
896	19	14335	0	19165	0	0	0	0	0	0	
960	21	15359	0	21074	0	0	0	0	0	0	
1024	22	16383	0	22544	0	0	0	0	0	0	
1088	24	17407	0	24328	0	0	0	0	0	0	
1152	26	18431	0	26043	0	0	0	0	0	0	
1216	27	19455	0	27465	0	0	0	0	0	0	
1280	29	20479	0	29206	0	0	0	0	0	0	
1344	30	21503	0	30872	0	0	0	0	0	0	
1408	32	22527	0	32219	0	0	0	0	0	0	
1472	33	23551	0	33339	0	0	0	0	0	0	
1536	34	24575	0	34795	0	0	0	0	0	0	
1600	36	25599	0	36099	0	0	0	0	0	0	
1664	38	26623	0	38101	0	0	0	0	0	0	
1728	39	27647	0	39232	0	0	0	0	0	0	
1792	41	28671	0	41263	0	0	0	0	0	0	
1856	42	29695	0	42392	0	0	0	0	0	0	
1920	44	30719	0	44194	0	0	0	0	0	0	
1984	46	31743	0	46094	0	0	0	0	0	0	
2048	47	32767	0	47570	0	0	0	0	0	0	
2112	48	33791	0	48692	0	0	0	0	0	0	
2176	50	34815	0	50482	0	0	0	0	0	0	
2240	52	35839	0	52111	0	0	0	0	0	0	
2304	53	36863	0	53377	0	0	0	0	0	0	
2368	54	37887	0	54506	0	0	0	0	0	0	
2432	56	38911	0	56225	0	0	0	0	0	0	
2496	57	39935	0	57465	0	0	0	0	0	0	
2560	58	40959	0	58691	0	0	0	0	0	0	
2624	59	41983	0	59824	0	0	0	0	0	0	
2688	61	43007	0	61507	0	0	0	0	0	0	
2752	62	44031	0	62641	0	0	0	0	0	0	
2816	64	45055	0	64672	0	0	0	0	0	0	
2880	66	46079	0	66445	0	0	0	0	0	0	
2944	67	47103	0	67924	0	0	0	0	0	0	
3008	69	48127	0	69050	0	0	0	0	0	0	
3072	70	49151	0	70805	0	0	0	0	0	0	
3136	71	50175	0	71933	0	0	0	0	0	0	
3200	73	51199	0	73127	0	0	0	0	0	0	
3264	74	52223	0	74828	0	0	0	0	0	0	
3328	76	53247	0	76358	0	0	0	0	0	0	
3392	77	54271	0	77720	0	0	0	0	0	0	
3456	79	55295	0	79245	0	0	0	0	0	0	
3520	81	56319	0	81189	0	0	0	0	0	0	
3584	82	57343	0	82529	0	0	0	0	0	0	
3648	83	58367	0	83649	0	0	0	0	0	0	
3712	86	59391	0	86181	0	0	0	0	0	0	
3776	87	60415	0	87544	0	0	0	0	0	0	
3840	88	61439	0	88987	0	0	0	0	0	0	
3904	90	62463	0	90516	0	0	0	0	0	0	
3968	91	63487	0	91841	0	0	0	0	0	0	
4032	92	64511	0	92981	0	0	0	0	0	0	
4096	94	65535	0	94281	0	0	0	0	0	0	
4160	95	66559	0	95582	0	0	0	0	0	0	
4224	96	67583	0	96863	0	0	0	0	0	0	
4288	98	68607	0	98000	0	0	0	0	0	0	
4352	99	69631	0	99185	0	0	0	0	0	0	
4416	101	70655	0	101226	0	0	0	0	0	0	
4480	102	71679	0	102576	0	0	0	0	0	0	
4544	103	72703	0	103946	0	0	0	0	0	0	
4608	106	73727	0	106739	0	0	0	0	0	0	
4672	107	74751	0	107866	0	0	0	0	0	0	
4736	109	75775	0	109704	0	0	0	0	0	0	
4800	111	76799	0	111034	0	0	0	0	0	0	
4864	112	77823	0	112373	0	0	0	0	0	0	
4928	113	78847	0	113510	0	0	0	0	0	0	
4992	115	79871	0	115615	0	0	0	0	0	0	
5056	116	80895	0	116743	0	0	0	0	0	0	
5120	117	81919	0	117999	0	0	0	0	0	0	
