#input	time	ios	pfs	timems	pbo	dbo	ibo	pbu	ndo	ars	
64	1	0	0	1865	0	0	0	0	0	0	
128	3	0	0	3844	0	0	0	0	0	0	
192	5	0	0	5899	0	0	0	0	0	0	
256	7	0	0	7770	0	0	0	0	0	0	
320	9	0	0	9645	0	0	0	0	0	0	
384	11	0	0	11772	0	0	0	0	0	0	
448	13	0	0	13641	0	0	0	0	0	0	
512	15	0	0	15555	0	0	0	0	0	0	
576	17	0	0	17531	0	0	0	0	0	0	
640	19	0	0	19435	0	0	0	0	0	0	
704	21	0	0	21388	0	0	0	0	0	0	
768	23	0	0	23297	0	0	0	0	0	0	
832	25	0	0	25206	0	0	0	0	0	0	
896	27	0	0	27133	0	0	0	0	0	0	
960	29	0	0	29048	0	0	0	0	0	0	
1024	31	0	0	31151	0	0	0	0	0	0	
1088	33	0	0	33057	0	0	0	0	0	0	
1152	34	0	0	34959	0	0	0	0	0	0	
1216	36	0	0	36865	0	0	0	0	0	0	
1280	38	0	0	38774	0	0	0	0	0	0	
1344	40	0	0	40953	0	0	0	0	0	0	
1408	42	0	0	42878	0	0	0	0	0	0	
1472	44	0	0	44783	0	0	0	0	0	0	
1536	46	0	0	46726	0	0	0	0	0	0	
1600	48	0	0	48750	0	0	0	0	0	0	
1664	50	0	0	50734	0	0	0	0	0	0	
1728	52	0	0	52647	0	0	0	0	0	0	
1792	54	0	0	54566	0	0	0	0	0	0	
1856	56	0	0	56496	0	0	0	0	0	0	
1920	58	0	0	58420	0	0	0	0	0	0	
1984	60	0	0	60354	0	0	0	0	0	0	
2048	62	0	0	62267	0	0	0	0	0	0	
2112	64	0	0	64440	0	0	0	0	0	0	
2176	66	0	0	66490	0	0	0	0	0	0	
2240	68	0	0	68408	0	0	0	0	0	0	
2304	70	0	0	70514	0	0	0	0	0	0	
2368	72	0	0	72625	0	0	0	0	0	0	
2432	74	0	0	74548	0	0	0	0	0	0	
2496	76	0	0	76613	0	0	0	0	0	0	
2560	78	0	0	78527	0	0	0	0	0	0	
2624	81	0	0	81229	0	0	0	0	0	0	
2688	83	0	0	83144	0	0	0	0	0	0	
2752	85	0	0	85992	0	0	0	0	0	0	
2816	87	0	0	87885	0	0	0	0	0	0	
2880	89	0	0	89814	0	0	0	0	0	0	
2944	92	0	0	92760	0	0	0	0	0	0	
3008	94	0	0	94684	0	0	0	0	0	0	
3072	96	0	0	96607	0	0	0	0	0	0	
3136	98	0	0	98527	0	0	0	0	0	0	
3200	100	0	0	100683	0	0	0	0	0	0	
3264	102	0	0	102591	0	0	0	0	0	0	
3328	104	0	0	104507	0	0	0	0	0	0	
3392	106	0	0	106471	0	0	0	0	0	0	
3456	108	0	0	108384	0	0	0	0	0	0	
3520	110	0	0	110403	0	0	0	0	0	0	
3584	112	0	0	112356	0	0	0	0	0	0	
3648	114	0	0	114277	0	0	0	0	0	0	
3712	116	0	0	116299	0	0	0	0	0	0	
3776	118	0	0	118218	0	0	0	0	0	0	
3840	120	0	0	120277	0	0	0	0	0	0	
3904	122	0	0	122701	0	0	0	0	0	0	
3968	124	0	0	124626	0	0	0	0	0	0	
4032	126	0	0	126558	0	0	0	0	0	0	
4096	128	0	0	128469	0	0	0	0	0	0	
4160	130	0	0	130675	0	0	0	0	0	0	
4224	132	0	0	132684	0	0	0	0	0	0	
4288	134	0	0	134612	0	0	0	0	0	0	
4352	136	0	0	136776	0	0	0	0	0	0	
4416	139	0	0	139005	0	0	0	0	0	0	
4480	140	0	0	140930	0	0	0	0	0	0	
4544	142	0	0	142862	0	0	0	0	0	0	
4608	144	0	0	144783	0	0	0	0	0	0	
4672	147	0	0	147006	0	0	0	0	0	0	
4736	148	0	0	148941	0	0	0	0	0	0	
4800	150	0	0	150964	0	0	0	0	0	0	
4864	152	0	0	152905	0	0	0	0	0	0	
4928	154	0	0	154825	0	0	0	0	0	0	
4992	156	0	0	156979	0	0	0	0	0	0	
5056	159	0	0	159256	0	0	0	0	0	0	
5120	161	0	0	161208	0	0	0	0	0	0	
