#input	time	ios	pfs	timems	pbo	dbo	ibo	pbu	ndo	ars	
64	0	0	1023	943	0	0	0	0	0	0	
128	2	0	2047	2243	0	0	0	0	0	0	
192	3	0	3071	3811	0	0	0	0	0	0	
256	5	0	4095	5987	0	0	0	0	0	0	
320	7	0	5119	7501	0	0	0	0	0	0	
384	8	0	6143	8592	0	0	0	0	0	0	
448	10	0	7167	10768	0	0	0	0	0	0	
512	11	0	8191	11980	0	0	0	0	0	0	
576	13	0	9215	13235	0	0	0	0	0	0	
640	14	0	10239	14651	0	0	0	0	0	0	
704	16	0	11263	16778	0	0	0	0	0	0	
768	18	0	12287	18034	0	0	0	0	0	0	
832	20	0	13311	20636	0	0	0	0	0	0	
896	21	0	14335	21619	0	0	0	0	0	0	
960	22	0	15359	22889	0	0	0	0	0	0	
1024	24	0	16383	24375	0	0	0	0	0	0	
1088	26	0	17407	26176	0	0	0	0	0	0	
1152	27	0	18431	27732	0	0	0	0	0	0	
1216	28	0	19455	28813	0	0	0	0	0	0	
1280	30	0	20479	30071	0	0	0	0	0	0	
1344	31	0	21503	31646	0	0	0	0	0	0	
1408	33	0	22527	33002	0	0	0	0	0	0	
1472	34	0	23551	34392	0	0	0	0	0	0	
1536	36	0	24575	36129	0	0	0	0	0	0	
1600	37	0	25599	37591	0	0	0	0	0	0	
1664	38	0	26623	38577	0	0	0	0	0	0	
1728	39	0	27647	39933	0	0	0	0	0	0	
1792	41	0	28671	41254	0	0	0	0	0	0	
1856	42	0	29184	42911	0	0	0	0	0	0	
1920	43	0	29696	43907	0	0	0	0	0	0	
1984	45	0	30208	45619	0	0	0	0	0	0	
2048	46	0	30720	46759	0	0	0	0	0	0	
2112	47	0	31232	47819	0	0	0	0	0	0	
2176	48	0	31744	48821	0	0	0	0	0	0	
2240	50	0	32256	50816	0	0	0	0	0	0	
2304	52	0	32768	52034	0	0	0	0	0	0	
2368	53	0	33280	53116	0	0	0	0	0	0	
2432	54	0	33792	54115	0	0	0	0	0	0	
2496	55	0	34304	55909	0	0	0	0	0	0	
2560	56	0	34816	56991	0	0	0	0	0	0	
2624	58	0	35328	58177	0	0	0	0	0	0	
2688	59	0	35840	59175	0	0	0	0	0	0	
2752	60	0	36352	60938	0	0	0	0	0	0	
2816	62	0	36864	62119	0	0	0	0	0	0	
2880	63	0	37376	63159	0	0	0	0	0	0	
2944	64	0	37888	64166	0	0	0	0	0	0	
3008	65	0	38400	65997	0	0	0	0	0	0	
3072	67	0	38912	67003	0	0	0	0	0	0	
3136	68	0	39424	68500	0	0	0	0	0	0	
3200	69	0	39936	69510	0	0	0	0	0	0	
3264	71	0	40448	71179	0	0	0	0	0	0	
3328	72	0	40960	72336	0	0	0	0	0	0	
3392	73	0	41472	73439	0	0	0	0	0	0	
3456	74	0	41984	74477	0	0	0	0	0	0	
3520	76	0	42496	76302	0	0	0	0	0	0	
3584	77	0	43008	77316	0	0	0	0	0	0	
3648	78	0	43520	78723	0	0	0	0	0	0	
3712	79	0	44032	79741	0	0	0	0	0	0	
3776	81	0	44544	81278	0	0	0	0	0	0	
3840	82	0	45056	82694	0	0	0	0	0	0	
3904	83	0	45568	83787	0	0	0	0	0	0	
3968	84	0	46080	84823	0	0	0	0	0	0	
4032	86	0	46592	86597	0	0	0	0	0	0	
4096	87	0	47104	87608	0	0	0	0	0	0	
4160	89	0	47616	89085	0	0	0	0	0	0	
4224	90	0	48128	90099	0	0	0	0	0	0	
4288	91	0	48640	91684	0	0	0	0	0	0	
4352	92	0	49152	92697	0	0	0	0	0	0	
4416	94	0	49664	94176	0	0	0	0	0	0	
4480	95	0	50176	95189	0	0	0	0	0	0	
4544	96	0	50688	96704	0	0	0	0	0	0	
4608	97	0	51200	97725	0	0	0	0	0	0	
4672	99	0	51712	99327	0	0	0	0	0	0	
4736	100	0	52224	100347	0	0	0	0	0	0	
4800	101	0	52736	101906	0	0	0	0	0	0	
4864	102	0	53248	102920	0	0	0	0	0	0	
4928	104	0	53760	104408	0	0	0	0	0	0	
4992	105	0	54272	105428	0	0	0	0	0	0	
5056	106	0	54784	106984	0	0	0	0	0	0	
5120	108	0	55296	108003	0	0	0	0	0	0	
