#input	time	ios	pfs	timems	pbo	dbo	ibo	pbu	ndo	
0	0	0	0	0	0	0	0	0	0
10	37	208863	1860099	37001	0	0	0	0	0	
20	91	487374	4060242	91575	0	0	0	0	0	
30	119	637134	6136791	119139	0	0	0	0	0	
40	145	779451	7979869	145213	0	0	0	0	0	
50	166	856065	8079037	166596	0	0	0	0	0	
60	170	938142	8642457	170324	0	0	0	0	0	
70	188	1010643	9692702	188187	0	0	0	0	0	
80	228	1053886	19403428	228397	0	0	0	0	0	
90	231	1030471	19162234	231104	0	0	0	0	0	
100	237	1094490	19418248	237281	0	0	0	0	0	
110	250	1174830	19007460	250504	0	0	0	0	0	
120	262	1394955	10259327	262095	0	0	0	0	0	
130	301	1573995	12400394	301708	0	0	0	0	0	
140	310	1611201	13711997	310226	0	0	0	0	0	
150	329	1638459	14706701	329177	0	0	1	0	0	
160	329	1727805	14813873	329881	0	0	0	0	0	
170	333	1715619	15480963	333042	0	0	0	0	0	
180	342	1805961	15695675	342861	0	0	0	0	0	
190	365	1876369	16939503	365416	0	0	0	0	0	
200	356	1851783	16298145	356652	0	0	0	0	0	
210	322	1642995	15848486	322535	0	0	0	0	0	
220	319	1689978	14349643	319425	0	0	0	0	0	
230	372	1998183	14164360	372980	0	0	0	0	0	
240	379	1991604	16753078	379450	0	0	0	0	0	
250	386	2026275	17502262	386589	0	0	0	0	0	
260	405	2115525	17727111	405721	0	0	0	0	0	
270	415	2173725	18615007	415674	0	0	0	0	0	
280	422	2263365	18824147	422634	0	0	0	0	0	
290	433	2286783	19568177	433963	0	0	0	0	0	
300	427	2249001	18977891	427966	0	0	0	0	0	
310	432	2298942	19907873	432007	0	0	0	0	0	
320	438	2350782	19837663	438624	0	0	0	0	0	
330	435	2277432	20172647	435549	0	0	0	0	0	
340	456	2308168	20390967	456921	0	0	3	0	0	
350	443	2338767	21021456	443657	0	0	0	0	0	
360	451	2354022	20762625	451007	0	0	0	0	0	
370	459	2394378	21812928	459190	0	0	0	0	0	
380	476	2429655	23238648	476973	0	0	0	0	0	
390	483	2494794	24011168	483529	0	0	0	0	0	
400	493	2489337	24335195	493192	0	0	0	0	0	
410	496	2552298	24386085	496833	0	0	0	0	0	
420	500	2549166	24817114	500654	0	0	0	0	0	
430	516	2601459	24815444	516129	0	0	0	0	0	
440	513	2603127	25207340	513352	0	0	0	0	0	
450	520	2691231	25396467	520785	0	0	0	0	0	
460	535	2720589	26056900	535646	0	0	0	0	0	
470	538	2761452	25900052	538060	0	0	0	0	0	
480	493	2450607	25050591	493301	0	0	0	0	0	
490	508	2508704	25245731	508883	0	0	1	0	0	
500	495	2474007	25426303	495236	0	0	0	0	0	
510	488	2557431	18575354	488882	0	0	0	0	0	
520	513	2588394	22038745	513839	0	0	0	0	0	
530	525	2645373	22778234	525724	0	0	0	0	0	
540	533	2712831	22846458	533648	0	0	0	0	0	
550	527	2658573	23072472	527999	0	0	0	0	0	
560	532	2698908	23014164	532871	0	0	0	0	0	
570	530	2670603	23326890	530390	0	0	0	0	0	
580	545	2735337	23401748	545534	0	0	0	0	0	
590	545	2755509	24019682	545030	0	0	0	0	0	
600	576	2806299	24350563	576419	2	0	2	0	0	
610	554	2810820	24598281	554076	0	0	0	0	0	
620	573	2872287	24611330	573186	0	0	0	0	0	
630	570	2895651	25278303	570993	0	0	0	0	0	
640	581	2955588	25306006	581453	0	0	0	0	0	
650	585	2977161	25913212	585935	0	0	0	0	0	
660	604	3040830	25919156	604982	0	0	0	0	0	
670	608	3068315	26729753	608333	0	0	0	0	0	
680	621	3150084	26897131	621438	0	0	0	0	0	
690	615	3121752	27360101	615327	0	0	0	0	0	
700	718	3251884	28913177	718339	2	0	5	5	4	
710	624	3160902	27971252	624133	0	0	0	0	0	
720	856	3290941	31464269	856035	1	0	2	28	8	
730	599	2983986	27267251	599249	0	0	0	0	0	
740	602	3040482	24336561	602275	0	0	0	0	0	
750	606	3063831	25536657	606861	0	0	0	0	0	
760	624	3095961	26063806	624684	0	0	0	0	0	
770	618	3031716	25731275	618262	0	0	0	0	0	
780	614	3051948	26163557	614686	0	0	0	0	0	
790	631	3109788	26505802	631994	0	0	0	0	0	
800	631	3114396	26789516	631458	0	0	0	0	0	
810	635	3170724	27088725	635588	0	0	0	0	0	
820	648	3200088	27579482	648013	0	0	0	0	0	
830	658	3254499	27831369	658322	0	0	0	0	0	
840	669	3288294	28438026	669308	0	0	0	0	0	
850	666	3327669	28498462	666219	0	0	0	0	0	
860	672	3327798	28828236	672668	0	0	0	0	0	
870	680	3394227	29141877	680030	0	0	0	0	0	
880	688	3395898	29531345	688289	0	0	0	0	0	
890	682	3407232	29518753	682509	0	0	0	0	0	
900	683	3377580	29725043	683167	0	0	0	0	0	
910	692	3414804	29779333	692081	0	0	0	0	0	
920	683	3330504	29433439	683799	0	0	0	0	0	
930	681	3377307	29505828	681600	0	0	0	0	0	
940	684	3357915	29827915	684504	0	0	0	0	0	
950	698	3437544	30056910	698516	0	0	0	0	0	
960	705	3470340	30704780	705874	0	0	0	0	0	
970	712	3534633	30839252	712682	0	0	0	0	0	
980	703	3459120	30848444	703297	0	0	0	0	0	
990	714	3536850	31033314	714617	0	0	0	0	0	
1000	728	3576056	32000147	728777	0	0	0	0	0	
1010	727	3621585	31905085	727414	0	0	0	0	0	
1020	732	3628833	32485576	732331	0	0	0	0	0	
1030	730	3633702	32246567	730426	0	0	0	0	0	
