#input	time	ios	pfs	timems	pbo	dbo	ibo	pbu	ndo	ars	
0	0	0	0	0	0	0	0	0	0	0
25	27	11989	0	27075	0	0	0	0	0	0	
50	46	28567	1	46757	0	0	0	0	0	0	
75	57	32427	2	57351	0	0	0	0	0	0	
100	65	34353	2	65938	0	0	0	0	0	0	
125	73	35222	2	73330	0	0	0	0	0	0	
150	80	42761	0	80408	0	0	0	0	0	0	
175	79	37175	1	79436	0	0	0	0	0	0	
200	87	43515	0	87726	0	0	0	0	0	0	
225	127	60366	13	127686	0	0	0	0	0	0	
250	153	63222	13	153008	0	0	0	0	0	0	
275	172	70590	20	172375	0	0	0	0	0	0	
300	177	74045	17	177476	0	0	0	0	0	0	
325	177	77032	1259	177050	1	0	1	0	0	0	
350	139	63964	11	139534	0	0	0	0	0	0	
375	142	65704	5	142446	0	0	0	0	0	0	
400	145	71909	4	145660	0	0	0	0	0	0	
425	150	72202	3	150986	0	0	0	0	0	0	
450	168	73368	963	168330	0	0	0	0	0	0	
475	156	70700	92	156485	0	0	0	0	0	0	
500	157	75900	4	157164	0	0	0	0	0	0	
525	157	75939	2	157164	0	0	0	0	0	0	
550	174	79667	16	174427	0	0	0	0	0	0	
575	180	80536	573	180320	0	0	0	0	0	0	
600	163	80334	3	163701	0	0	0	0	0	0	
625	364	78221	7419	364437	0	0	0	0	0	0	
650	181	80813	55	181141	0	0	0	0	0	0	
675	169	84301	4	169728	0	0	0	0	0	0	
700	177	86159	17	177698	0	0	0	0	0	0	
725	169	84875	945	169647	0	0	0	0	0	0	
750	170	81765	20	170834	0	0	0	0	0	0	
775	171	84677	8	171076	0	0	0	0	0	0	
800	177	83363	18	177204	0	0	0	0	0	0	
825	185	86929	174	185527	0	0	0	0	0	0	
850	189	84195	1565	189461	0	0	0	0	0	0	
875	182	89056	4	182610	0	0	0	0	0	0	
900	197	91310	34	197846	0	0	0	0	0	0	
925	179	93158	3	179905	0	0	0	0	0	0	
950	201	94964	11	201740	0	0	0	0	0	0	
975	202	99236	1489	202279	0	0	0	0	0	0	
1000	213	99071	14	213689	0	0	0	0	0	0	
1025	214	99205	15	214005	0	0	0	0	0	0
