#input	time	ios	pfs	timems	pbo	dbo	ibo	pbu	ndo	ars	
10	4	323	0	4409	0	0	0	0	0	0	
20	8	641	0	8678	0	0	0	0	0	0	
30	11	800	0	11596	0	0	0	0	0	0	
40	12	800	0	12093	0	0	0	0	0	0	
50	13	800	0	13207	0	0	0	0	0	0	
60	16	800	0	16750	0	0	0	0	0	0	
70	15	800	0	15061	0	0	0	0	0	0	
80	16	800	0	16366	0	0	0	0	0	0	
90	15	800	0	15371	0	0	0	0	0	0	
100	16	800	0	16295	0	0	0	0	0	0	
110	18	800	0	18016	0	0	0	0	0	0	
120	17	800	0	17350	0	0	0	0	0	0	
130	20	800	0	20254	0	0	0	0	0	0	
140	19	800	0	19921	0	0	0	0	0	0	
150	29	800	0	29680	0	0	0	0	0	0	
160	61	800	0	61668	0	0	0	0	0	0	
170	131	800	0	131254	0	0	0	0	0	0	
180	94	800	0	94335	0	0	0	0	0	0	
190	115	800	2	115132	0	0	0	0	0	0	
200	139	800	2	139718	0	0	0	0	0	0	
210	128	800	8	128461	0	0	0	0	0	0	
220	203	800	7	203420	0	0	0	0	0	0	
230	192	800	8	192231	0	0	0	0	0	0	
240	219	800	8	219571	0	0	0	0	0	0	
250	240	800	8	240895	0	0	0	0	0	0	
260	293	800	8	293535	0	0	0	0	0	0	
270	351	800	9	351381	0	0	0	0	0	0	
280	400	800	8	400119	0	0	0	0	0	0	
290	459	800	8	459855	0	0	0	0	0	0	
300	516	800	8	516147	0	0	0	0	0	0	
310	575	800	8	575850	0	0	0	0	0	0	
320	625	800	9	625749	0	0	0	0	0	0	
330	716	800	8	716112	0	0	0	0	0	0	
340	757	800	9	757559	0	0	0	0	0	0	
350	794	800	9	794800	0	0	0	0	0	0	
360	870	800	9	870499	0	0	0	0	0	0	
