#input	time	ios	pfs	timems	
16	0	241066	1	284	
32	0	242093	3	564	
48	0	243120	3	847	
64	1	244148	3	1127	
80	1	245175	3	1410	
96	1	246202	3	1691	
112	1	247230	3	1974	
128	2	248257	3	2346	
144	2	249284	3	2662	
160	2	250312	3	2943	
176	3	251339	4	3226	
192	3	252366	5	3507	
208	3	253394	5	3789	
224	4	254421	5	4070	
240	4	255448	5	4353	
256	4	256476	5	4650	
272	4	257503	5	4934	
288	5	258530	5	5213	
304	5	259558	5	5496	
320	5	260585	5	5777	
336	6	261612	5	6060	
352	6	262640	5	6340	
368	6	263667	5	6623	
384	6	264694	5	6904	
400	7	265722	5	7188	
416	7	266749	5	7601	
432	7	267776	5	7883	
448	8	268803	5	8164	
464	8	269831	5	8464	
480	8	270858	5	8745	
496	9	271885	5	9028	
512	9	272913	5	9308	
528	9	273940	5	9591	
544	9	274967	6	9872	
560	10	275995	6	10155	
576	10	277022	6	10435	
592	10	278049	6	10718	
608	10	279077	6	10998	
624	11	280104	6	11281	
640	11	281131	6	11561	
656	11	282159	6	11850	
672	12	283186	6	12132	
688	12	284213	6	12413	
704	12	285241	6	12780	
720	13	286268	7	13060	
736	13	287295	7	13344	
752	13	288323	7	13623	
768	13	289351	7	13907	
784	14	290379	7	14187	
800	14	291408	7	14471	
816	14	292436	7	14751	
832	15	293464	7	15033	
848	15	294492	7	15314	
864	15	295521	7	15597	
880	15	296549	7	15878	
896	16	297577	7	16161	
912	16	298606	7	16441	
928	16	299634	7	16724	
944	17	300662	7	17005	
960	17	301691	7	17288	
976	17	302719	7	17567	
992	17	303747	7	17932	
1008	18	304776	7	18215	
1024	18	305804	7	18496	
