#input	time	ios	pfs	timems	
16	0	1	386	306	
32	0	4	772	587	
48	0	7	1156	911	
64	1	11	1540	1192	
80	1	14	1924	1475	
96	1	17	2308	1756	
112	2	21	2692	2038	
128	2	24	3076	2318	
144	2	27	3460	2602	
160	2	31	3844	2882	
176	3	34	4228	3165	
192	3	37	4613	3445	
208	3	41	4997	3728	
224	4	44	5382	4017	
240	4	47	5766	4300	
256	4	51	6150	4581	
272	4	54	6534	4863	
288	5	57	6918	5144	
304	5	61	7302	5511	
320	5	64	7686	5791	
336	6	67	8070	6075	
352	6	71	8454	6354	
368	6	74	8838	6637	
384	6	77	9222	6918	
400	7	81	9606	7202	
416	7	84	9990	7481	
432	7	87	10376	7831	
448	8	90	10760	8112	
464	8	94	11145	8395	
480	8	97	11529	8676	
496	8	100	11913	8958	
512	9	104	12297	9238	
528	9	107	12681	9522	
544	9	110	13065	9802	
560	10	114	13449	10085	
576	10	117	13833	10365	
592	10	120	14217	10732	
608	11	124	14601	11013	
624	11	127	14985	11296	
640	11	130	15369	11576	
656	11	134	15753	11865	
672	12	137	16137	12147	
688	12	140	16522	12427	
704	12	144	16906	12711	
720	12	147	17290	12991	
736	13	150	17674	13273	
752	13	154	18058	13554	
768	13	157	18442	13837	
784	14	161	18826	14118	
800	14	166	19210	14402	
816	14	170	19594	14681	
832	14	174	19978	14964	
848	15	178	20362	15245	
864	15	183	20748	15561	
880	15	187	21132	15934	
896	16	191	21516	16216	
912	16	196	21900	16497	
928	16	200	22284	16780	
944	17	204	22668	17061	
960	17	209	23052	17344	
976	17	213	23436	17623	
992	17	217	23820	17904	
1008	18	222	24204	18187	
1024	18	226	24588	18468	
