#input	time	ios	pfs	timems	
16	0	241066	1	284	
32	0	242093	3	564	
48	0	243120	3	847	
64	1	244148	3	1127	
80	1	245175	3	1410	
96	1	246202	3	1691	
112	1	247230	3	1974	
128	2	248257	3	2338	
144	2	249284	3	2621	
160	2	250312	3	2901	
176	3	251339	4	3184	
192	3	252366	5	3465	
208	3	253394	5	3747	
224	4	254421	5	4028	
240	4	255448	5	4311	
256	4	256476	5	4592	
272	4	257503	5	4875	
288	5	258530	5	5155	
304	5	259558	5	5438	
320	5	260585	5	5719	
336	6	261612	5	6002	
352	6	262640	5	6282	
368	6	263667	5	6565	
384	6	264694	5	6845	
400	7	265722	5	7129	
416	7	266749	5	7518	
432	7	267776	5	7800	
448	8	268803	5	8081	
464	8	269831	5	8364	
480	8	270858	5	8645	
496	8	271885	5	8928	
512	9	272913	5	9207	
528	9	273940	5	9491	
544	9	274967	6	9771	
560	10	275995	6	10054	
576	10	277022	6	10335	
592	10	278049	6	10617	
608	10	279077	6	10898	
624	11	280104	6	11181	
640	11	281131	6	11460	
656	11	282159	6	11750	
672	12	283186	6	12032	
688	12	284213	6	12313	
704	12	285241	6	12680	
720	12	286268	7	12977	
736	13	287295	7	13260	
752	13	288323	7	13540	
768	13	289351	7	13823	
784	14	290379	7	14104	
800	14	291408	7	14387	
816	14	292436	7	14668	
832	14	293464	7	14950	
848	15	294492	7	15230	
864	15	295521	7	15514	
880	15	296549	7	15794	
896	16	297577	7	16077	
912	16	298606	7	16357	
928	16	299634	7	16640	
944	16	300662	7	16921	
960	17	301691	7	17204	
976	17	302719	7	17484	
992	17	303747	7	17848	
1008	18	304776	7	18131	
1024	18	305804	7	18412	
