#input	time	ios	pfs	timems	
16	0	1	385	306	
32	0	4	771	587	
48	0	7	1155	911	
64	1	11	1539	1192	
80	1	14	1923	1475	
96	1	17	2307	1755	
112	2	21	2691	2038	
128	2	24	3075	2318	
144	2	27	3459	2601	
160	2	31	3843	2882	
176	3	34	4227	3165	
192	3	37	4612	3445	
208	3	41	4996	3728	
224	4	44	5381	4009	
240	4	47	5765	4292	
256	4	51	6149	4573	
272	4	54	6533	4855	
288	5	57	6917	5136	
304	5	61	7301	5502	
320	5	64	7685	5783	
336	6	67	8069	6066	
352	6	71	8453	6346	
368	6	74	8837	6629	
384	6	77	9221	6910	
400	7	81	9605	7193	
416	7	84	9989	7473	
432	7	87	10376	7822	
448	8	90	10760	8103	
464	8	94	11145	8386	
480	8	97	11529	8667	
496	8	100	11913	8949	
512	9	104	12297	9230	
528	9	107	12681	9513	
544	9	110	13065	9794	
560	10	114	13449	10077	
576	10	117	13833	10399	
592	10	120	14217	10723	
608	11	124	14601	11004	
624	11	127	14985	11287	
640	11	130	15369	11568	
656	11	134	15753	11856	
672	12	137	16137	12138	
688	12	140	16522	12419	
704	12	144	16906	12702	
720	12	147	17290	12983	
736	13	150	17674	13265	
752	13	154	18058	13546	
768	13	157	18442	13829	
784	14	161	18826	14126	
800	14	166	19210	14418	
816	14	170	19594	14697	
832	14	174	19978	14981	
848	15	178	20362	15261	
864	15	183	20749	15544	
880	15	187	21133	15917	
896	16	191	21517	16199	
912	16	196	21901	16480	
928	16	200	22285	16763	
944	17	204	22669	17044	
960	17	209	23053	17327	
976	17	213	23437	17657	
992	17	217	23821	17937	
1008	18	222	24205	18221	
1024	18	226	24589	18501	
